out/climate_turnover.asc
NCOLS 470 
NROWS 479 
XLLCORNER 143.8 
YLLCORNER -43.7425 
CELLSIZE 0.00999999999999998 
NODATA_value -9999 
[rows 198 to 219 of 479, columns 96 to 143 of 470]
0.244521444559934 0.244473080758716 0.244240067055255 0.2394341007249 0.241992251440953 0.246769280165938 0.24449361548827 0.246994983680296 0.242672210737951 0.241520914579035 0.242009194045075 0.243429961960985 0.240799082859918 0.242257235584285 0.24457881064123 0.240856437477843 0.242472100129522 0.246343814875445 0.245692397687418 0.239600682211076 0.241651398775779 0.23988924641679 0.239118311693765 0.23511663815995 0.232850740961814 0.236146542493944 0.242561496173414 0.241484294505109 0.239901320404927 0.236855239977906 0.23464526852293 0.235732683687079 0.23667866186943 0.231884612959557 0.221636928676713 0.219650867774641 0.217796216629152 0.21727034254051 0.216467756916028 0.21595743974662 0.221146447042167 0.217599093152501 0.218358276062753 0.215683165014822 0.211723632551175 0.215678957600166 0.210711362307031 0.210669208620504
0.245339174831577 0.246006334633255 0.242410622940118 0.241966791642404 0.238887185059535 0.243666696676953 0.244370443777637 0.243427053322194 0.245432347822461 0.247952752140178 0.244743274948048 0.245345966975863 0.244754641606737 0.242048228363604 0.241924183535969 0.246759492763561 0.24485556102986 0.244555756664293 0.240789591214355 0.240187098511737 0.243825162251649 0.242124416297068 0.237392888458519 0.236825036030582 0.238896416955845 0.234729293549902 0.238984080366022 0.239938220767105 0.240172538158673 0.237254692963516 0.23831817532923 0.237837376231207 0.237012449502795 0.234691433251849 0.223293865999426 0.215721042417743 0.220465456417498 0.215983539457175 0.217218834473023 0.221914547571167 0.223887353127614 0.223435262100696 0.222693137559952 0.221725721831778 0.217424601521171 0.215508912412263 0.213634750017337 0.211887769069584
0.243969399933546 0.245445750473017 0.242478195649484 0.2412374471754 0.24252226254212 0.243741595012926 0.248090174593754 0.246798506927114 0.247835143221974 0.24725642429145 0.242125274581776 0.247861952590602 0.244836724061359 0.242903428954894 0.241072061116683 0.236867930737665 0.235464392573582 0.231607940778369 0.236297047246222 0.238176707845766 0.241427145573521 0.241704508207301 0.239448448566435 0.237961771840816 0.239077629788014 0.226346742556811 0.238804886942293 0.240342829282564 0.239638299645482 0.239452347143277 0.243204317591762 0.242192624314034 0.236891060127937 0.230737207018854 0.223251446778716 0.226063831690317 0.214950816940257 0.220801201783524 0.229115125370291 0.228687607089967 0.223050221960328 0.22186741500221 0.221925504180051 0.224566544581898 0.218076533670888 0.216055221568763 0.214905695900596 0.212374844745578
0.242029547259428 0.242405113906912 0.243192544171813 0.245221157189053 0.244707620793916 0.245606451298964 0.246422760117076 0.24932951618677 0.248677992735666 0.250431073853442 0.249408171046535 0.250472422007219 0.248210454654 0.245052027129679 0.245195378438723 0.243034058821077 0.241818759975019 0.242673632654613 0.236330139746041 0.239512092600074 0.245261848031963 0.238234169764164 0.239370960205931 0.235278524648084 0.23316085827135 0.241282490707695 0.244459931033501 0.242231242687709 0.240789240507657 0.242953788422901 0.247341487342331 0.245424252146396 0.241649138717461 0.235127488646044 0.224468680306748 0.222143294182384 0.221464613686447 0.229290237496586 0.219622331875362 0.224513055295227 0.224013678683438 0.228786754712719 0.224107981574062 0.221692553160253 0.223802426835802 0.223129396133077 0.219977293504694 0.213472711921693
0.242638467646496 0.244583898631212 0.247031629428618 0.244147445154488 0.246064823758815 0.248174426431101 0.250976413529214 0.254752204400146 0.253655795906314 0.249757968980512 0.246150268596589 0.247188918842997 0.251512389222542 0.25098154771937 0.245573266133786 0.245578774612518 0.24705873670967 0.248764260847589 0.248169250593068 0.24887041994353 0.245012787500132 0.246089471869944 0.240118381612917 0.233595067720157 0.228023114528401 0.242068015826703 0.24475403388872 0.244244639291862 0.248729221918916 0.250234309385875 0.248403695985953 0.246113624888997 0.237396093024068 0.231917187047509 0.228075786580256 0.230169778726715 0.221622847953851 0.210465783090627 0.213846625356455 0.211576567740666 0.218373009846082 0.222120946474757 0.228228836066529 0.227623407643817 0.225558333507879 0.220468279093071 0.216768636181929 0.21877169489381
0.248316669607841 0.248886761112079 0.249697776259449 0.247829583969061 0.250409717565794 0.245846505634214 0.245833627048102 0.251094379403931 0.255905770248836 0.247433224425248 0.246484271032227 0.251697801594 0.255658691535905 0.255385034892403 0.253157324282271 0.250039348366477 0.247453768410533 0.247270243204743 0.247117817327264 0.24580982468446 0.241396399113874 0.242891549317892 0.234271902494865 0.241311523374463 0.237166557530241 0.231742729027191 0.239137608760269 0.248166136110587 0.251429760759768 0.250387087279033 0.248220268012538 0.242056699087415 0.235296836576254 0.223753199335447 0.233446040852765 0.230268988162646 0.233411361224404 0.232180098400934 0.230674020870247 0.230834394883412 0.22312142003928 0.224663541555427 0.226471964691002 0.226406261044849 0.221313286078 0.221115110691476 0.224322236386641 0.223515658223896
0.249776236024259 0.25192017784792 0.249486907133022 0.248042778786212 0.249350008406031 0.252491100788931 0.252487692323477 0.250855816907676 0.252036702207089 0.250569115510704 0.252432753736253 0.255760504999432 0.256889367452686 0.255285345101155 0.256735212363913 0.257840788286334 0.249456778134628 0.24971219880378 0.253641849546318 0.248977213122603 0.240820826086974 0.246600946069317 0.2439725881295 0.237695989836968 0.240245756019163 0.230645119960484 0.24692687125975 0.253133597254534 0.250883500929352 0.250263870919016 0.246656290783683 0.23205275641136 0.218980649926476 0.22175792656339 0.220858476578126 0.219475635768435 0.219309996751587 0.211221908791459 0.218512448731195 0.225037885736446 0.228192080275592 0.225960366290431 0.219353177949633 0.217787509739431 0.222240200230342 0.224821333572421 0.224156874429123 0.221550978945893
0.243908585056449 0.247491692569478 0.253204976382494 0.253023900034206 0.251051369211691 0.248247220482053 0.254860715121805 0.256539415892682 0.254301736018142 0.256833644964238 0.255241066303523 0.257045859741255 0.257479578716617 0.256484176808592 0.259032348476557 0.25936825841507 0.258465427052704 0.252028298436542 0.253716071434704 0.250986748841339 0.243716757446081 0.233870328014444 0.237840113289347 0.235880161537248 0.228958643976748 0.234250781853402 0.252050232748009 0.25277401605716 0.24996319611144 0.245745875993137 0.237761188942324 0.224042967456042 0.233667948758804 0.233844104504326 0.221976331551751 0.224507577894955 0.22108215973921 0.228311081733044 0.231082472569279 0.224422314976193 0.218629798954843 0.214785036732215 0.223960105004577 0.226367839116539 0.227684531160471 0.228269051520675 0.226568331469518 0.219306751085505
0.246215036654983 0.247637473092054 0.250500589270378 0.253629904848999 0.254060082543473 0.25424990892176 0.249965386686427 0.253781212463655 0.256456300895228 0.259996948626393 0.256094883066475 0.259920020940573 0.259675047391086 0.259185519339565 0.26001847283143 0.260301823830117 0.260027117622803 0.255804775093172 0.249688496491328 0.246187090246086 0.231597464017396 0.241797067925439 0.243732692349092 0.229599452238312 0.235531593790627 0.247693817846513 0.247652832108426 0.247210366893179 0.248412722855834 0.232109513109996 0.232139915124167 0.238342021187557 0.237856296938465 0.226445372676999 0.23172287806803 0.229401571394943 0.225653048693037 0.224426094108636 0.221978371997348 0.23251046661509 0.229762517908522 0.231821555397491 0.232664077547018 0.230417497386679 0.22766134139178 0.226839133779535 0.217620381616264 0.218409930438855
0.244528739389726 0.246974045657928 0.248617422258713 0.252214429867875 0.254219282126253 0.256641197503103 0.255946417262912 0.252663798303462 0.252039377127506 0.249075688448063 0.251098977129926 0.256567277612003 0.25857439144587 0.25969044748614 0.259451820359671 0.260713108077594 0.260544121783103 0.259041578927818 0.250842822925367 0.247469108749955 0.244771004793201 0.239862832483217 0.231529424570162 0.243359170634302 0.247441612539387 0.252159382047621 0.253615179465566 0.245371515686381 0.24252734180913 0.231692242017194 0.235015078354186 0.238339410777771 0.23893226604675 0.237114255691429 0.238337810478652 0.229180139500135 0.232659378077961 0.230549318463562 0.231889420185217 0.236021907485936 0.232889195277278 0.228878076014 0.224774192253972 0.222990862086808 0.222391046435984 0.213356028976086 0.215947053362299 0.22477595967196
0.241515444285258 0.246415079321601 0.24745471037021 0.243657533912698 0.244509826722625 0.255512801177329 0.246641102263824 0.24790596405971 0.24836946905278 0.250017857986369 0.25293426936481 0.256231660008539 0.25578956031788 0.2526262795807 0.258579363075329 0.261026167185641 0.260405514941131 0.260030160918179 0.259678092134426 0.254838974267959 0.247598536020051 0.241780956657807 0.238115744889185 0.242748877578245 0.253975423074516 0.251329987674724 0.247550761639304 0.241268742764502 0.232163553946548 0.231301697084316 0.23381854228252 0.233504419252634 0.237775443404494 0.235972976796355 0.23555654069619 0.233724289205086 0.230769073245499 0.2362157779082 0.230133700440864 0.226365798654744 0.226681694880524 0.2227061333247 0.22306154462772 0.220519317809035 0.212017092788411 0.21445793643839 0.221877386706324 0.220330966733956
0.244849349608301 0.246348149778965 0.243172943953417 0.242587556745952 0.24264906471909 0.244390001723857 0.246637004791015 0.25064835512366 0.254322225840576 0.258054550741824 0.25035547522144 0.245680550572017 0.248134945761519 0.250341009188662 0.253371356519712 0.258703885993622 0.259649916748647 0.258384273423067 0.255135297017712 0.250436211781635 0.253929954662153 0.246987779989099 0.240759848448015 0.248304326054664 0.25591149156676 0.250995432179081 0.234514263224021 0.23669414223588 0.239388154077843 0.235977018421554 0.229905088860598 0.229696175489533 0.225668348816631 0.231164815109997 0.229573989481962 0.227934936299609 0.231651758426135 0.234986340522902 0.232258239241947 0.227986901126921 0.221561940674369 0.217038039527225 0.221696264410516 0.211345301334857 0.211915648327731 0.222935515658121 0.224958501850419 0.220340086790161
0.240108383233518 0.240385050866032 0.238104777850799 0.24134263503026 0.237365899118638 0.238974214483898 0.251574956814089 0.25543884674184 0.252150801354326 0.251651279962895 0.260651062049003 0.245573209924612 0.247997553901944 0.258339991002561 0.253435493043517 0.254034583446692 0.254826582363674 0.256299662260821 0.253758161329323 0.258626647129148 0.257755230667711 0.258218490863828 0.256777541751669 0.253382849210941 0.252900048361557 0.245485900780673 0.220660859000472 0.220526600484907 0.225226739117055 0.229331511577999 0.238233386531276 0.241413558504951 0.236532509918437 0.234770857894864 0.230589630839085 0.226678364627885 0.229878913237279 0.231865578339691 0.232150579000547 0.223032137766904 0.21594826842449 0.220111983650262 0.218007250380577 0.215961891012066 0.223491371326082 0.221136349911282 0.215540836683359 0.221145089159769
0.235293144598648 0.232115394511874 0.23835211090474 0.23863674700768 0.24999256716631 0.254628750356363 0.256121797081143 0.257634774130016 0.251682592059661 0.252758561162985 0.24924171322227 0.254294146640589 0.247267842859763 0.241730779051021 0.247991939820445 0.245122446350225 0.251683216504106 0.24848767752659 0.24832253888507 0.254441364558124 0.251397233339213 0.250110352763094 0.254814145836777 0.255231189220127 0.244484552806368 0.242263118301177 0.238294964340819 0.239971314043267 0.229577123581699 0.229117905238585 0.227317107255235 0.227617238630037 0.228862643967549 0.230165809624463 0.224249183230647 0.223303032413392 0.2167215537237 0.212473108576044 0.208955258186388 0.209171741087186 0.214049496016184 0.213977021447824 0.218489938482882 0.224117311803435 0.223457062908257 0.223932686523831 0.225099421707941 0.21967815846738
0.23737786545751 0.23937539188709 0.243835979342101 0.240050700319793 0.24205143595549 0.247909763248357 0.258162293219876 0.259494723304926 0.253106263496496 0.260312361132903 0.257906852015196 0.249312972114741 0.253328833136559 0.248535504397775 0.253004988546462 0.24741081828228 0.235166170744127 0.239682645037924 0.233296779361409 0.242495262844442 0.2417961188841 0.24798954177685 0.25183035899843 0.243053087387738 0.237609768519903 0.233335702558894 0.231599307479682 0.232878095849636 0.236556479937496 0.23342369803088 0.228587527125959 0.227189292702143 0.231421581958285 0.226090425288169 0.226277500297016 0.217752273237474 0.216322768319644 0.210137460230972 0.210738048284661 0.219013235913321 0.224268360350044 0.225330752775944 0.227766489616956 0.226344563699014 0.220731590927784 0.223376325113009 0.223114242642498 0.223438143452718
0.238904945586097 0.234118476478848 0.243277322238779 0.238472167145963 0.235670203984297 0.229359600576341 0.22923444391994 0.253908231122139 0.250332742758884 0.256566180888122 0.258656109756371 0.251982510717694 0.23654583174476 0.240223407601294 0.238166638509383 0.235276803965214 0.236001893869277 0.229082306084766 0.23803220522912 0.244368721032727 0.24539265569076 0.250492011881239 0.242211425610214 0.240524455979131 0.236779796105377 0.233222903250761 0.232079018348804 0.240831640904533 0.236451060837385 0.239224054064339 0.229529892609846 0.235998763136656 0.227286053717551 0.233534754619014 0.224346716902037 0.231702259544917 0.21510639854054 0.227152844408702 0.226332735506757 0.227472102970801 0.226646974275515 0.221736936234168 0.227006469637561 0.222240860832938 0.221809101164588 0.221108541504037 0.218098275193785 0.225291630963806
0.235975356234624 0.239440787351394 0.225786793389609 0.243183601212231 0.24989873893172 0.249857493266306 0.239001339682098 0.225662337265664 0.222567071999505 0.239229291483902 0.255668485309964 0.251756919589681 0.249538416642675 0.233493214508345 0.234276192732263 0.241738970848391 0.236729173794347 0.247526071601242 0.256784219872891 0.247134993142869 0.25003762737068 0.245017107559255 0.248507789595101 0.227876501889948 0.232137260573978 0.228730924687715 0.241035430681149 0.234007002244812 0.219205500467884 0.221698514347372 0.214676236879377 0.213932383251765 0.214083599383107 0.217282694175118 0.218249353923731 0.208611024103337 0.211734732663411 0.223687172213055 0.213967135904752 0.216053188952501 0.217396532311636 0.221344173546472 0.224083586020353 0.223282303663887 0.216415320310205 0.214461541720702 0.218528693437756 0.225245684265293
0.24259379805791 0.245177191068162 0.244985269043306 0.22870150254621 0.230185976122592 0.231959510696217 0.249031353768988 0.250902879135814 0.24033816552138 0.22218659683407 0.218094779812881 0.233088877519991 0.242592816155098 0.24089318966799 0.22909081832627 0.217682110222648 0.231038473496627 0.252021131751256 0.249691079185307 0.255476845550409 0.250459667093396 0.238283477761218 0.218051843609317 0.22750374760858 0.218744197874483 0.217201559382533 0.220997448850606 0.215822324221757 0.214508420589782 0.214079559054616 0.225134165606563 0.224900477410573 0.215596207191643 0.209748876610868 0.209474055599681 0.216354577730907 0.216471271245763 0.209483985870375 0.21587030201255 0.210258221624556 0.210898474442991 0.214797088272912 0.218593051762384 0.212158557763407 0.211959943081905 0.217621442526743 0.223910794987347 0.224025507641773
0.242080653781942 0.247280730603542 0.249207759392789 0.245172005843895 0.240094953719629 0.237587717471032 0.238515139480201 0.248803686084244 0.247624681146403 0.246227201106585 0.242153845873228 0.222166881444958 0.222572956981147 0.242865352536544 0.243055907229475 0.244256790495593 0.243440401401917 0.244064600655795 0.232999449252889 0.249428079530411 0.241010300659691 0.230235575659903 0.236788689635776 0.222165281938211 0.223701296566878 0.2249440654431 0.232828449379151 0.238525601350312 0.234331484438536 0.229819294676265 0.218514416745881 0.211967446639095 0.216973156416297 0.226134373068986 0.226782252536453 0.229163737159127 0.224734406955393 0.22454794103589 0.227100754337782 0.225290707438913 0.230760602460107 0.220618261138989 0.221250880835186 0.221610008061133 0.214302753151194 0.221288199260941 0.223051703873011 0.219995704506041
0.232185292782651 0.233007483937591 0.23784089692659 0.247427774343761 0.249380264726646 0.245204815003151 0.230088580128823 0.226226907795146 0.231278604470859 0.245942492494911 0.24269769198257 0.240771116670039 0.23826254722416 0.23888590347294 0.231041212054049 0.240121189741113 0.231994496332389 0.234402607022782 0.242385278797798 0.255879203242702 0.243889228721079 0.23655509204045 0.221381823968755 0.224189834035871 0.236334600523545 0.231649594508979 0.226025588817657 0.21816383399319 0.229534025722495 0.232746182117547 0.231241398245536 0.234134054415731 0.227886902825078 0.217350129030002 0.228718179061863 0.217521733973067 0.222584344525813 0.221357133851087 0.224405984751825 0.225330083254318 0.226627544806699 0.224657799487632 0.220343188746747 0.226143644336594 0.224523351316344 0.224186215599591 0.226066668691826 0.225872483074974
0.241788616896468 0.239876583247566 0.241059134925272 0.244427933913961 0.251321542495323 0.250027580699514 0.235954476126392 0.23930968475036 0.250309551585533 0.246284505051348 0.247003926484547 0.247319213057903 0.237327873779431 0.230271672111263 0.24720909932143 0.246376730319233 0.241804965259082 0.225056662289308 0.236871376310741 0.245121580211216 0.24096167815238 0.233003598040848 0.232871408681307 0.234848233402499 0.228431387029202 0.225879254324523 0.220471984565241 0.225265044550602 0.226450213943971 0.225168630846147 0.224159776225529 0.224013748062018 0.227870875662001 0.21660969527669 0.222619363366173 0.212571113741488 0.21313899134672 0.216483145126973 0.223708237187119 0.22372703438866 0.228798591353953 0.225142063304395 0.224469847493908 0.219668181835679 0.222229236463225 0.225232823319364 0.22284551719086 0.224288045591926
0.227438246722982 0.233820939847384 0.240531551747308 0.239860499132784 0.241217027464387 0.248130800395015 0.235799599410006 0.22283605586132 0.238661864858528 0.243084116348025 0.244614133192223 0.250116073945243 0.245653483598828 0.246682940114727 0.237673668652833 0.237897532458739 0.238568105474453 0.239445320624054 0.234613768164497 0.238600123832387 0.232491001470357 0.243566046697379 0.234632267083885 0.227234905348408 0.226772101726764 0.223225924685274 0.227570060158499 0.231170898507088 0.221906118413613 0.228088669347943 0.219569629582353 0.217133248470882 0.213244381596207 0.225917781261144 0.213003741928181 0.213014859195537 0.214883210452759 0.219841836081087 0.214856418937942 0.21330909305381 0.21594089623937 0.215965945029736 0.217406841186913 0.217848362692521 0.219246953962787 0.219825897683315 0.22000542124822 0.222084653264173
