out/climate_turnover.asc
NCOLS 470 
NROWS 479 
XLLCORNER 143.8 
YLLCORNER -43.7425 
CELLSIZE 0.00999999999999998 
NODATA_value -9999 
[rows 242 to 263 of 479, columns 144 to 191 of 470]
0.234438952972469 0.235827304630453 0.237268672758049 0.238580529483334 0.242588685377602 0.242825074063228 0.245324015984463 0.249069858620799 0.249673536816259 0.253237480893236 0.255248457383613 0.258173535300076 0.261661987744108 0.264855537260731 0.265225388820115 0.267248392789167 0.269533359045123 0.271037415929436 0.270591226290708 0.27396906431081 0.275727988048263 0.275615812972212 0.278075987793219 0.275264269668009 0.273833439190068 0.271705201105069 0.264625599087885 0.26378777176215 0.263889043686663 0.26789352184267 0.267701755988537 0.271914579649437 0.270851482433607 0.272813031906077 0.269413605532333 0.268491169391539 0.268390105442077 0.268306538089372 0.265207870219402 0.263245260375005 0.262561147011644 0.26175102232004 0.261428618466967 0.257055602051254 0.258545665822898 0.258550162561197 0.259362850621573 0.262073417387783
0.233132907824687 0.233685842494936 0.233367335483622 0.234970164331039 0.23595661653451 0.237745730216313 0.243004482944611 0.243608979552891 0.246316782932685 0.248710918186559 0.251453664612612 0.254739266895826 0.257723221443424 0.258951323145784 0.258944046111921 0.262613857898677 0.262747722438954 0.264212270296298 0.266067431125602 0.269150723411234 0.272940202098148 0.277096175278754 0.273403133825707 0.275960172917117 0.271028052490009 0.270519639295646 0.265488435123113 0.266217704400956 0.263820013111963 0.268494559386625 0.269217500923979 0.271797158860346 0.269376045846465 0.272234444911378 0.271289596970847 0.267256232481395 0.268221118357588 0.268806382631852 0.267185453835954 0.266213866483817 0.266539591541884 0.262998828669639 0.259961573470435 0.258055800051679 0.258112105257908 0.258209018034539 0.261241885349496 0.26232699569405
0.226687514145691 0.228499022493832 0.229046107905591 0.230259766319154 0.234132742001037 0.23944111601457 0.237687254550635 0.239764009953544 0.242296968440997 0.244579013260956 0.246190336485835 0.250079176023058 0.252076557530686 0.255606703626453 0.258512386902066 0.258936857348214 0.261180169940685 0.26255319115339 0.265265384409997 0.273179703161702 0.275397360099721 0.275048875953125 0.270513247646232 0.270453774359528 0.270655894198269 0.268552590177994 0.264119179270525 0.265185489599367 0.265892722458531 0.262283520323885 0.262626416972585 0.263438950562848 0.264769550313653 0.26804389022548 0.269373084536938 0.267469837270742 0.266433863722213 0.268151872426815 0.268271145828544 0.267070863545539 0.268268419921065 0.265002291084119 0.26144164894833 0.255464908031446 0.257787879981643 0.261222895695219 0.264273589905129 0.265255355608123
0.223504805001843 0.225376048033154 0.22654133937835 0.226170050696549 0.23108018101306 0.230379492580233 0.233074101146571 0.235211734241775 0.236901146323949 0.238834978506922 0.244004818571061 0.24738261340521 0.248305311754198 0.252102268437133 0.252304503430501 0.254014685987189 0.259870999630131 0.26098123862164 0.263591473865047 0.267578013298924 0.268130933784404 0.269542817876092 0.271953180500348 0.268631192540782 0.265796846356377 0.265643630836865 0.265043525409732 0.263322676697372 0.26670749180401 0.268168034031775 0.261840948113053 0.26236794044437 0.265518828968158 0.267948393246571 0.270388751497219 0.269287157785486 0.266904543069695 0.266374899607381 0.264877281633831 0.264791636849393 0.26504876030603 0.264975862662423 0.2629659582921 0.256485572792672 0.254794502363888 0.260279139461795 0.264474309269497 0.262258489220364
0.219651588717017 0.221534681064233 0.22570423253589 0.227705591240372 0.227829868541493 0.227873314849703 0.226976048677309 0.229245389334833 0.232530594565193 0.236243069710391 0.240144560211904 0.242153857166016 0.244815917329584 0.247148129965322 0.251487159954621 0.254568159769918 0.256316617525418 0.258919829307112 0.259877164693334 0.261768777344497 0.262885571797697 0.265352605126948 0.271413060005833 0.268056487697428 0.265381942767137 0.264427836609049 0.266162976647794 0.262955217169359 0.2637281341595 0.265999239207587 0.264955490333641 0.264154882003144 0.259610409830684 0.261169898217218 0.267831882060904 0.268700829007697 0.267102054672131 0.266553504551115 0.265256855557721 0.265448988012775 0.264236094881544 0.261642953876608 0.257774895636524 0.253950032253866 0.253505619720212 0.258336830239557 0.265624261891582 0.261466916861766
0.217999373183293 0.220974244027874 0.223279086086447 0.225124709046685 0.223148265230696 0.225893373400534 0.225948209264786 0.22658386705388 0.228624333050901 0.233327397129029 0.236412603020433 0.238998028463893 0.241182846397184 0.245718743925999 0.248530913329383 0.250092775498791 0.252269250795017 0.253833994988832 0.257595790252342 0.2601735124118 0.26007698859905 0.264017050680861 0.266686632036383 0.267770455310812 0.264986431954623 0.262803979163345 0.263960382007394 0.268818095344543 0.277375366666588 0.263012226799224 0.262514289726624 0.269237983801122 0.272053654624539 0.265765796618904 0.262455911758211 0.263947066923138 0.26574873949186 0.267378424751541 0.264779476190076 0.263773444258023 0.2612642209616 0.259057058445623 0.255265580880435 0.257868844525381 0.254272244797322 0.256370960422018 0.258590499404344 0.259023658939493
0.217722117550809 0.219092018556835 0.219404789841725 0.221029416743935 0.222465375261214 0.221474207721556 0.222490991858389 0.222679342352688 0.227293653141328 0.229679060973019 0.234028209507212 0.236311898081175 0.239033532590303 0.241767669688627 0.247271364858651 0.250435106013107 0.251171119789173 0.252273250782574 0.255819180049291 0.256438362702 0.259383311738415 0.260630602904082 0.260844365858193 0.261240509303996 0.262274506146426 0.262262391797878 0.261552717866347 0.264324084569356 0.272034595764118 0.261787994972131 0.265052155302525 0.272107845447545 0.273052574860817 0.270427596315007 0.26793299039691 0.268347914116482 0.26705860952548 0.264609918119311 0.264027907931335 0.262257708702384 0.260607653173386 0.257322768314775 0.254590241749264 0.256369519898918 0.254672687946398 0.2586858142345 0.25793243990086 0.259486480570846
0.21557327396573 0.220287096030129 0.21994935072543 0.219202661585017 0.217304737684553 0.21714981348122 0.221580592657558 0.220485923487753 0.22600358331672 0.231092291810348 0.231692986180887 0.233665162459808 0.234890954191682 0.241978516358607 0.244426577215154 0.246506390378464 0.249540787381723 0.249760830921278 0.251266507044654 0.254218248616659 0.25521888152504 0.258204110243438 0.260571844441533 0.261346633416994 0.2613064795452 0.262877465663772 0.261823766808097 0.267357529483642 0.271281485528211 0.262106745398862 0.268575304207752 0.272507654633308 0.272840879713534 0.27116442963939 0.269930187261037 0.269054172726238 0.267101585067673 0.265079741805485 0.260966966623787 0.259233360803333 0.260192573135566 0.257304264473009 0.25438463632595 0.25348725437607 0.252983416176593 0.254310736497552 0.256047659254374 0.259976272891146
0.218255958874514 0.220710247771832 0.218269669502483 0.218519342583396 0.215555085874572 0.219781138224191 0.222246794641625 0.22161117955064 0.223960764146344 0.22845339248687 0.229061249083539 0.229376354728528 0.232592519010341 0.237201646973506 0.24132290776571 0.243780652803324 0.245583844625763 0.2477121127287 0.249001821973839 0.255102753015502 0.254789216637774 0.256679389705359 0.259909875064049 0.259938294195591 0.259144673928417 0.258958070073885 0.267739499949563 0.263567847880408 0.270724338117169 0.268083688771786 0.264773965482737 0.269676708693659 0.27088315368597 0.271540171087417 0.268937478041822 0.267902281907284 0.265211045496772 0.262993205775484 0.261815923992426 0.259483126071807 0.257314656340418 0.256327643780907 0.255317293004521 0.251257268992931 0.252883772240013 0.254034761298686 0.256922874234711 0.258918835440488
0.221359152715287 0.217828863688633 0.218167830024468 0.218466332885582 0.222961255711454 0.224435062251374 0.225064168164092 0.226908878735477 0.228709777636951 0.227540501648339 0.229175659903832 0.230751191640569 0.232560179406379 0.236758232844397 0.239443643316319 0.240879332864663 0.242545672036158 0.243176011454933 0.245980020911457 0.251024651206103 0.255890424481201 0.258327071575078 0.258758396852507 0.267637284498279 0.263651265178982 0.265300998688574 0.269260240992275 0.268513809028678 0.270370225280598 0.267223027862043 0.264651799037721 0.266214708421774 0.268267743894439 0.27173970018896 0.268053499225863 0.26692319005543 0.262252816704687 0.263035541160411 0.263216572993045 0.260197148077155 0.256194309320541 0.255538893158371 0.255072527554448 0.249962816113087 0.250793390149645 0.250262653176686 0.252630845628627 0.257433958726065
0.215422052180795 0.219624145924468 0.222611694803645 0.222699033169995 0.22072228965693 0.221371393417751 0.221694246420381 0.223559023315667 0.223821742224881 0.227073780827708 0.228965330785264 0.227995045839232 0.231163325758742 0.235913215172508 0.237097760714222 0.238917942490427 0.238296212871643 0.241022707439443 0.244535820260533 0.248794462420991 0.253409149341093 0.257710556735495 0.261066292250763 0.270683248627761 0.266955829331587 0.267678185485793 0.265881312939805 0.266400359481215 0.266827885539484 0.266097647908038 0.267909634607877 0.266008076625017 0.266995927336375 0.267811348861004 0.268975866363916 0.264833649831643 0.261946733021426 0.263260476420449 0.262090713834803 0.260155851314458 0.255682471438857 0.254498132909651 0.253944607132857 0.249885292423296 0.251316310229381 0.249942083558212 0.249550661652955 0.254144143357165
0.219221858747566 0.223161322840974 0.218917929713019 0.219272851099964 0.21813798162389 0.219835628166183 0.220613441441523 0.224140376758842 0.226117283202547 0.228321074352323 0.228229871091622 0.231461436358853 0.234168689938469 0.236804213260848 0.235012992304397 0.233839081178359 0.236729230662453 0.24081770378881 0.24501524003673 0.249239755464924 0.255307727641947 0.257425593466161 0.258906610771993 0.263791040939183 0.263083990502543 0.262235557037968 0.262563190906122 0.264000249044219 0.26552096316641 0.266267704831756 0.2657768906505 0.263663740750303 0.266011314068139 0.265599814708177 0.265191544697394 0.261999894717014 0.263502463707925 0.270955997777634 0.261700615084754 0.257793708485184 0.255282271194478 0.254040452540088 0.250833378704008 0.252017654268022 0.249729706729229 0.246867158417912 0.245894534302924 0.247795117925642
0.222751512553156 0.22155351929671 0.21966329812331 0.222010137335261 0.222669844250716 0.223173153216805 0.224407348506297 0.224905513143171 0.226366075327846 0.227308345148707 0.230876331224725 0.232526717688577 0.234492476257642 0.234190018250436 0.232444166446556 0.23082534027619 0.234032752213651 0.239741885268298 0.24265052053537 0.250518726551252 0.252087278874363 0.252299021777097 0.254346459551318 0.259982933297732 0.25930871532906 0.258971099973924 0.260102799340802 0.259917616821536 0.261750538286132 0.260887948068377 0.261829354625932 0.262476419304502 0.263385782765308 0.262912822252897 0.262436777461526 0.259877771271017 0.265848472664168 0.288819416054254 0.263699257116479 0.258975549963571 0.257817154754291 0.253289300461933 0.253851996011621 0.251566670533376 0.24818338883693 0.248935043830225 0.245983773650384 0.247078673851068
0.224678445315658 0.220024831124376 0.22083157548091 0.220018496816689 0.222440232868474 0.22116443585905 0.222078358868515 0.223654619283847 0.225776571827385 0.226578807650805 0.227766075358508 0.231472350148881 0.232465176797262 0.230762505242757 0.225821771800431 0.227480114976907 0.231189205690423 0.236409508105984 0.240230109931388 0.246216687797047 0.246994748046627 0.248445491946239 0.247868957389411 0.251487405336212 0.252555279514646 0.255123243027158 0.256163208177142 0.25645473866089 0.255984911242085 0.256194907832999 0.261511925942318 0.262633372168202 0.257011771721587 0.256670539656829 0.254548387623682 0.253893778058323 0.261650721514167 0.277722355771597 0.273327274944033 0.266326568236369 0.261608922739195 0.251690040755866 0.250641711199464 0.251898875134544 0.246842266382074 0.244710119340618 0.242667944971948 0.245298994224283
0.223198364512544 0.223476016616188 0.221683727272136 0.220359418632992 0.221017751052527 0.221915324394021 0.220722103862623 0.222364012850329 0.224536709362233 0.226630552603378 0.228824734747863 0.229698298994576 0.228348326292693 0.223449610896388 0.223943961638457 0.225800660349722 0.230077153360152 0.234026622977761 0.236289377046723 0.239866808224008 0.241412269868508 0.244182449998893 0.245399616020053 0.245508724001995 0.248639826066993 0.250646937013692 0.252289841031786 0.251855052731979 0.250409025040006 0.252807552523481 0.254900375556102 0.253632796506483 0.254602259935961 0.252133505943432 0.246635702575812 0.246841570560415 0.25118852672182 0.261748690153748 0.26459434640035 0.255716176818724 0.248696879425437 0.245868374003525 0.244818404264953 0.24369694540821 0.241647093358878 0.240711617210338 0.242029694089733 0.24062293071581
0.221597562326119 0.221090818349184 0.221165283064052 0.219992333837534 0.219933786488794 0.219150466186014 0.219162555444227 0.220042369333594 0.223161658539053 0.224216746348681 0.224839722645424 0.226833073712576 0.225676933368964 0.222449942331244 0.224160932316691 0.224646349885475 0.226233606764458 0.228899861906766 0.233059598767759 0.236107363600571 0.238789664898665 0.240247522127501 0.241955654123607 0.241615553457144 0.245519573222249 0.245939818243041 0.246945151128676 0.248904937446292 0.245725982236548 0.244623486975485 0.247820662178908 0.246761546781714 0.249122314247903 0.248601914983714 0.241347394367996 0.239595923246405 0.245916255202146 0.245864969052452 0.245329368846559 0.242669931151701 0.240448605205263 0.240862749614893 0.238495724500895 0.237720184580812 0.237536671560632 0.237769639428564 0.240912848927195 0.239889087845313
0.222492162022002 0.219953058664305 0.219315522496132 0.219702459985188 0.215995105299964 0.215141988132389 0.217420345141608 0.219218519638656 0.219587794366842 0.219898867534522 0.218857439332769 0.223040994674791 0.22436215841616 0.223110364505352 0.223175630395977 0.22509719314948 0.227809582788726 0.229212506681335 0.229289927415823 0.231469830714785 0.234267224283071 0.23638222225124 0.239534031331624 0.237352137028594 0.23883107676544 0.239962763386148 0.242722698428921 0.243788754844776 0.240485241327861 0.239204215026913 0.244813509158119 0.241048142400302 0.242240264649887 0.243379352305413 0.237560189687067 0.228156656893305 0.234925965902189 0.234741096000818 0.229150056788443 0.232328971010498 0.23611254279674 0.237269184209088 0.235650215323306 0.231737039387182 0.232193908056348 0.23589883479661 0.235821656627566 0.23756500683698
0.223459469753955 0.219822700664248 0.2200506094826 0.216981417323245 0.214415350715438 0.214222035422921 0.214715309673285 0.21648720812465 0.216786212596258 0.21524734397991 0.215232481113641 0.219384108271709 0.219386923230776 0.2198115981872 0.221881595654708 0.224320595077992 0.22697993055523 0.229017524962502 0.229788513855292 0.230365088336955 0.231456626454653 0.233080020872501 0.233942908913983 0.234434230149995 0.238521482431621 0.23631418542549 0.239166167974041 0.236291937581828 0.235091494530198 0.234589657311135 0.235066418464307 0.234895754003193 0.237203215560101 0.234993624827417 0.233967234191526 0.222769417972038 0.222691098988905 0.220642219819227 0.221059955652034 0.227727030502297 0.231369596345482 0.227730229654064 0.230695033821104 0.229909426514959 0.23133075659473 0.232560065048926 0.233222960380105 0.23383478849189
0.223970096146032 0.22143748988592 0.219834919019201 0.219226908104646 0.217367902313425 0.212925119133234 0.210398849301516 0.211119092394186 0.211868509022925 0.213230700068386 0.213015914624148 0.215889744684699 0.218970606185712 0.220992828835957 0.222491883963481 0.223777385511113 0.226194472894627 0.229142050615062 0.230656973935801 0.230355340089423 0.231941748323977 0.234035445866052 0.232752847511747 0.234005187387226 0.241887300513306 0.2358074111768 0.235050449141175 0.234818132454928 0.237199555519695 0.231779201251852 0.231485153327244 0.231622447707719 0.232202328735096 0.226533455942564 0.225870868117442 0.222170636795697 0.230659507498712 0.224354703531929 0.219669821360836 0.216635107911176 0.215567523021057 0.215552935069842 0.222977859503977 0.22648397517527 0.225548928285481 0.224124838337935 0.227684496635279 0.229576434769663
0.227735569215983 0.223856913504245 0.217423691940634 0.21862594500532 0.214301336505956 0.210719995066659 0.209392582619298 0.210184597149862 0.210440182086418 0.211497203137886 0.212065596920494 0.215561713589017 0.217360776721364 0.221116120437989 0.221248966128917 0.226362858996935 0.227951594876208 0.228457002517699 0.22843682521793 0.230697475550675 0.230265031041844 0.230290826515569 0.233394671950798 0.23463980566448 0.241044681757638 0.234885892125066 0.234333743486498 0.23568162746863 0.235518436533079 0.233824536180612 0.232403596656975 0.231451747806785 0.22864389625997 0.228201062374854 0.223331433721301 0.22442899489811 0.222492138850462 0.219262985625186 0.2156324992295 0.220868182572501 0.219090901458208 0.214950676562511 0.223654815947432 0.225990481211887 0.226096052957553 0.224041741813027 0.223684615689114 0.224415311397662
0.229222194748245 0.225143633597294 0.218259581672144 0.216412909146081 0.211355572403045 0.209379570432436 0.208019816496726 0.209041655734478 0.209036057270717 0.21107373936859 0.211272988758874 0.21278682997912 0.214944043685418 0.218525817159476 0.223507859655372 0.225426696167773 0.224839341469318 0.226344702039374 0.223932096744096 0.228960631642381 0.227236505945266 0.230920878203238 0.233570730624514 0.235262001374517 0.241539935975288 0.235924236528396 0.234989862988676 0.239451055175259 0.23430074703276 0.232307236242301 0.235787255289195 0.23094129995854 0.229048290643063 0.226763333439956 0.227073561995212 0.223984666330078 0.217879072929299 0.216243788049837 0.216932585697252 0.22347313540469 0.22516868857558 0.221977977820775 0.224022605343176 0.223973796536149 0.224006752357269 0.222581842292251 0.223801779125803 0.22774098929388
0.223011367053573 0.223244976631201 0.217070449900136 0.214626559316456 0.20879995461308 0.208204829415912 0.205890981072812 0.205316783142522 0.20622921867733 0.207932669984843 0.210201403341003 0.212526137550011 0.215889604474847 0.218257659611184 0.221719123002424 0.220319697217787 0.221668267229546 0.222429920776443 0.22472392889627 0.227579993313557 0.227535137716444 0.230977225804497 0.231499496527317 0.233833601148832 0.242069868051374 0.239467351944419 0.236380321990679 0.238620716076173 0.232180247139225 0.234936146473369 0.232918846307727 0.229520604506356 0.232648263890631 0.232141276721781 0.226746476388493 0.220737199505619 0.218492034653403 0.217953483435786 0.217471361865564 0.224242652035952 0.226537674282233 0.223172215590852 0.22639451448921 0.228091027331251 0.229060571298168 0.227108125244232 0.224070821406023 0.228469648989284
