out/climate_turnover.asc
NCOLS 470 
NROWS 479 
XLLCORNER 143.8 
YLLCORNER -43.7425 
CELLSIZE 0.00999999999999998 
NODATA_value -9999 
[rows 264 to 285 of 479, columns 240 to 287 of 470]
0.307949573899312 0.287010014934967 0.241422025018018 0.250654987822839 0.241511092887034 0.261720626575049 0.282857404085678 0.31866396804047 0.351632774064005 0.341777503855622 0.3099459554018 0.288755531958349 0.2741417968254 0.273717832183703 0.264888673894965 0.254331081625364 0.242947809539448 0.232984945462428 0.231127500263423 0.232761696504802 0.231388608896337 0.23216809627001 0.233449524720802 0.231801763710351 0.23439474667051 0.235226366865255 0.242923566375289 0.249320399653979 0.25245238148909 0.242798446220952 0.246869930383617 0.249658140785416 0.252085752039586 0.250017209801011 0.253038392209901 0.255569787455166 0.254594629187382 0.254750438693907 0.252190438876779 0.251817638341775 0.251661003802719 0.269416729975728 0.273649799091509 0.263737679133637 0.249119807919047 0.252144404773453 0.257457471683386 0.261647090758907
0.298038942883419 0.245400965349482 0.266085968170038 0.28600238872945 0.264413302339406 0.287593468819929 0.336468031072693 0.399340043555609 0.461476065233437 0.439436481618176 0.401490479248469 0.377804591098456 0.359758660836769 0.348996681777115 0.319898107423538 0.295508304257083 0.274101830124451 0.249669276943912 0.241538986612097 0.236718766859622 0.233215362140061 0.231018913725507 0.231532619421514 0.233458936796587 0.235861704165987 0.238382333858396 0.240636034067691 0.24348034277093 0.244869502784603 0.248522414179968 0.250854957347079 0.251636983904735 0.254604936788497 0.255512501646727 0.259575258926785 0.262051557089637 0.255638526825198 0.256481451308311 0.260127650011549 0.261087939501267 0.263130745709508 0.276324373026919 0.277554135528054 0.278627690725986 0.2776487561624 0.262705238681535 0.249740383456404 0.251966236900062
0.296871019494298 0.246974617926728 0.248194412449574 0.266600017770344 0.280629402765892 0.306502229113738 0.362716221000828 0.423439459099366 0.498020586641022 0.484617213990266 0.484590391583938 0.462237681630354 0.448990191183209 0.427705630600852 0.389099376171973 0.353293856855022 0.320693701732862 0.28939876325682 0.263577548562195 0.245595378497928 0.24653776056111 0.240899422319095 0.23476148473356 0.236194836080977 0.239117404651569 0.241188963598414 0.244553809201398 0.247106710614764 0.250696569265791 0.253210996667374 0.252287278424985 0.251794983665696 0.258845672153674 0.259965984430043 0.261674298984357 0.265633060052084 0.266496867226949 0.266562532018439 0.263187862535358 0.261820213901925 0.268464583001107 0.278922139527875 0.280316884162022 0.281634742116312 0.281478643186918 0.280398715224229 0.281648818365002 0.269075270112636
0.316175088311583 0.271120573635844 0.235861920510367 0.276156409639925 0.29064160306505 0.296128898844303 0.325058751985919 0.370240516376246 0.394418997160619 0.423960847073819 0.469539510127908 0.454751927610225 0.447270128006641 0.444016712938367 0.427771802895962 0.4037836110267 0.379793918720436 0.349560203931977 0.309018231962695 0.297124203105763 0.278184555137711 0.256885126400649 0.244768956600827 0.24068836601185 0.244654868015892 0.250490492958349 0.247981014092586 0.250507770524591 0.253993287289013 0.256611477561246 0.258075578668132 0.259512201570024 0.261851551484541 0.268159756979085 0.267188959079416 0.26680984795132 0.269945374030674 0.269669613161553 0.266067070222745 0.266176350060011 0.276803890503368 0.281209316638734 0.282957452534387 0.283149314584202 0.28238009323339 0.280253137204635 0.27607807667075 0.268449768762887
0.32428712928904 0.313291266147623 0.24128640249469 0.243794727086793 0.25463329306345 0.272146891578213 0.292681547411608 0.297504932905744 0.324954408367119 0.404890678317323 0.455910242730667 0.444521011632831 0.436688599057607 0.43334778475426 0.419539950201251 0.414704372451334 0.422675145496566 0.409478484873301 0.374368089139101 0.366487023707065 0.330644815769259 0.277867305049781 0.261054213117628 0.254335659480405 0.259860047969038 0.268780232642762 0.260853882132479 0.254910789956253 0.25809534570209 0.261092431831882 0.262094551325946 0.266415816440278 0.27250014214139 0.28053646978886 0.281807117026037 0.274582387906095 0.275438777821927 0.272260417149599 0.277391292283443 0.276820464511698 0.283122310213125 0.282202529248717 0.283375083869245 0.275478433396203 0.279395404331879 0.276347848558954 0.275541048723729 0.277867229725467
0.33360714258268 0.308479467223782 0.236598320435964 0.248308392056909 0.255656695054259 0.296792591495123 0.284217573822415 0.262807274679 0.326297832469759 0.410586694362846 0.457833829231242 0.437459504304088 0.421697430667497 0.416544101614722 0.40430072927523 0.396256682645215 0.40043311590513 0.416078725836005 0.431337547183208 0.429588214242343 0.403751084656726 0.343951129261374 0.302412960652841 0.30395067927189 0.319380138353258 0.314904333134945 0.288520357683719 0.26463263404689 0.263654743437795 0.265089039285956 0.271135561868494 0.281004646657793 0.292628129352298 0.320464997036677 0.324231365384496 0.302666258107755 0.285156705516438 0.277696051069037 0.276596586330867 0.284454308962085 0.282564059771463 0.284824285999837 0.284235481794449 0.27799652848078 0.282963168861723 0.279205534218305 0.27891182435256 0.3064013110226
0.338134019037904 0.297557312785989 0.235161338438099 0.272766728502091 0.23384112476267 0.266752039462343 0.26067564091928 0.25311106033178 0.307567395659974 0.372076255788695 0.428396046460004 0.429080916345059 0.414366496719678 0.399523062973269 0.397711295117522 0.380873998665867 0.382764854829924 0.411116620767154 0.42993196145147 0.436964169409069 0.449263424309335 0.423056670169155 0.381121520735338 0.398548761315096 0.41520014143144 0.367725077632277 0.308527494638969 0.279151173614777 0.274687622194943 0.278165603013732 0.298600516144977 0.346974053330722 0.368487317638102 0.387633445616517 0.379689986075578 0.335991415987419 0.293902389838777 0.284187964423683 0.283392617822984 0.283293965062848 0.285359373597276 0.285921929102708 0.285281898103591 0.279826689625295 0.29161049821551 0.305899654831521 0.305768225488149 0.342843603822186
0.333590598951704 0.274852209307246 0.231137227273899 0.244422034226725 0.25095030674397 0.232291255075435 0.242737018084367 0.245902984514999 0.273013425654887 0.311536391669354 0.383637730160892 0.376813242156896 0.390731041003351 0.382636904061212 0.355053908485369 0.351063901505937 0.395660200684553 0.418926902728379 0.4251361004672 0.428596003848532 0.442939766145344 0.451939941195326 0.438953392262265 0.449537301186645 0.451998358793958 0.395049310394745 0.317320906081324 0.30247415249152 0.300162437878496 0.314289155212447 0.364249672800434 0.435660186206493 0.468809792983973 0.471394518692933 0.455044919583522 0.384269112804148 0.328671655634339 0.298249890084268 0.286674938938955 0.287580039852398 0.292788034203877 0.301098854026437 0.285342281787743 0.281549218963056 0.29951435754228 0.338689443145233 0.337111912029901 0.346270854986152
0.274994309898596 0.238037223771174 0.236011081072395 0.283042060208907 0.293868067303024 0.256459536150228 0.226293906407602 0.242424316326573 0.249969846051453 0.264185703822841 0.285198225787711 0.288855965604605 0.311189419836018 0.343402609516488 0.356793326997118 0.364141060258574 0.38459594420546 0.406257349168677 0.414474365251199 0.428794274081208 0.441803543198895 0.447178203066615 0.450166518541707 0.452605709010233 0.451940753784486 0.398689722117003 0.373605022737064 0.361503943857656 0.377039589465382 0.377984634836681 0.43490437235949 0.476228736954341 0.473551227098899 0.46611945363774 0.50621268413864 0.454191050475501 0.389806107197512 0.318238508277769 0.299097839087982 0.29549676714161 0.308058463800143 0.32991437812392 0.291089366045498 0.301691559039815 0.344355472277439 0.318743174786241 0.301965620141911 0.319618505214591
0.232578133315187 0.22143131787119 0.221622360807315 0.25054694791289 0.294929830135374 0.272125026003093 0.237488553713124 0.240966281533242 0.252609529741643 0.270019638876286 0.339824766260097 0.385070641651463 0.413847250984914 0.419805334904564 0.40657401242955 0.405054196183505 0.419798971727039 0.428296620822626 0.433044369341925 0.438796766276957 0.457270720051007 0.458505904464344 0.457131511741013 0.466713986408266 0.465607542309558 0.462705850105606 0.442085635789338 0.452119706379642 0.463980265386111 0.462701738851368 0.474498718980366 0.481740513625442 0.479865115214141 0.436151933788275 0.487997385301651 0.4883297070823 0.422332208771629 0.354895162831214 0.313292013138517 0.29837882216767 0.298005041091794 0.305761346122445 0.298760042694086 0.351181244818895 0.384252771724946 0.335650354097627 0.309102183958326 0.314946340733787
0.28658406265189 0.236713796503025 0.233667903081853 0.257028655395467 0.263773433287393 0.254735990839782 0.255535221255446 0.260050702834599 0.257021735903391 0.2665835264613 0.312155566407439 0.376655523846371 0.456910665431836 0.44300739731923 0.426166872528115 0.431206138331362 0.443491668884012 0.458481467277149 0.457532879215353 0.446194742170687 0.458008204555892 0.466420533826588 0.471896715754407 0.468563675428746 0.473441711569653 0.472825504624367 0.46984545556037 0.472225733135708 0.474233293215003 0.472107619484004 0.460644408883308 0.443664779427997 0.413424731492634 0.373455315291089 0.365766317161024 0.381230017369742 0.359091453239721 0.32398129761843 0.304742758796722 0.298924672822798 0.297681149917744 0.299909138542394 0.305310314500573 0.354031797357302 0.342635227830727 0.310737837216389 0.312353992100828 0.328504495147486
0.326622273245724 0.239389196805103 0.243516381761776 0.276015022289206 0.258090116554742 0.254293668829461 0.279542036163609 0.298542789214 0.306491306072087 0.299103980283654 0.289401897529845 0.360395266729807 0.442032255947663 0.447065203408448 0.443022926096954 0.44724314105546 0.454299455093354 0.475870483435851 0.466523973656605 0.462706630719946 0.472406741714476 0.473631044772254 0.479658035733081 0.479949880644365 0.485000481683337 0.49009754815395 0.49125564618404 0.501827174106745 0.49892245263822 0.493773164008993 0.486625923489529 0.469215849554844 0.451978384734458 0.413636260839732 0.365216088250211 0.325545596258871 0.315170239117168 0.307590022773593 0.30385358074031 0.303727200632946 0.305091776809227 0.304298799063777 0.303875903917683 0.304414855579698 0.310159964947034 0.310242030935008 0.317317538905605 0.348115970680767
0.29759980838006 0.231400084919301 0.237085835453443 0.261160099762712 0.266197257146613 0.283614862473489 0.328791597748736 0.361272865513075 0.384998532506108 0.409732013165366 0.331806196774193 0.332849925451064 0.425917096930775 0.43896117141718 0.449680748903074 0.45859397529625 0.461163752326426 0.486854196476868 0.478176151559208 0.4754984443814 0.479840719585239 0.48075722773795 0.483863439852587 0.487617790967669 0.495210017432131 0.501830674437641 0.511008931924051 0.517530271449312 0.515285921763291 0.507107933055415 0.505051230685526 0.487895846548346 0.460074765455949 0.401050859432482 0.344904211219596 0.338880303150453 0.333349488015182 0.31829341566636 0.311378560811174 0.31534330015823 0.318655297581176 0.313766218989655 0.319120412369248 0.320323584807029 0.346892416170442 0.349253835476934 0.341133157430244 0.359815995709171
0.269663584081634 0.233679550616203 0.246021153955353 0.273275199940235 0.322349414491302 0.369069037246334 0.420874868836823 0.46788565247093 0.48641623216759 0.43395169932238 0.33984512931762 0.316781997562589 0.393975438405442 0.43540536838956 0.444298386782803 0.462596464816167 0.47083624088197 0.482625236806423 0.488220032412196 0.487337716615548 0.489248504185176 0.495049764915931 0.502128003955732 0.513528295126154 0.500581024454549 0.497001809451758 0.508271898588467 0.518386864585378 0.516136727720642 0.504438781955699 0.495287791295212 0.473924024140575 0.437429334853843 0.384633357627083 0.357861793753543 0.376233439039445 0.383256827174111 0.352091790029968 0.345153770033572 0.370171238788609 0.356776937248306 0.335869603533524 0.363426468667092 0.355244051949681 0.42142331581039 0.445129191109181 0.427405158210661 0.467619234708026
0.255547079994553 0.226539529883381 0.245918637383752 0.287617003403846 0.413467611567033 0.499248612124505 0.516230083067897 0.513552684658792 0.502686237151036 0.419787948394288 0.349895481048626 0.32210778202059 0.340546209028814 0.377355543381639 0.426552007167071 0.464992846302092 0.477121877848614 0.485669220168017 0.492945203697652 0.503670901602363 0.499154416984145 0.503306243278154 0.517350570513531 0.524663065531893 0.52339858374851 0.513392042093149 0.516029300712338 0.523795079077359 0.516578687098122 0.510669141631183 0.500824611718779 0.484092112843655 0.460605685108719 0.410927110708641 0.435102255041262 0.465961506837307 0.457100698452993 0.412662366257045 0.391014796819344 0.434323677232521 0.417411256499278 0.379836679012296 0.447292312081067 0.446646926064739 0.453889380427029 0.490206286816481 0.501624083818365 0.513719836520943
0.250207394640793 0.228757070375496 0.239547346110589 0.303121571326049 0.439272303494124 0.514917247152167 0.5131802951502 0.508973398922576 0.482501980231017 0.438704310341703 0.386796762424999 0.398887164013563 0.363361497896543 0.367534345646266 0.457383206730095 0.486375185604607 0.498428724328436 0.5039683339031 0.504564125640706 0.514326317630161 0.514679634631701 0.514797925834706 0.517470853129058 0.521870250436222 0.531434752520705 0.53067170814039 0.520536469549488 0.517219717040406 0.513898654651627 0.507942081539973 0.508002768534164 0.501367494847082 0.498196074076411 0.485805052691351 0.480545270893312 0.49244233765941 0.489965813607722 0.466202597422589 0.431124443774359 0.447443569977428 0.459619181230856 0.420706540569388 0.47663118506554 0.497733437920459 0.484209912270243 0.488239002023659 0.494499331117956 0.493182407731495
0.244995450764223 0.229471245944478 0.243491130975448 0.313253015034658 0.44021820727593 0.527254277229896 0.502231738637556 0.505766111747264 0.49320460307498 0.473934189450939 0.44255532936277 0.437822349769846 0.407581943675364 0.395425520351246 0.462867104945436 0.525991553120435 0.52363779252525 0.534850751361817 0.538082135921125 0.536827929190941 0.535227172806978 0.527844536228809 0.535456609849299 0.536290691332902 0.529127783023916 0.531424787117908 0.530999822790237 0.516979511232447 0.512424610874351 0.50833453493904 0.505580974665685 0.504215763714149 0.501984339981797 0.49984859341114 0.496339237751765 0.492889914643718 0.488249889691083 0.481294084455699 0.477576245652109 0.457257157485343 0.454827113659765 0.467041495515275 0.474246674429556 0.479707814041039 0.485723825123938 0.490851292395327 0.488842149032188 0.489501070725478
0.240691556729412 0.232049609495854 0.251428433365261 0.302667286824163 0.407807003282867 0.480968676584252 0.471019109377395 0.472085770635106 0.472106250761784 0.473288895854764 0.460321014617726 0.450862487877408 0.450404081058481 0.470748170177376 0.459791742680901 0.521217365300696 0.520802083506337 0.537838857958492 0.541776679657493 0.549025822251117 0.538990146121369 0.532334890852861 0.53278314651588 0.536589099807896 0.53253869291641 0.532308347860987 0.525009666118173 0.521051061697225 0.523261865604149 0.519180969534547 0.509956899790582 0.507453440779173 0.505992962046885 0.507259628434445 0.504760938609851 0.504272252855815 0.498723139892235 0.496517941655273 0.488837465602835 0.481971309181872 0.478244974348331 0.475847161843708 0.474095310919124 0.472938164195244 0.473854672551708 0.483375663173014 0.479845887765886 0.48036011346987
0.232424916937784 0.23679492186898 0.260641289765538 0.29903741646228 0.32269717357503 0.349883468670483 0.391796179635182 0.399911388354153 0.405656710357857 0.437780910918575 0.433454406947119 0.444204924080141 0.457072488482874 0.487807283664387 0.511211944772067 0.513802981575477 0.520592503764509 0.530304454561026 0.536090706905417 0.539559234851969 0.536543848497516 0.53624496429332 0.534254625829003 0.531750931819877 0.531240542603505 0.527615017534808 0.523086390572821 0.525428145203109 0.528113469127852 0.520816869686837 0.512220229381412 0.509277818784538 0.508895540375974 0.512826598044413 0.507466836130564 0.504575767355129 0.507908492573657 0.509845905477851 0.504346214405174 0.495931570113832 0.495940156022774 0.496294495807155 0.491912890707698 0.489246662221937 0.485503434698719 0.482392384002815 0.48538952402205 0.485712074789732
0.235730417378094 0.234756570049575 0.273463568391129 0.386904501654922 0.442784626668263 0.428551104688164 0.443506085417751 0.441346577301215 0.426292512482845 0.416281530769674 0.416360325733965 0.430560657999132 0.456921697640867 0.494355627362688 0.511398195051035 0.516208596960535 0.526611883907959 0.52943790852127 0.531038513839651 0.53377616941815 0.537611755045608 0.537229612314826 0.535459269710843 0.53476685817559 0.532779510558771 0.531910709202098 0.526682205626067 0.523443203876402 0.5216772767219 0.51849235794668 0.512163544624941 0.514378796447878 0.512982700192825 0.507841215403048 0.51076878415949 0.515567572090309 0.523392033075079 0.52312459039147 0.515916704469823 0.50423759914561 0.504212339475183 0.506368600463967 0.503485230296715 0.494168400588707 0.49256553737212 0.480630544616816 0.478762640502118 0.475641111977228
0.238190284778589 0.234764609133418 0.2652116805506 0.365767205537326 0.433714801226469 0.436286114419086 0.442920142603695 0.44474298052807 0.426468524585653 0.423068740407175 0.424254551963577 0.446624777930904 0.472170612263699 0.49446076018141 0.505155260503441 0.515564177980253 0.523233772199087 0.529009597334682 0.530345022564848 0.531930141354831 0.534579410304987 0.535581546326705 0.534015905164536 0.532243037151104 0.532138952939867 0.533916368688363 0.531148611943764 0.5260166593125 0.520849382327192 0.519240946493156 0.515220085058118 0.514383460233615 0.511043516465764 0.510390523981 0.524516269216255 0.528622515757296 0.529344532016105 0.524124558791301 0.503406116971265 0.497411871687761 0.498499885954111 0.499954748152712 0.497929100071096 0.495044914041562 0.495731527698969 0.496568164065986 0.477757065088638 0.466269567594806
0.238089678046893 0.234568545434122 0.250747225387023 0.339320398253783 0.42611360724794 0.425583139010712 0.432508578769817 0.439084285902014 0.436200196959449 0.452538733420062 0.440190876015801 0.449172085323287 0.46382202926999 0.491246677922034 0.507683620245258 0.514270673794702 0.521980146811326 0.528646386461136 0.538220554360074 0.541311510889943 0.53428204554222 0.533816057236318 0.532065021222827 0.532093657531624 0.530277047391813 0.529507216261487 0.532032404061558 0.525723813354822 0.518257144518009 0.518455586343602 0.515420965745258 0.509564228616419 0.511868444199828 0.517413685500741 0.526218019157116 0.520938367123011 0.513638521928439 0.504443014085731 0.497627688757651 0.499040404855995 0.502980834419003 0.50481668816866 0.50288626793571 0.504293587204042 0.51191768575696 0.507929981371446 0.481211766458601 0.472483877553064
