out/climate_turnover.asc
NCOLS 470 
NROWS 479 
XLLCORNER 143.8 
YLLCORNER -43.7425 
CELLSIZE 0.00999999999999998 
NODATA_value -9999 
[rows 176 to 197 of 479, columns 96 to 143 of 470]
0.226205784331427 0.227936615979013 0.225763188991122 0.226149167837505 0.224659925328554 0.22284983670693 0.223858324485818 0.222353131943442 -9999 -9999 -9999 0.220918951311941 0.220829810680739 0.224489724074867 0.227222653187816 0.218588172965249 0.216779805303652 0.214987372790437 0.214931994400239 0.215045718249378 0.215515739242199 -9999 -9999 -9999 0.213305494204918 -9999 -9999 -9999 0.213023326038533 0.212059937671871 0.214038803275336 -9999 -9999 -9999 -9999 -9999 -9999 -9999 -9999 -9999 -9999 -9999 -9999 -9999 -9999 -9999 -9999 -9999
0.224395028400072 0.222355356805795 0.224693059965116 0.224124098405367 0.223570130313489 0.222491501632853 0.221569399201371 0.219614633748266 -9999 -9999 -9999 0.215606376144529 0.218514533196299 0.222859911624299 0.217108948599681 0.212236294567887 0.2122971920394 0.210803683247512 0.212342099147873 -9999 -9999 -9999 -9999 -9999 -9999 -9999 -9999 -9999 -9999 -9999 -9999 -9999 -9999 -9999 -9999 -9999 -9999 -9999 -9999 -9999 -9999 -9999 -9999 -9999 -9999 -9999 -9999 -9999
0.221839922584053 0.223108824821653 0.222677917644791 0.223238726348076 0.222075414511257 0.221183294656434 0.21958204959595 0.217097702508641 0.218102516234968 0.216746542559792 -9999 -9999 0.213965203289978 0.211518199406542 0.211179229917741 -9999 -9999 -9999 -9999 -9999 -9999 0.21410904711963 -9999 -9999 -9999 -9999 -9999 -9999 -9999 -9999 -9999 -9999 -9999 -9999 -9999 -9999 -9999 -9999 -9999 -9999 -9999 -9999 -9999 -9999 -9999 -9999 -9999 -9999
0.219805645799368 0.221190954099126 0.220723474094593 0.221376614511916 0.221424600528879 0.219425296391782 0.218017760955155 0.216762018664765 0.215742977985253 0.215583139309205 0.215754383770448 0.215709577713456 0.213853408079529 0.213569819254415 0.212789551424975 0.209545261008735 0.211492609028057 -9999 -9999 -9999 0.215205058328108 0.214811725380865 0.214847550628153 0.214881970341685 -9999 -9999 -9999 -9999 -9999 -9999 -9999 -9999 -9999 -9999 -9999 -9999 -9999 -9999 -9999 -9999 -9999 -9999 -9999 -9999 -9999 -9999 -9999 -9999
0.217015171790218 0.219977084286272 0.220476956142866 0.219709866565249 0.220185809874696 0.21898540989292 0.217632855967162 0.21569090192397 0.214314191589825 0.214217504025264 0.215413891734873 0.21849322248087 0.2146448391526 0.212714309365825 0.211827967435438 0.211087093977702 0.210956053858815 0.210939969200905 0.212120050434747 0.21226883327831 0.212911326496692 0.213267699435938 0.214140009568149 0.213883841753868 0.215827699375993 -9999 -9999 -9999 0.211354420733866 0.21073302635603 -9999 -9999 -9999 -9999 -9999 -9999 -9999 -9999 -9999 -9999 -9999 -9999 -9999 -9999 -9999 -9999 -9999 -9999
0.214806343262578 0.218689957690456 0.219300341146185 0.219351270210064 0.219143764071944 0.21791889537616 0.216815657458276 0.21434385816637 0.213321343083807 0.212936472074477 0.212884584982177 0.214766163413825 0.213934796192037 0.21348616656166 0.212092835888773 0.209655666770327 0.208720227972824 0.208999295005337 0.209955877362374 0.209434156564255 0.209805244681844 0.210031547849234 0.212776554090115 0.212199857129576 0.211266818436864 0.214855810561051 0.214248672955767 -9999 0.209426805592261 0.209649943104124 0.209273149920819 -9999 -9999 -9999 -9999 -9999 -9999 -9999 -9999 -9999 -9999 -9999 -9999 -9999 -9999 -9999 -9999 -9999
0.21452756930552 0.217216571586177 0.218611344069448 0.218448712653358 0.217776914477839 0.218597744228264 0.216536592877457 0.213787640142002 0.212595413661999 0.212599754949817 0.210785172882471 0.212189902278575 0.213200475592908 0.213920177877291 0.21383935055734 0.208429809834233 0.207411904359913 0.207689803535975 0.207141634439378 0.207450334739788 0.206489370720417 0.209210793158462 0.211615665528453 0.212408105367593 0.21349985536681 0.213668320669806 0.212713276995702 0.211585942927798 0.209333805182329 0.207294971953666 0.206290107433435 0.207403070069415 0.206369369363555 -9999 -9999 -9999 -9999 -9999 -9999 -9999 -9999 -9999 -9999 -9999 -9999 -9999 -9999 -9999
0.211801940798159 0.215211677305652 0.216017699090526 0.216111992514373 0.216869409273981 0.218269855881495 0.217669858152033 0.215016078175249 0.212288529579122 0.211983240277966 0.211769429784073 0.212238548374703 0.213539139039454 0.213483166243768 0.215268649659138 0.207874551244827 0.205861350321189 0.20635392443382 0.207368535079926 0.207020455562224 0.208323503317702 0.209865176239869 0.210794533959968 0.211127485592015 0.212136157997542 0.212443218797894 0.212493069668893 0.212650886479195 0.211237247233198 0.20877420527217 0.206180343437188 0.204786062196519 0.205082910631876 0.204096898450718 0.202769906255534 -9999 -9999 -9999 -9999 -9999 -9999 -9999 -9999 -9999 -9999 -9999 -9999 -9999
0.210013725677071 0.21259663391829 0.214489692787904 0.214126472429845 0.216200154548389 0.219556279010238 0.220741588799245 0.21802747903256 0.215511203615234 0.214866152904086 0.212653889971977 0.212306300431474 0.213909307672147 0.212549910832224 0.209732496498921 0.206269622460334 0.204953787600147 0.205365557619142 0.205963491283882 0.207407109289321 0.208090244265784 0.208595894034052 0.209766622330293 0.209904146975085 0.210592070013848 0.210942109137752 0.211216537327935 0.211935917127079 0.209244682288607 0.208510745147803 0.208892617009905 0.204690027149969 0.202126125597417 0.202261318661782 0.203090829899296 0.201429992008126 0.200289456469635 0.20028321213862 -9999 -9999 -9999 -9999 -9999 -9999 -9999 0.209922725096119 0.212179970780648 0.212655391714071
0.210632863372604 0.212696172302774 0.213857929862401 0.213192948603466 0.21375340677262 0.219114255468863 0.224726054555877 0.221947196651083 0.217124604196027 0.214746435455398 0.214256705019242 0.215843287114923 0.216494400045894 0.21387611044708 0.216233160199117 0.210014078828376 0.20672248663467 0.205980647594251 0.205086132516397 0.205838274489274 0.206604293911136 0.206856097208422 0.207502343878259 0.20858464358458 0.208222515420923 0.206060815893883 0.208026519677404 0.208367127048596 0.208521996647786 0.2076140268099 0.206975812263698 0.206647373994572 0.203781908872003 -9999 -9999 -9999 -9999 0.20021993191158 0.199845820858978 0.200051708485952 0.201379726429594 0.201525278483089 0.203881778593098 0.205279303269628 0.205764545671399 0.207162026021941 0.205999223319229 0.208044811519124
0.214516824545733 0.215039331808664 0.214119446141568 0.213312058868047 0.213464507759973 0.216335181617231 0.217684989606259 0.216496711720846 0.216114772549734 0.215812391774596 0.215835294639816 0.215997839019694 0.216611329554515 0.216982199071224 0.21674759298383 0.21530686278717 0.211037459773404 0.210503630113315 0.209875796250087 0.208816719530225 0.207617427354284 0.206180698302148 0.206047092260992 0.20443144278691 0.204314450078607 0.203680151782588 0.205014395113733 0.205931567728074 0.207332155967095 0.208144571328347 0.207323675141721 0.207067435842965 0.205605301208488 0.203396572937195 0.201661239542033 0.201208271305452 -9999 0.200528801622248 0.200020834679827 0.200842410681702 0.200044222591426 0.200880445129711 0.202318399110886 0.20362409439844 0.205334509973765 0.207373401250229 0.209393065638861 0.211720449315546
0.217394083350716 0.217265187220821 0.216448515389431 0.216051576873787 0.216299260755462 0.216096316668266 0.217377103677572 0.218506218592857 0.218679921854029 0.21857226717642 0.219232376265576 0.219049974982859 0.218593901764497 0.219571141392327 0.222465549053726 0.215032664589845 0.214609660036957 0.2137129855777 0.213451615332941 0.212614468217532 0.211838772465599 0.210732932268069 0.209212490006193 0.208028337079291 0.207371511478902 0.20664484410921 0.208148748363477 0.208649266628767 0.211040704549136 0.211792380256182 0.212276909055969 0.210190846552619 0.208311258041745 0.20706878282204 0.20357320739514 0.20206456070025 0.198652179551287 0.196834705532076 0.196970843047648 0.197849508919282 0.199717182753289 0.200273154373176 0.201299252077218 0.202370887647327 0.204936940828727 0.205834629629889 0.205649666557746 0.209655125025919
0.219643146672594 0.218790658192956 0.218386077838885 0.219294035855071 0.220709098151085 0.22179743555344 0.222430558044522 0.226570890021938 0.225986882707653 0.22181784446028 0.222883928774065 0.223232175071408 0.22307462684981 0.223560596816685 0.223555968863411 0.217909781960276 0.218073294528383 0.217711358205353 0.216849920874367 0.216443634878555 0.214362027513309 0.21285275201249 0.212064587182017 0.212059280163171 0.210752666972297 0.2098792341829 0.210933996159657 0.214646664772278 0.215880747835038 0.216077720176056 0.215886870377717 0.21344223888964 0.210748621280533 0.209323672731204 0.204970231221229 0.202209773955705 0.196467584099921 0.191500603356228 0.19411947224817 0.19284702688552 0.196195139295218 0.199472894691884 0.201545481372007 0.202450350810277 0.204074008552378 0.204437512470155 0.204912416409492 0.208409733953525
0.221910860550625 0.221185290760878 0.221269586687562 0.222169489329339 0.223483746078562 0.224610151393272 0.225202817463736 0.22762859832433 0.229444688145466 0.224934479520086 0.225959385892216 0.22819151673451 0.224578908182372 0.223057863042316 0.220269911890451 0.219525785819163 0.22181721828587 0.221899567492207 0.220597449123403 0.220168914012538 0.21845155427749 0.218388197581829 0.217115388197333 0.214762816950446 0.214496130520162 0.215248583513869 0.214530893362656 0.218892463100589 0.220247975129392 0.220260988536686 0.217666524063449 0.216049754519945 0.213561241102475 0.212230777409408 0.208721572144249 0.204439670041715 0.197045723202981 0.193842771651209 0.194977002962499 0.19467203654089 0.197947804152538 0.199228030899025 0.200892948231663 0.200258067487835 0.203112323127768 0.203368344825442 0.208008652270577 0.211320151930378
0.224137902656105 0.224167244544055 0.224907522807138 0.225716739525028 0.226600047701668 0.225115460211654 0.226537466823443 0.227771552757805 0.227338856653973 0.227362551172945 0.2282936374604 0.227113687928651 0.228735498810468 0.225516834267962 0.222588630740516 0.224233970663725 0.223480205346365 0.223137302688049 0.223566335440436 0.221941098240917 0.221411304892908 0.222555336657062 0.221419147721346 0.219605470319736 0.219336543234295 0.22143590048079 0.222414823163566 0.221732796085814 0.223040682079761 0.222000526718402 0.22033794910503 0.218142874882404 0.216333920444512 0.213441582534423 0.209627848892679 0.205992999908186 0.200804088608746 0.198059949272572 0.195781900839038 0.195899381271147 0.196582593943951 0.198737051777206 0.201394887356338 0.201711677728772 0.201584196198324 0.203024684117259 0.204010221725313 0.211234590942037
0.225607238823146 0.227065292384937 0.228180866880768 0.228180153818357 0.230542473405059 0.229312746729872 0.229280866111761 0.232755031187477 0.228439550046494 0.229686212155275 0.229889929828996 0.226419944001057 0.225638117511734 0.225490151713419 0.225462798832682 0.227491280996241 0.227839119496282 0.227309841967634 0.225144049262529 0.224541077254653 0.224400737741922 0.222594515558963 0.223940249541883 0.221954547142774 0.223148299958674 0.224965592915213 0.221750910521861 0.223513344116779 0.224162504597907 0.223808013312109 0.221267289094664 0.220960696920864 0.21908078931564 0.216046740617756 0.213145135297523 0.208847513234492 0.201714247135998 0.20118291767432 0.198172891187123 0.195847497394727 0.196029160177859 0.197739438385604 0.200533114134426 0.20151542671227 0.203486331210156 0.20389084193917 0.20499736008319 0.206045885516409
0.230290298915607 0.2311163982601 0.231037889117002 0.230800387977867 0.231885757539824 0.231244594294333 0.231766551790651 0.23332214192748 0.229308176030592 0.228118091862862 0.228089704561014 0.227493468135765 0.226450651961869 0.226426606717726 0.228565226616912 0.230502846543151 0.230882084542762 0.230533484157012 0.230090886112778 0.230470258341127 0.225628540172785 0.226544312934136 0.22492440839856 0.225325742893189 0.227916942792366 0.227121035678169 0.22098967142325 0.22617864121765 0.226952503575733 0.226252227519069 0.224323738990107 0.220794281616525 0.218479969950571 0.217867733008854 0.215243040677008 0.211299185645644 0.202113451559225 0.203084417442617 0.199764762660437 0.197468094499484 0.195464267866028 0.196725477265679 0.199369560901057 0.199174285420897 0.202499645843879 0.205871385140437 0.208121207844225 0.208120877446578
0.232575880522923 0.233675257035907 0.234556922817862 0.233803368948041 0.233606008311918 0.233909792876499 0.235103804298079 0.237502472410905 0.234414471552617 0.230954100524182 0.229009804628907 0.228720098389596 0.228463394760154 0.229070163628894 0.231219071354825 0.232425717580569 0.233253044101084 0.231940466487408 0.231885917780925 0.233211157367344 0.233038216115624 0.230318765857774 0.230821638171905 0.22846923510804 0.226786469519233 0.223693731220132 0.228849475350128 0.231891549089826 0.231257630370076 0.229672162257561 0.22751872339304 0.226058849613719 0.223673556601695 0.220298702952776 0.217852418610739 0.211054906164159 0.204586821579526 0.204143625007852 0.200951198200193 0.199376170272845 0.196083571946533 0.196491459035933 0.198945421046887 0.199511113601658 0.200381709587037 0.203811807037434 0.206974039714529 0.210813655614923
0.232803482037568 0.233804190987404 0.235794429479616 0.236954849945922 0.238459650586265 0.238968499017813 0.239759750463575 0.242233501011224 0.241413038529106 0.238547091986174 0.234152291041073 0.232740900065924 0.231268146129494 0.233742307225111 0.232285111904162 0.232398380875806 0.232912971059668 0.234555143481248 0.232695440906412 0.233565876817557 0.234354530978622 0.230256577646072 0.231486195437026 0.230311494386043 0.229452748585882 0.226492008955569 0.223447828882955 0.231083492309601 0.231869870613262 0.231336048354222 0.230786793964398 0.228492113210377 0.226224809310901 0.221984412148687 0.219397287310761 0.212823521784981 0.205413156916648 0.205314118754945 0.205889040434415 0.201234028818366 0.198473307097409 0.196871111653504 0.196762630427092 0.198898246043106 0.201180584623699 0.203503730942692 0.206644253013337 0.209704728430732
0.235474417879977 0.234268913006722 0.236485227503694 0.239881906788058 0.238521107983362 0.24005187802809 0.242968633899142 0.24091132190286 0.239297680711669 0.236867430389126 0.234706874093552 0.232297192283639 0.234680188838737 0.237418547332567 0.236182031691801 0.234149940161312 0.23314904287568 0.232389596322148 0.233048684661171 0.231036170350827 0.229971103480217 0.235461635591277 0.236341337158552 0.229587122767063 0.222619560292009 0.224491549921291 0.231759431368836 0.23209337907201 0.232634290887616 0.23289847706463 0.230625733616927 0.228841615439894 0.226442029879741 0.222458481460231 0.220265008706101 0.209628602649941 0.208329212996272 0.209002524589893 0.20844837544232 0.204396304101225 0.202405212521475 0.200547242809712 0.200137958102406 0.201216008168785 0.203588753909462 0.205092955287569 0.206564096334017 0.209450554640088
0.237386547469982 0.237786517404258 0.236791555559555 0.240688841225954 0.241685005048225 0.243608337099661 0.246469763981513 0.248424415067074 0.241729976815072 0.236437145702989 0.23472685321367 0.236008030067999 0.239050643377474 0.240268115100553 0.240394853182184 0.241194798073417 0.23858528345685 0.240614432652572 0.240474444211254 0.239312484531952 0.236209006021453 0.234543691754325 0.233087929006505 0.234210124975439 0.229709467386901 0.233122006188712 0.238830089984629 0.238689681854559 0.236133202317756 0.234955412805047 0.234162744380199 0.230579782248337 0.227685866133404 0.227861694122217 0.222432666818805 0.213222118217433 0.208886168718631 0.209979375072274 0.208462930385826 0.210994735648314 0.209663392476257 0.211688510531442 0.210894911600652 0.212169170428029 0.207789962209869 0.204635486784169 0.205631272047139 0.208060778181419
0.240393721281467 0.240264492407986 0.239074522997902 0.238312500336265 0.240673996302062 0.24231782199383 0.243812451972638 0.24330632367488 0.242028711455615 0.238171088559461 0.237660048433654 0.23924086582652 0.239116973806148 0.242006121814303 0.242244657030642 0.241142987270414 0.242371336335739 0.238328980398943 0.239395113121837 0.242789318071363 0.239103844241828 0.235966840316094 0.231894215935123 0.236657732733796 0.234478696536805 0.231924809596671 0.23867441212857 0.237827677199166 0.238405905340897 0.236920078902362 0.234112850083831 0.231811539425219 0.23379245400845 0.229822152341086 0.22412888483168 0.222413594948858 0.220502022633066 0.217935000923076 0.208064660639709 0.212501201820928 0.214510281640703 0.218030252274705 0.21795343682218 0.214356056962407 0.208585905435408 0.208488453967956 0.20844566257885 0.20792162255911
