out/reserve_proportion.asc
NCOLS 470 
NROWS 479 
XLLCORNER 143.8 
YLLCORNER -43.7425 
CELLSIZE 0.00999999999999998 
NODATA_value -9999 
[rows 176 to 197 of 479, columns 384 to 431 of 470]
-9999 -9999 -9999 -9999 -9999 -9999 -9999 -9999 -9999 -9999 -9999 -9999 -9999 -9999 -9999 -9999 -9999 -9999 -9999 -9999 -9999 -9999 -9999 -9999 -9999 -9999 -9999 -9999 -9999 -9999 -9999 -9999 -9999 -9999 -9999 -9999 -9999 -9999 -9999 -9999 -9999 -9999 -9999 -9999 -9999 -9999 -9999 -9999
-9999 -9999 -9999 -9999 -9999 -9999 -9999 -9999 -9999 -9999 -9999 -9999 -9999 -9999 -9999 -9999 -9999 -9999 -9999 -9999 -9999 -9999 -9999 -9999 -9999 -9999 -9999 -9999 -9999 -9999 -9999 -9999 -9999 0.213848149701227 -9999 -9999 -9999 -9999 -9999 -9999 -9999 -9999 -9999 -9999 0.211831332915291 -9999 -9999 0.20497456198416
-9999 -9999 -9999 -9999 -9999 -9999 -9999 -9999 -9999 -9999 -9999 -9999 -9999 -9999 -9999 -9999 -9999 -9999 -9999 -9999 -9999 -9999 -9999 -9999 -9999 -9999 -9999 -9999 -9999 -9999 0.214712110786806 -9999 -9999 0.213175951376269 -9999 -9999 -9999 -9999 -9999 -9999 -9999 -9999 -9999 -9999 -9999 0.20805363675603 0.208567163118746 0.207391736157916
-9999 -9999 -9999 -9999 -9999 -9999 -9999 -9999 -9999 -9999 -9999 -9999 -9999 -9999 -9999 -9999 -9999 -9999 -9999 -9999 -9999 -9999 -9999 -9999 -9999 -9999 -9999 -9999 -9999 -9999 0.216518724565197 0.216654431475128 0.216315772450386 0.215974376363337 0.213842692598763 0.213037753634581 0.213074527296711 0.212994228997891 -9999 0.211579381130175 -9999 -9999 -9999 -9999 -9999 0.212127930949138 -9999 -9999
-9999 -9999 -9999 -9999 -9999 -9999 -9999 -9999 -9999 -9999 -9999 -9999 -9999 -9999 -9999 -9999 -9999 -9999 -9999 -9999 -9999 -9999 -9999 -9999 -9999 -9999 -9999 -9999 -9999 -9999 -9999 0.218024580088461 0.222446536182212 0.222001218287008 0.216768491178429 0.214117202064418 0.215499161207342 0.214811316183243 0.212910172012517 0.212830628255912 -9999 -9999 -9999 -9999 -9999 -9999 -9999 -9999
-9999 -9999 -9999 -9999 -9999 -9999 -9999 -9999 -9999 -9999 -9999 -9999 -9999 -9999 -9999 -9999 -9999 -9999 -9999 -9999 -9999 -9999 -9999 -9999 -9999 -9999 -9999 -9999 -9999 -9999 -9999 0.216972305070152 0.21689812838466 0.216670753710749 0.216427501905494 0.216128812869699 0.217068045046273 0.216925708251865 0.215086406078757 0.2130727320564 0.212611588496906 0.211602907267804 -9999 0.210562210275436 -9999 -9999 -9999 -9999
0.215249334541542 -9999 -9999 -9999 -9999 -9999 -9999 -9999 -9999 -9999 -9999 -9999 -9999 -9999 -9999 -9999 -9999 -9999 -9999 -9999 -9999 -9999 -9999 -9999 -9999 -9999 -9999 -9999 -9999 -9999 0.220727808017934 0.218750014258423 0.219580622573462 0.217622274252129 0.218287081172268 0.217660845296981 0.22150403160602 0.219497004358927 0.218327833022414 0.215293364417686 0.21397908837821 0.21285484844922 0.212322351937795 0.212002982671942 0.211515921041481 0.211398945613262 -9999 -9999
0.218888251420013 -9999 -9999 -9999 -9999 -9999 -9999 -9999 -9999 -9999 -9999 -9999 -9999 -9999 -9999 -9999 -9999 -9999 -9999 -9999 -9999 -9999 -9999 -9999 -9999 -9999 -9999 -9999 -9999 -9999 0.221457544079936 0.221723463293919 0.220299144656618 0.221253200734373 0.221990324446809 0.219040092354832 0.222171520990988 0.221752771121745 0.223331124403623 0.221474231489918 0.218766136063174 0.215075134525948 0.213388125461482 0.215625888145578 0.214278563607952 0.216180317878195 0.213310255474781 -9999
0.220548824509103 -9999 -9999 -9999 -9999 -9999 -9999 -9999 -9999 -9999 -9999 -9999 -9999 -9999 -9999 -9999 -9999 -9999 -9999 -9999 -9999 -9999 -9999 -9999 -9999 -9999 -9999 -9999 -9999 -9999 0.222464406733555 0.228407372722646 0.228240405832095 0.228758313482314 0.228964947671623 0.222369919324185 0.224562845104576 0.225232867766119 0.226661274225306 0.230690598935336 0.224091636197441 0.222334661795612 0.215251943633209 0.215359382728118 0.217163255982935 0.219822987293738 0.213791534037523 -9999
-9999 -9999 -9999 -9999 -9999 -9999 -9999 -9999 -9999 -9999 -9999 -9999 -9999 -9999 -9999 -9999 -9999 -9999 -9999 -9999 -9999 -9999 -9999 -9999 -9999 -9999 -9999 -9999 -9999 0.219841407288676 0.223406389065835 0.232333985615206 0.237328759893006 0.236137967738197 0.235833473208531 0.224823879706305 0.229963275703446 0.227628793262051 0.226185496341763 0.223519075887373 0.222055715422645 0.2193608365585 0.222321247129695 0.222852358295161 0.220622481714655 0.219912009404314 0.217155684929897 0.215161056610974
-9999 -9999 -9999 -9999 -9999 -9999 -9999 -9999 -9999 -9999 -9999 -9999 -9999 -9999 -9999 -9999 -9999 -9999 -9999 -9999 -9999 -9999 -9999 -9999 -9999 -9999 -9999 -9999 0.219433078274358 0.22095535967269 0.223184311527397 0.228871164810327 0.236853730252935 0.24149540597561 0.235538763423797 0.227341990757762 0.225025308272492 0.222685417682899 0.22078323281162 0.221437577186748 0.220827051157762 0.220052545182963 0.224539070292354 0.226477107243421 0.222560494869717 0.218893518345446 0.218489933698931 0.216540905758282
-9999 0.217283302695252 0.219836617471886 0.216612614926641 -9999 -9999 -9999 -9999 -9999 -9999 -9999 -9999 -9999 -9999 -9999 -9999 -9999 -9999 -9999 -9999 -9999 -9999 -9999 -9999 -9999 -9999 -9999 -9999 0.221985853115385 0.223725247847484 0.225362501183471 0.229672405271659 0.237424564080495 0.245532085606172 0.238335308290372 0.22884134873016 0.22455998169745 0.22291294531053 0.225150985768916 0.225844742872573 0.224506994585562 0.222866336161272 0.223861658277223 0.22293330221702 0.221308197890324 0.224487386846476 0.222091130191588 0.218039361078495
0.218033961285484 0.220490342433124 0.221323545441315 0.218856717333217 0.218952855511939 -9999 -9999 -9999 -9999 -9999 -9999 -9999 -9999 -9999 -9999 -9999 -9999 -9999 -9999 -9999 -9999 -9999 -9999 -9999 -9999 -9999 -9999 0.221574208749795 0.223442655600978 0.225831750262459 0.226879355878492 0.230036984846529 0.237463864727868 0.247102329255103 0.239491901794843 0.235024241886698 0.232600102183079 0.226070070766124 0.228460397608744 0.228451014814161 0.226256728014069 0.224698576840901 0.224300328303894 0.22456038189685 0.224020382144477 0.227595668320328 0.224459420847281 0.218734188396934
0.221796350808972 0.221918536873033 0.222774599996957 0.221808403245414 0.221039138539338 0.218522895857999 -9999 -9999 -9999 -9999 -9999 -9999 -9999 -9999 -9999 -9999 -9999 -9999 -9999 -9999 -9999 -9999 -9999 -9999 -9999 -9999 0.221965611563139 0.222099396511668 0.222872541529155 0.224900998258175 0.22848094554198 0.232766918992506 0.23389748099234 0.239187937724936 0.242172798097334 0.24137260167023 0.239270392483549 0.231196667628277 0.228245609991287 0.230297789221379 0.231087589732172 0.230736674501956 0.229974993477123 0.234772874373638 0.232507853567068 0.228351976146483 0.222935131397426 0.221873300880912
0.226000988674421 0.223399454035515 0.22260084613607 0.222576166964343 0.222035454141059 0.220857598392389 0.218418816065813 -9999 0.218916384799248 0.219176624029226 0.224910166355203 0.229585331509247 0.22181889264071 -9999 -9999 -9999 -9999 -9999 -9999 -9999 -9999 -9999 -9999 -9999 -9999 0.224331788182048 0.225538730044275 0.225471841364667 0.224967214570253 0.228581153681114 0.231737342611856 0.234679938165451 0.23783973790619 0.240284095945932 0.242821746347913 0.243631278082332 0.235109135428121 0.231123056149229 0.227482762448777 0.228968214678999 0.229765535670956 0.231428025920892 0.232233190386637 0.231774715189603 0.23433474443264 0.231174775281506 0.228502273450302 0.224634793168191
0.226798877662729 0.223788042542939 0.222416936973288 0.222659824866101 0.222611363503718 0.221947779663912 0.219374272245295 0.219033252577022 0.219523555604975 0.220228214644366 0.224659648385216 0.224029660917084 0.221401131235237 -9999 -9999 -9999 -9999 -9999 -9999 -9999 -9999 -9999 -9999 0.22274159731027 0.223643376234821 0.226600041306506 0.230329287181011 0.230422609756091 0.22984751461079 0.229966745442567 0.233292906397724 0.239865048034844 0.243549361635055 0.247863644957961 0.250275994295863 0.244630786222596 0.24065966571345 0.241415882363426 0.232441491475815 0.229315353982147 0.231904056688872 0.23399102267166 0.236422674925546 0.234068378837827 0.229215949083442 0.229969208595388 0.229775935117814 0.22619363994341
0.225188879296283 0.225067332949009 0.225202333648391 0.22596529238065 0.225452814940076 0.223348554591466 0.221714329064481 0.220651367685668 0.220587502527317 0.220860558124823 0.222190116862131 0.224302889166058 0.225323724531131 0.222441094031255 0.222270551934582 -9999 -9999 -9999 -9999 -9999 -9999 0.223043998614247 0.223186322110361 0.223087667450388 0.224404319367061 0.225653459403098 0.225658419351266 0.224572489920704 0.228351578045023 0.232712288103817 0.241767236198941 0.249966613935823 0.25162528902724 0.251741111472767 0.250592617170504 0.248670324026226 0.239384180628203 0.234146059632736 0.233002309361144 0.230812819507617 0.230990563331909 0.233430334304256 0.234489268574153 0.234102977932102 0.231071570696526 0.22633136606187 0.225995343502743 0.229511980620008
0.22499108162898 0.226318236269741 0.228265351928907 0.225362631607454 0.223759431308393 0.223130820532104 0.222291828829954 0.221958172439878 0.221560934576542 0.222149115148187 0.222119938338961 0.225517758661813 0.224669849500814 0.222516977033978 0.222454835729168 0.222678147676043 0.223220163478335 0.225358497032065 0.225246417466868 0.224974079655516 0.223986681362291 0.22388132751181 0.224109043591558 0.224290748251671 0.224977169152179 0.225304236494688 0.226184728712674 0.226313520661193 0.226254596492103 0.227585331567128 0.22922881839071 0.233135188527434 0.235532589456013 0.23889539252734 0.236645505429907 0.243589464320038 0.242626014813906 0.235116919970767 0.234504054106979 0.23303297829779 0.234802965036138 0.232362200249053 0.229646603987096 0.229817223858228 0.232197973448872 0.233111943301612 0.232129104445528 0.235549463494211
0.223794395310795 0.224837118799506 0.228213604144523 0.226676085400095 0.22531283347628 0.224281127845836 0.223131656943906 0.222541261347254 0.222544108708409 0.222669845356635 0.222801720908306 0.223521190480037 0.226106666132628 0.226178827986355 0.226087407906779 0.225467510100991 0.226666852783543 0.228702883860825 0.228993124410046 0.231024844951484 0.229495632362533 0.227459003867938 0.22755813511665 0.228071381234339 0.228040750622636 0.228429684553814 0.228691702821641 0.22888764912936 0.228717441591803 0.228179375505936 0.228490426519266 0.228349563172504 0.229779011132972 0.231398659304399 0.233846480081532 0.236807897050401 0.239928541890581 0.242381600461845 0.23548592763021 0.233098572165685 0.233970518586725 0.236992886537599 0.237466130810796 0.233489022066116 0.229601491022744 0.232086340811649 0.23366828588166 0.23512488217713
0.220261142697135 0.222979414364691 0.224413652251308 0.224631172099075 0.225723438467492 0.226896326890088 0.224492329427862 0.223087849658463 0.222684894805815 0.222840060419896 0.222993614803146 0.223548584467281 0.224137146164824 0.225596609537412 0.227110093447575 0.228599741246915 0.231309309853553 0.234587686230922 0.2349694229032 0.239312357618377 0.237581281423412 0.232060229429997 0.228530523311114 0.228353828042466 0.229560868416163 0.230140601025609 0.230573300616113 0.231163607788269 0.230187303116809 0.232108728334833 0.231539619302996 0.231578528547597 0.231022715503612 0.230787955363664 0.232270859677213 0.239017789451401 0.239252958362688 0.237525420621401 0.24062167087556 0.238155651697247 0.234220619605204 0.23234897660884 0.23181355177487 0.231419042691551 0.230741518716562 0.230586084765866 0.232791130178985 0.233505471923181
0.219486138885543 0.2200631244801 0.220956598404499 0.22125158827946 0.222069221501445 0.222436552832364 0.222962227703362 0.223302451625146 0.223979370665853 0.224186336664643 0.225091649205484 0.225043744701715 0.225470091992159 0.22664909279951 0.228808178858634 0.231829058099697 0.234886545833906 0.240662136234322 0.239540376145068 0.236312798304085 0.235131444448851 0.231450661703846 0.230649997468643 0.232717270359918 0.235443503486994 0.234653162608947 0.233472134714715 0.233901862735628 0.232584223415859 0.234744994891492 0.242118612322498 0.236115378815395 0.236522612102543 0.234971140495558 0.233831507248464 0.233672678090117 0.236613024422283 0.241386023540678 0.245116512046035 0.242489977451676 0.237576732590027 0.236559546015105 0.235298356795421 0.238487421688496 0.237381766591978 0.23277885369286 0.231311535240495 0.233391768357899
0.221068155592807 0.220720095601371 0.222026266290462 0.222534454084868 0.223130136844003 0.224205088900785 0.225986939493356 0.226215588271093 0.228677049341778 0.231560074202558 0.231653257031539 0.227483329362795 0.228085421681037 0.229840540149471 0.233054967172772 0.235222002250867 0.234107399160112 0.236806193802293 0.239832031233088 0.236073512140093 0.23587599613548 0.232092909667962 0.234593207394541 0.239266748786865 0.241408999693747 0.240704643025011 0.238694502284223 0.237364456397469 0.233170062561192 0.232288086116332 0.236099491024845 0.233177244943979 0.238169170901398 0.242484878645433 0.239337844632458 0.23843560057142 0.237940555940904 0.242457722299614 0.244948627000331 0.245140232623424 0.244903688410619 0.242592342300479 0.239206173180257 0.242797080309869 0.242239427140766 0.233664133863211 0.234568332779183 0.232836173060268
