out/reserve_proportion.asc
NCOLS 470 
NROWS 479 
XLLCORNER 143.8 
YLLCORNER -43.7425 
CELLSIZE 0.00999999999999998 
NODATA_value -9999 
[rows 242 to 263 of 479, columns 144 to 191 of 470]
0.405614209538198 0.431958336704244 0.425601112012448 0.4268497312264 0.429639747707563 0.4224782166935 0.409869074059733 0.399998070341446 0.395674837657342 0.417258964267383 0.414989510102732 0.416239314032283 0.429480646192075 0.419001916451286 0.412279365916208 0.411090922713129 0.418232333530893 0.413908764918223 0.410654018427664 0.422876693097597 0.433633862495526 0.434957998418514 0.432065885427853 0.41622568880797 0.412592592152131 0.400649598899008 0.382364561754901 0.380373738221509 0.382815549503295 0.396881904472514 0.411075228357493 0.419401174568394 0.417206612460971 0.421555210456759 0.418679457219724 0.416156013812938 0.416657361890584 0.414035801354384 0.411958504493913 0.408795525703689 0.407533869086914 0.403748222873138 0.404412964422557 0.391912328348629 0.395520307289581 0.394595846577061 0.393928626930044 0.395151697481278
0.417080099067942 0.419594236627244 0.423033798547614 0.423341975166415 0.424452914284475 0.425713366870707 0.403433690612352 0.395119988728037 0.417012071266042 0.429046769510956 0.43572599687238 0.423994674396508 0.413917933416772 0.402313904972971 0.401527735454913 0.411655046637031 0.407509266922333 0.40438099462033 0.405488132502764 0.416746895828215 0.429539116884762 0.442080591643699 0.428016552957958 0.431745674112373 0.406616239474898 0.403089598403727 0.387565040512594 0.392318700618623 0.388127764408783 0.408008141626225 0.415525883234424 0.420446291639721 0.420557898193884 0.422540317305184 0.422131033241097 0.415994249562402 0.418034269001242 0.418644378166752 0.415603246267398 0.41396419371818 0.414746731853843 0.408955671350342 0.405830715264216 0.396793950290083 0.397875118037788 0.396475296178983 0.401528867289877 0.401925320024847
0.417311048713781 0.42149424682258 0.420515307103947 0.41775723870612 0.415613560429928 0.405215739368723 0.400416847394702 0.420793914068915 0.421909564393499 0.420449745284143 0.426039241943244 0.421120673566998 0.40159816963664 0.417958210548941 0.409765942426524 0.405488284219454 0.410197703421372 0.410419722115439 0.419774438049601 0.453821464095094 0.457918186650962 0.444284534828446 0.425563119064698 0.418567927525905 0.417087457392505 0.405098699257253 0.387921439833235 0.391621668695251 0.400410509548348 0.390681782846236 0.396848982137454 0.40677587908969 0.412944097325904 0.417263839930885 0.420430176528149 0.419102681027784 0.415805621248347 0.418061409586026 0.420585860761806 0.418325773000999 0.418308791839454 0.414759948578381 0.41029265536533 0.397865613723289 0.402001013401739 0.403789312821376 0.409161520088384 0.408846862963324
0.421735239828659 0.40908513724853 0.418964804707438 0.436310561825475 0.410045781157316 0.392392796351968 0.401152037678869 0.410747499653792 0.410438080087045 0.417279716915999 0.41602836259413 0.406991893336262 0.400919549293489 0.405160162984681 0.401175499066902 0.404436394716589 0.422858207663266 0.436937238778657 0.437339567136376 0.444379109538276 0.439615678008513 0.435940533550272 0.441042618656444 0.42079971104413 0.404548021163527 0.39536142316437 0.398065787790514 0.392475803725713 0.413830275879245 0.417490969849928 0.398342418299167 0.404094458949312 0.416484647334383 0.421597853272638 0.423994782515071 0.422703295609669 0.420843604947878 0.417294513338916 0.41649670016057 0.416529790752003 0.416790229933975 0.417306683156672 0.414452179604924 0.403137312383943 0.39991511577484 0.408292056860789 0.414661392356073 0.409845449099241
0.42603125370956 0.412649730185094 0.410447963515553 0.423664902905743 0.395215913680397 0.402549809723535 0.410893034507431 0.414270023516268 0.413726358425614 0.409145593411675 0.408623933514493 0.402468485189823 0.397300245787905 0.401940492759792 0.418102700735434 0.428574522515224 0.425213407460207 0.427311468394804 0.419059393137703 0.427835493086018 0.418104809103148 0.427425175962261 0.445380587574574 0.428301021368132 0.408360820416312 0.400636870743402 0.411639627399152 0.397952117134943 0.402881303379935 0.415131839387643 0.414100927425071 0.415138667245256 0.406287846909635 0.410911591181298 0.423629470470747 0.422654097535732 0.42303926749159 0.422023808906535 0.42042374930085 0.420781479209282 0.416200616937251 0.413459325058512 0.408774396001399 0.402892739612749 0.40102573091902 0.408515078618746 0.420424877083335 0.411985502408495
0.423087561826296 0.409721653578092 0.391697416961368 0.39665492138632 0.411136281163712 0.4188950039978 0.414633415995708 0.419217833943188 0.423260011082918 0.419052301249499 0.404166197589097 0.398514982031223 0.400592544262752 0.420006224697862 0.416380514691677 0.416162702387439 0.414453803017118 0.415691350848274 0.424921483572444 0.420016278966229 0.420004201137711 0.439867232218923 0.43741542780172 0.43260766460239 0.412340866721096 0.401367495615343 0.411633626907924 0.425390026296901 0.446114448824393 0.411607677115982 0.411876831598438 0.424551220533235 0.428350752096334 0.420117136231671 0.416852739943642 0.418191313036214 0.421197636352872 0.422585729161868 0.420931161008456 0.419379886776347 0.416125328937407 0.412069169161231 0.407446725556339 0.410845633260249 0.405995916963071 0.407745243417543 0.41183048694195 0.411350362449074
0.408945619822864 0.402594816335155 0.386687126582522 0.40584565812997 0.404927094581556 0.406873814676629 0.417990445709815 0.42674607758377 0.424564676490933 0.426500670676308 0.400980662449229 0.410461340984597 0.416106993057781 0.44743039185726 0.482954327293412 0.474140939061427 0.445799265776855 0.420757699308175 0.41987309104676 0.417989177045908 0.434947988919959 0.423826309981669 0.416282048618372 0.409373119637383 0.407637653811576 0.411989574296025 0.406218407301293 0.420275528927705 0.435727779960655 0.413177083877322 0.421395799365177 0.431252539961584 0.435473496380488 0.429175242314256 0.427326188522233 0.426157032759726 0.424241774413825 0.422802905075607 0.420608335810168 0.41837927197425 0.417172417423243 0.414499793978751 0.41022585299301 0.412756647239163 0.410026476179891 0.416605820870712 0.413882172334047 0.415136725733018
0.406486440071078 0.39965122020021 0.391240600017616 0.401748295676397 0.416746685319542 0.427835626324691 0.421676541233602 0.428364432731354 0.413645369268226 0.421621108131839 0.401596871554911 0.415188710426599 0.435127881331363 0.48499325167033 0.488547761390961 0.460430488414306 0.420531121822472 0.41877978809889 0.433047643457868 0.442747008895041 0.43271697998079 0.431563899944537 0.431714138632322 0.427818716121923 0.416840159998491 0.422494309043572 0.418971198167586 0.431469859588128 0.435111894917592 0.420334354590138 0.427887668141035 0.433706701477088 0.435850678526162 0.435101470434134 0.432836496415828 0.431474403415842 0.428045521355804 0.423554724273574 0.420788930657826 0.419071693876173 0.419811086614402 0.416047930754147 0.41227064028145 0.411447461188472 0.41066388871136 0.41303487095229 0.415592718788512 0.421579440073619
0.408255437090127 0.386023857531085 0.392383499057075 0.411742874279081 0.427455275746131 0.412135447319293 0.413701410036727 0.419613243684429 0.417183866335681 0.399396676864431 0.418567116941846 0.43086379160646 0.447273688824076 0.45739718151199 0.429031021934136 0.416668630163576 0.413450105794599 0.423735056604149 0.443616606056833 0.457567627457876 0.444264132087547 0.441511763862686 0.437005612203537 0.432653563610133 0.421627646690811 0.424469695334611 0.435441492956488 0.426863081663442 0.43812324980286 0.431960854353021 0.427157327966309 0.433293366478907 0.435695426241064 0.435968847059475 0.432906137780176 0.430772535843681 0.427446293515074 0.42473588333705 0.423463812906264 0.420342157874531 0.4180127969118 0.417274394638286 0.417663948881118 0.413726047907982 0.413190171758889 0.415657587273012 0.423694782068575 0.425796860969298
0.394869188550165 0.404950858948955 0.409300964381325 0.411756492723415 0.409063055764334 0.406052696326743 0.397621845721244 0.403789597946919 0.405348982686736 0.40113173593762 0.417651043442643 0.41649133387139 0.422786619966375 0.416418655561514 0.410973896040778 0.420287653673117 0.431614289396671 0.434403233251923 0.445840464532054 0.456085318788211 0.457439560461202 0.45556927669706 0.446274828609028 0.466436714085558 0.446585754784153 0.443235257943664 0.445956605966952 0.441498257367526 0.441117732281102 0.434620771417022 0.430179052720595 0.43069199171464 0.436320803855355 0.437092710915131 0.435200065045243 0.431417325592769 0.428330049710998 0.427503705933054 0.429925288890941 0.425300736869291 0.420487827116496 0.42144730698067 0.420333590441127 0.414948563014785 0.415783095631911 0.41657768631493 0.422507603860246 0.427110302736173
0.41931178745013 0.40901499440636 0.396435180592226 0.395064038691571 0.39424559661921 0.400366948668118 0.396459678017136 0.408437672548731 0.408677593362871 0.406022925671664 0.40855545583794 0.418655918972763 0.419506602014468 0.409460243845579 0.41661852909599 0.424419039134288 0.439476287242589 0.435645378824414 0.449851312964381 0.46156541118453 0.463547776184874 0.465190037858005 0.466507566025536 0.48718753894644 0.464712593419818 0.450885938531028 0.445452706196517 0.444133752832931 0.441264682100741 0.438617341817357 0.439393969055405 0.437971355839962 0.438018229573897 0.438606437679019 0.437610592772146 0.434381589858525 0.431253589163819 0.432382196595039 0.431318806887715 0.431140209185924 0.424678980351785 0.424148697004004 0.422568254579535 0.419211221655486 0.420702566883762 0.423026423057292 0.423022280136778 0.427331359633999
0.418145856700621 0.395558638098855 0.391134506227868 0.399115575497782 0.410150303294308 0.409020629890499 0.40853515525863 0.409716401285604 0.415170141854265 0.404151578096981 0.414635052379944 0.417094225556513 0.416633883950609 0.410838145236207 0.428765207656653 0.455548505968525 0.46816993255808 0.474594734464311 0.475736434438499 0.477267444196842 0.488133271107674 0.476533596203058 0.468936464928984 0.475691196309187 0.460630158345384 0.45079129619114 0.445653347099328 0.444709282597862 0.444269228037348 0.442519849669532 0.443219971138264 0.439502947612481 0.440082502926827 0.441774698879307 0.442151539500962 0.437731042709594 0.439092063217054 0.458242257641304 0.438350097470065 0.435354343763008 0.429127805830134 0.428369933793566 0.424809286448798 0.427465500330525 0.425402055793062 0.422106626383608 0.420751726124338 0.423687758996134
0.410228410231753 0.392922915878495 0.404854441562369 0.405444743506661 0.412036805386122 0.405376527979391 0.407533180008799 0.403581035388831 0.4050077356925 0.405008220709849 0.405696956920693 0.40678302407506 0.40901267734176 0.416947273648078 0.42930486454968 0.443033107185217 0.467462511387441 0.485831779910034 0.48144822854369 0.497115677957299 0.493572625358739 0.473967389467637 0.465950370324986 0.46814734517452 0.459546540056653 0.451601134162999 0.446880019916919 0.44458980714 0.445320572524008 0.440963145129118 0.442310358868735 0.44486312201974 0.444134612103102 0.446136767246889 0.443371096440414 0.441818683897227 0.455829853136872 0.499437607435137 0.453589498619815 0.441285110671825 0.440390736455026 0.434297500829263 0.437966277947095 0.436530978388669 0.432080283224281 0.428797274475646 0.425954449542096 0.4287173907894
0.397748243216494 0.395468103209445 0.399874206378412 0.407252772038939 0.408568200206436 0.403214391498605 0.403303974481883 0.404533580862739 0.408803666844375 0.416988080398305 0.414469886959634 0.408062017195875 0.417864985491839 0.435341876483807 0.453771106642784 0.467409913760541 0.471154014921542 0.473695449448968 0.479948145000652 0.490576537038716 0.478484649598707 0.466747921828805 0.45472652013966 0.456854470049129 0.455695081438566 0.451856772521063 0.447552844857436 0.44481342652979 0.441424154967512 0.440946100867319 0.45297627020713 0.452485659629702 0.443585679593548 0.440575253108848 0.438216196781304 0.437968958925931 0.45496641669774 0.489843026468468 0.481293428134631 0.473446768971929 0.466219822744255 0.44001297371828 0.443880030420332 0.448709649135895 0.435644176360359 0.432043677222895 0.430474988380541 0.433318040975614
0.398353477100688 0.4017879330922 0.402018639261908 0.416009461298497 0.444877807165967 0.42800727909278 0.418407986851211 0.423078123045237 0.416828041224351 0.412477178762658 0.418273279481666 0.418479175936719 0.43729796721584 0.462986108443541 0.46897001257648 0.468319090581824 0.465547538879936 0.470046008072358 0.480227482714703 0.474357941404032 0.467555181508521 0.466421118724406 0.457251346565336 0.445637774001147 0.450424335458907 0.452399029722866 0.450850209737067 0.445438910179279 0.440534498207206 0.444999196715752 0.447784517339245 0.444791770558904 0.445903572493281 0.443030856255768 0.432239854126632 0.433384584259575 0.442615892871367 0.470436937061114 0.480826848639583 0.459520851429614 0.442013497001082 0.437883699398215 0.436402602699423 0.434921708702551 0.433039709405004 0.43436600730704 0.436457511051297 0.432672945450339
0.400409743797238 0.408972231118328 0.418350501691389 0.428352221003544 0.463883367138201 0.455867913602303 0.429499870114161 0.433923653084083 0.428674644180852 0.426040962621688 0.431346845465399 0.431823378603243 0.449963070595293 0.471843033303447 0.46822205380599 0.462709054143471 0.464651073866335 0.457442965678913 0.468254074248675 0.467644204143654 0.464463090388224 0.461612177091971 0.45545228125393 0.44560368842911 0.452279589104357 0.450437612834164 0.447882511675381 0.448655140060849 0.442208490537256 0.439578772440054 0.442408424512983 0.441763146888374 0.448176260856966 0.450206510930266 0.433363459746524 0.432200512062764 0.442390043378592 0.444706369751477 0.440640666784201 0.437600200598553 0.436847223053717 0.436278838211061 0.435074062460432 0.434887387078761 0.433115993601154 0.435854731009511 0.442580089363516 0.441097723933009
0.425275525647863 0.430873407726476 0.432958721883842 0.451482828282828 0.477484664549102 0.46896622171384 0.449367664784525 0.440890098376816 0.438706282754305 0.448107924838339 0.457531211924325 0.448911639744733 0.450428012989076 0.467280075290502 0.469129047578786 0.461140391426729 0.453743581722797 0.452205651198886 0.464260318071587 0.461846289900005 0.461329756569404 0.456379295743388 0.462055735006659 0.450216807118666 0.443958142336876 0.441462990778318 0.452940936921528 0.449798020418718 0.4406655918916 0.437984881491673 0.449433315172745 0.442125763200113 0.445183626283409 0.450289450195116 0.437287480314294 0.420937159054712 0.437421079284197 0.436409378848347 0.427320856642222 0.430987414672795 0.442094161454205 0.442823243057269 0.439729848895725 0.437884603630955 0.437533452473345 0.442945267654125 0.445094220695008 0.446047276265954
0.446190202473657 0.445997902044965 0.452800242070586 0.481930402178833 0.491614685856529 0.484319118585736 0.462716191245679 0.451207038999712 0.454500943010315 0.465804691451898 0.4659733267178 0.462029603489126 0.465767112797471 0.466511740076251 0.463678290914886 0.462706078728445 0.456856917444864 0.449602150235405 0.453946106056389 0.452533083711955 0.44970512122833 0.452076947679013 0.456073149849098 0.447718250860732 0.435577648855338 0.43714734455025 0.45215270709306 0.44292594254017 0.430517246121338 0.439310364751446 0.440007383378602 0.443403720390611 0.448084074781104 0.443037950862645 0.441765536022972 0.421398194883894 0.421699275838568 0.421331480285973 0.423532925245666 0.432439506013432 0.440853182380109 0.433355382084117 0.440651421759647 0.442839928259661 0.446002909824159 0.447603704406871 0.45134064415256 0.447364298822791
0.468647926781759 0.466325602824413 0.460734065502966 0.48775735531894 0.509414683956929 0.485127456596868 0.477227348258242 0.474136655916721 0.468225382692952 0.466194294784923 0.469880349723485 0.467851538026251 0.465051957725709 0.465529820672048 0.461083976490273 0.456553725915343 0.452859736517744 0.447036818731025 0.447680536101499 0.449693966183539 0.449773030937364 0.451391364075558 0.4566670258994 0.451278106843174 0.428215083681655 0.442236796992969 0.45075262375345 0.443504269343962 0.427451374001169 0.440636086859742 0.444907737443832 0.448726596636943 0.451154731010455 0.433464982242876 0.418464882783537 0.425480325517706 0.449128562792335 0.438649243058217 0.430940584338011 0.425969273095924 0.423624646702284 0.423675190119332 0.435985860114418 0.447331755550569 0.442509486177536 0.438148094131325 0.451425678147788 0.449178323703141
0.493222523734783 0.487355377011013 0.480200775740376 0.477957116241842 0.504743338407789 0.499197452277829 0.484531684350692 0.477641232230627 0.474949651912888 0.469752179899036 0.469040300732436 0.467259341012331 0.461415582249307 0.458887627362018 0.458687575196984 0.44993606125765 0.446580046984311 0.446552105772381 0.449959173658658 0.447358535747505 0.456308616489793 0.467480779962309 0.473729925021451 0.458399893302249 0.428049551506096 0.44464037101656 0.449618548920719 0.441294808206014 0.434996517494013 0.450120824044822 0.432617999177699 0.440455705741142 0.436428340421936 0.418025386817113 0.427408327040084 0.438333048003963 0.434172459767698 0.42736386460263 0.42375013659531 0.432189462547454 0.430334232279421 0.42324086029749 0.436998162566131 0.444092960094764 0.44100312826224 0.433582202784571 0.431561440738792 0.432618542245404
0.453895517807824 0.455514366207129 0.499924685615521 0.505892173062883 0.493005966752315 0.492379759058974 0.482635409424142 0.471166446484856 0.469362258797534 0.466044334683402 0.46759934296953 0.466280411601527 0.465718989857878 0.459816022225718 0.450939554019796 0.446385779843477 0.449619886008344 0.452313121517544 0.462075400748222 0.451765613024084 0.467750695283602 0.485417322664794 0.493010899107381 0.448963505441718 0.425481878792479 0.439975649650077 0.449796295885014 0.428069902428912 0.439873023900609 0.441788457636405 0.418167110004045 0.424866530986595 0.421026967302353 0.439203447607127 0.442404865567243 0.437986938162877 0.42633309028549 0.424568099653876 0.427386328252743 0.436376927628771 0.439908456942942 0.432623020898291 0.433831513766893 0.4304872617157 0.430137251263381 0.425354439297963 0.427552421730099 0.438184592832253
0.42443577667522 0.456253380064802 0.479899326353973 0.502260780789871 0.484290125103458 0.472643534600523 0.472843556905388 0.468844766810025 0.468296295291826 0.465230566252162 0.463900220058325 0.462429990284944 0.460484077994099 0.462525184700366 0.44896738568799 0.4541981993628 0.457723517940858 0.459333405990066 0.460548748118508 0.455491416702209 0.488106545189973 0.497519594873521 0.477932395560551 0.447188005928983 0.409316275077664 0.425644013253232 0.434325279475941 0.422214010877998 0.442226980253052 0.427792435339778 0.422307661032226 0.444638111054441 0.45695393324804 0.457559821448773 0.444090390648494 0.431791266341106 0.42977256868249 0.430487907542656 0.430486608125471 0.438877365670344 0.440694844538821 0.435018565688861 0.437860626815008 0.443246974104021 0.441615649183523 0.43395416008129 0.42812384225717 0.438877612513079
