out/reserve_proportion.asc
NCOLS 470 
NROWS 479 
XLLCORNER 143.8 
YLLCORNER -43.7425 
CELLSIZE 0.00999999999999998 
NODATA_value -9999 
[rows 374 to 395 of 479, columns 144 to 191 of 470]
-9999 -9999 -9999 -9999 -9999 -9999 -9999 -9999 -9999 -9999 -9999 -9999 -9999 0.419910203089031 0.436429634246062 0.430389521033452 0.433646268754932 0.44336706568745 0.449115622261345 0.454240447257431 0.457549476384774 0.454888152610423 0.456802636770401 0.441927553033324 0.448767492215334 0.456364183802053 0.455142785646514 0.460127606143783 0.467753120270443 0.464249800424379 0.46210366328203 0.463066275245853 0.473730340973142 0.463254239379723 0.475680578934607 0.480724418192969 0.476428489483961 0.47928076349859 0.479256552676393 0.479490291079216 0.481776408864977 0.484348627281179 0.486942374403949 0.481499570059438 0.487776177476323 0.498508994947021 0.508953293624046 0.508799994105271
-9999 -9999 -9999 -9999 -9999 -9999 -9999 -9999 -9999 -9999 -9999 -9999 -9999 0.429693892526685 0.435708054416703 0.422843571458815 0.430833291274254 0.435257276674412 0.440784778574374 0.44434773721085 0.446540683329084 0.447917626928353 0.43361110601265 0.431202644909007 0.444243224619401 0.445396513727284 0.451538696665671 0.456132538417134 0.463138983650529 0.459593681397549 0.452905748441462 0.455940787031774 0.46574820907076 0.461360473389346 0.465615475941515 0.470644768296534 0.474275226908265 0.477088655184128 0.476650915211553 0.479282271417211 0.481413774727668 0.485946881475155 0.487677924612571 0.479918597254336 0.488673290457838 0.498698835661626 0.508453191938035 0.490542366594425
-9999 -9999 -9999 -9999 -9999 -9999 -9999 -9999 -9999 -9999 -9999 -9999 -9999 0.4318515528003 0.43112911984908 0.415409982136385 0.424266479505188 0.430838846008647 0.430149760241871 0.434641741683441 0.437285083718438 0.42859486213574 0.429963634887996 0.424209296785157 0.425231417866094 0.434665599720758 0.441893453395209 0.459422386885447 0.462175938662376 0.454904555280501 0.447136653907233 0.457563237284087 0.450865800131779 0.461044987863466 0.466164234045704 0.466842876539939 0.473152714640121 0.471853855924861 0.474184307952676 0.481056233933847 0.484113002115231 0.481527819190962 0.480012344995124 0.477715221485006 0.485032762308985 0.503397163555419 0.506583001865695 0.490830849794274
-9999 -9999 -9999 -9999 -9999 -9999 -9999 -9999 -9999 -9999 -9999 -9999 -9999 -9999 0.426320219997755 0.423777181368983 0.433200577913325 0.439864742800266 0.44463324582167 0.449275134997029 0.445139494439654 0.451670536733673 0.453769642044442 0.440689071902795 0.424992110732222 0.432198881297744 0.428201189729596 0.444787440630818 0.448448546918367 0.444757833179473 0.443101978575399 0.444997218622659 0.448715727122005 0.455139916723173 0.452796719560533 0.457902209975152 0.465509018658743 0.464831435689001 0.472852113337437 0.474176503908017 0.475944151219269 0.47969057737493 0.478442824881954 0.477110557929904 0.487009346087878 0.498248968472461 0.496995663541683 0.484961900486041
-9999 -9999 -9999 -9999 -9999 -9999 -9999 -9999 -9999 -9999 -9999 -9999 -9999 -9999 0.423355804823816 0.418037842804706 0.420407920089486 0.429324835166299 0.438009338305608 0.444224853390708 0.445641825092688 0.455584497758537 0.45907294809844 0.453209805350162 0.444539028684928 0.438693056944307 0.438710211641343 0.433464142366326 0.432221904965135 0.441900971349409 0.446676668743837 0.442865751178052 0.44396001859206 0.44594222072742 0.447740407167863 0.450008487561988 0.459693228610284 0.465661876815324 0.473092736033502 0.473689147946165 0.471561673767233 0.476683292063915 0.472308305853296 0.477368791143517 0.486925051949968 0.497536548650149 0.491469677092949 0.480414461878993
-9999 -9999 -9999 -9999 -9999 -9999 -9999 -9999 -9999 -9999 -9999 -9999 -9999 -9999 0.412333891601337 0.42110952580916 0.422944543546307 0.429241211108797 0.438711368473229 0.442903034355725 0.441706310116971 0.448271783170568 0.45446500672199 0.457880102142453 0.454479826459698 0.451095453695336 0.44786312162296 0.436946023726152 0.43483146010289 0.439399545071929 0.442360812689101 0.444677436881437 0.444953749883547 0.445541551598566 0.446788295246704 0.449943700691477 0.454954925552891 0.459023044256676 0.461555312599161 0.466477320641476 0.469859479077092 0.470181509269378 0.471052556542493 0.477573119676188 0.487065847299449 0.49559911544102 0.495553385993866 0.484968862605429
-9999 -9999 -9999 -9999 -9999 -9999 -9999 -9999 -9999 -9999 -9999 -9999 -9999 -9999 0.420535262150871 0.421312899097764 0.427635462335345 0.426195835121549 0.427313726601068 0.437405403418301 0.444183588107771 0.44657487410167 0.445934373446544 0.449988317268441 0.457186925427387 0.458075860886546 0.449834073695998 0.434768074029077 0.439893250472438 0.444743301267779 0.44252938960222 0.449794678325438 0.446689343258319 0.445953444779764 0.445552340684029 0.448084063194482 0.458766147139062 0.461650543000335 0.464108869552125 0.464745739514796 0.468617679271731 0.473379672045484 0.473247468625099 0.474721912626105 0.479703362333441 0.489428873650716 0.482450092209464 0.487404013211956
-9999 -9999 -9999 -9999 -9999 -9999 -9999 -9999 -9999 -9999 -9999 -9999 -9999 -9999 0.419424076211661 0.420116873973397 0.425232901191018 0.421441632338571 0.429469947296388 0.438122194938133 0.441931957774602 0.432998020333071 0.440959579078589 0.446873612191946 0.452902033736694 0.449985091458882 0.444333191427015 0.439915773130651 0.457690804081285 0.453299240442112 0.444143901761497 0.455369743043544 0.451844850107076 0.450781829756549 0.450767147215658 0.453259840866436 0.458187231359164 0.463605086349598 0.465083815072396 0.467237587705521 0.47162788751291 0.47355461272312 0.476938877657448 0.474715969749311 0.476105271460637 0.479031877756055 0.477880015405456 0.479700015705984
-9999 -9999 -9999 -9999 -9999 -9999 -9999 -9999 -9999 -9999 -9999 -9999 -9999 -9999 -9999 0.409605117119237 0.409548308589496 0.415567929335378 0.428559463430426 0.432986324488043 0.426399742223627 0.427152208993455 0.43448116948553 0.444801805492106 0.449522294620964 0.456695249625495 0.448829638521436 0.437475035344949 0.446490302726777 0.458497368900568 0.455193372466147 0.459520803198857 0.460189863504648 0.460118145445263 0.459488235503957 0.458937943104204 0.461203873220661 0.462661985073988 0.462654465763834 0.46594200092507 0.466331982455611 0.466142646786451 0.468792511111725 0.472272442910552 0.471973820424978 0.476435010187084 0.477992944695115 0.478087870221253
-9999 -9999 -9999 -9999 -9999 -9999 -9999 -9999 -9999 -9999 -9999 -9999 -9999 -9999 -9999 -9999 0.403976696200253 0.412212729402577 0.416657747441939 0.418562882837527 0.430261780949368 0.433024936792821 0.439108631274356 0.439733334668522 0.450321318249719 0.454380322371155 0.457159545218827 0.449169484068414 0.44248538141238 0.447263512523645 0.458616848563785 0.460121986941608 0.462003062273172 0.46250000491152 0.463849594475531 0.46331464594397 0.461216047367322 0.4629539803352 0.466058823859638 0.469198417796902 0.470734730486488 0.467653398457487 0.46990329570129 0.479393325226632 0.479389034786604 0.47474198405634 0.479747815387755 0.478060078147393
-9999 -9999 -9999 -9999 -9999 -9999 -9999 -9999 -9999 -9999 -9999 -9999 -9999 -9999 -9999 -9999 -9999 0.410041950801695 0.419615186369062 0.422777262359964 0.430634858941278 0.438620169248374 0.441807942032313 0.440945956565434 0.445893598526222 0.448307624806698 0.447060450386611 0.454508322223774 0.454227947116845 0.449047036711025 0.446238402435263 0.450761748500463 0.452498934437197 0.460070150890359 0.462863060262865 0.461547723687854 0.459345695385251 0.460569408596226 0.463583743637754 0.46746895359015 0.466026506020157 0.466089790259268 0.466815484622836 0.475056214138926 0.479549913672461 0.474373695226638 0.47590083848514 0.477590036369873
-9999 -9999 -9999 -9999 -9999 -9999 -9999 -9999 -9999 -9999 -9999 -9999 -9999 -9999 -9999 -9999 -9999 0.396677986560477 0.41016508131719 0.416309212571052 0.426646062147424 0.431750375493782 0.436609734592137 0.441831698217829 0.446635568938188 0.445908205907578 0.441891358167655 0.447891118445758 0.45739857318094 0.457918623681533 0.457766526691093 0.455027221466611 0.455233047838815 0.452354673515132 0.455501390581544 0.456060208020011 0.457242738456102 0.461467191584369 0.463191396952798 0.462567494447011 0.463721507164051 0.47010257530857 0.466031483396342 0.466710722728785 0.46675967109697 0.469866652694454 0.471192986195606 0.473695052840178
-9999 -9999 -9999 -9999 -9999 -9999 -9999 -9999 -9999 -9999 -9999 -9999 -9999 -9999 -9999 -9999 -9999 -9999 0.402824797571188 0.404704064882624 0.414559420015974 0.42637916005773 0.430013416805369 0.436647652747368 0.440707441827707 0.440163747427624 0.436544044894717 0.445113293657741 0.45447169128406 0.454872927792242 0.456027286374899 0.455561709810006 0.455479902201963 0.454369179275203 0.456243175907589 0.455813684018929 0.460562297779405 0.460238416184296 0.460596162747334 0.462934352398219 0.462861450331297 0.463455150823154 0.463227309924314 0.464013299944061 0.464439132995535 0.466740051659641 0.47346358450323 0.471061856503727
-9999 -9999 -9999 -9999 -9999 -9999 -9999 -9999 -9999 -9999 -9999 -9999 -9999 -9999 -9999 -9999 -9999 -9999 0.399601049925628 0.406068376238044 0.414907525362387 0.419657196262397 0.422881613589498 0.429144276804072 0.427687739157607 0.435486938748003 0.430663989958693 0.438809341252132 0.449674934695111 0.455429928447034 0.456002640493038 0.453570351217014 0.452171582220412 0.454579248604317 0.458520636471016 0.454821285366992 0.458433744728756 0.45858721236603 0.459819513804137 0.465607310129544 0.470111986224682 0.466004272603594 0.465250990762967 0.467850235140628 0.466449781072624 0.466911221031319 0.477183524920825 0.477076307772965
-9999 -9999 -9999 -9999 -9999 -9999 -9999 -9999 -9999 -9999 -9999 -9999 -9999 -9999 -9999 -9999 -9999 -9999 0.397057758691228 0.404566629296968 0.410099467136758 0.417766957882075 0.425026418471344 0.428097106164072 0.420791425117522 0.431720240771267 0.427340462815176 0.435471017383514 0.448023218999818 0.45743652343567 0.459359010691104 0.459799577394774 0.457615491010721 0.448573906363721 0.446777150900437 0.448644621551295 0.451015682912499 0.454097060640077 0.458928803999477 0.463149716847815 0.468632223261089 0.466077664349665 0.463550125970196 0.469080455516381 0.467657719099913 0.467536639814948 0.479078838413138 0.480831160687805
-9999 -9999 -9999 -9999 -9999 -9999 -9999 -9999 -9999 -9999 -9999 -9999 -9999 -9999 -9999 -9999 -9999 -9999 0.394575291109383 0.401980431807313 0.409409583182634 0.411439357767694 0.416190341626909 0.423290908338471 0.413903855134324 0.425378085088679 0.422649559676421 0.435210577213273 0.442659515458081 0.454829796763666 0.462657585962074 0.462654565388344 0.458147873018944 0.447224850864022 0.441408433525895 0.445004881639413 0.449304679196876 0.455441343069007 0.458258742599609 0.460977904515777 0.462266068806341 0.462375090818695 0.457447949748655 0.459666231432675 0.461449219990269 0.468434933381815 0.46628068213421 0.475733493866428
-9999 -9999 -9999 -9999 -9999 -9999 -9999 -9999 -9999 -9999 -9999 -9999 -9999 -9999 -9999 -9999 -9999 -9999 -9999 0.391679650035575 0.400952550258141 0.398187308809413 0.402386765521389 0.405231298527824 0.408943096862375 0.414127218525227 0.421949096896412 0.429281164654778 0.444611381790287 0.463671365455472 0.468817765655721 0.457276777580091 0.448885965504059 0.443704260260936 0.440493907080092 0.443717714919011 0.445511783657201 0.451879385059749 0.455461762312289 0.455163300480986 0.45384883338446 0.456065972553079 0.454077623826556 0.45113386719322 0.46359054813124 0.467679316378725 0.462927306473468 0.465047231447196
-9999 -9999 -9999 -9999 -9999 -9999 -9999 -9999 -9999 -9999 -9999 -9999 -9999 -9999 -9999 -9999 -9999 -9999 -9999 0.387535866128173 0.391206365526808 0.398008513638593 0.405578546415038 0.407100876860578 0.416452697462654 0.419339964741808 0.419129743575065 0.430566002867037 0.446496906828143 0.459409294759015 0.456832241876893 0.443677227648014 0.439096430832813 0.443411943193494 0.442956139627953 0.440259688067617 0.439491101502805 0.447625211416462 0.451592688465869 0.446811512013164 0.443482827847685 0.441133318487884 0.44694257544942 0.449249091838316 0.466117687992511 0.45842366740108 0.460540128245032 0.461342836062228
-9999 -9999 -9999 -9999 -9999 -9999 -9999 -9999 -9999 -9999 -9999 -9999 -9999 -9999 -9999 -9999 -9999 -9999 -9999 0.387531643023551 0.389762093634506 0.395360233149405 0.40665347836262 0.412944996750903 0.417546732022624 0.420235995163222 0.414193507908697 0.424251271441818 0.443587570505789 0.439930135904216 0.432436395068253 0.438646748115422 0.433687612167454 0.442793976630261 0.443422223055953 0.440402767014542 0.437577273068922 0.445702834414431 0.445541972834912 0.437552664862225 0.436581939652293 0.442213720438787 0.455841189345518 0.452996964698271 0.453324140567378 0.460429670517079 0.473006360488314 0.472834961330817
-9999 -9999 -9999 -9999 -9999 -9999 -9999 -9999 -9999 -9999 -9999 -9999 -9999 -9999 -9999 -9999 -9999 -9999 -9999 -9999 0.388345123019525 0.392154860456101 0.401853182100343 0.408406496561429 0.410518307817996 0.414437777155754 0.409253421606598 0.423985840057555 0.443425791177538 0.439847483147121 0.425539385726277 0.426727518873119 0.431971198334186 0.440355310442804 0.440052243583799 0.433560345647393 0.439945178128244 0.445687098330587 0.440439766645631 0.440246894136652 0.46238221967184 0.463194772465133 0.463386829216225 0.459843959575913 0.459969811561829 0.462257880335251 0.480306511019622 0.486493598930702
-9999 -9999 -9999 -9999 -9999 -9999 -9999 -9999 -9999 -9999 -9999 -9999 -9999 -9999 -9999 -9999 -9999 -9999 -9999 -9999 -9999 0.383958247844232 0.38899765979368 0.393360070512993 0.396243457534819 0.399574879109176 0.402303250224998 0.41471395351915 0.425325496246786 0.426401406298066 0.421162029117938 0.425012553832365 0.430119429557174 0.436945439387507 0.433355183198595 0.43187470819579 0.440571399389311 0.438270863911541 0.43045825342935 0.442758043957757 0.468889118107434 0.466064991003906 0.463165108087867 0.471275852655835 0.463594224444776 0.461680192138813 0.478528075772954 0.483527724260988
-9999 -9999 -9999 -9999 -9999 -9999 -9999 -9999 -9999 -9999 -9999 -9999 -9999 -9999 -9999 -9999 -9999 -9999 -9999 -9999 -9999 0.381816652340076 0.382789574020936 0.388538245591177 0.392743584497384 0.392176346652553 0.393189011627822 0.405494842165019 0.416053839127985 0.416204808044071 0.414370927494366 0.417519197126672 0.424181200207578 0.428564165162144 0.423658275239247 0.428755745682492 0.426288275626584 0.421758694280776 0.420174705612004 0.432335647397607 0.446768412947507 0.441501718994018 0.45365019660537 0.465735346896542 0.469745353061857 0.460119204384985 0.468468727532669 0.466601519058984
