out/reserve_sar.asc
NCOLS 470 
NROWS 479 
XLLCORNER 143.8 
YLLCORNER -43.7425 
CELLSIZE 0.00999999999999998 
NODATA_value -9999 
[rows 198 to 219 of 479, columns 96 to 143 of 470]
0.725748445183625 0.728050260605029 0.724940560017296 0.725420596082904 0.728533668769842 0.728897216346424 0.730991172809846 0.733496914925175 0.733645472744748 0.728560727018139 0.728110770729828 0.727388589271886 0.729795793333814 0.73071961312602 0.732232941259209 0.737615470223616 0.738526349941424 0.73910848071027 0.741229334776181 0.73745172092197 0.734810266588214 0.735955262813921 0.736973111030844 0.741305671790039 0.738758224498068 0.736495523443439 0.732241282863096 0.731981823983744 0.731241778395639 0.731512657469823 0.730788163630017 0.728518736992682 0.726965415230543 0.728694885852275 0.735422168940055 0.736703786597636 0.736018117280259 0.734825886799018 0.742283650054121 0.747370697822677 0.749642641712645 0.750783940071489 0.752708103813923 0.750329210366173 0.744691014870777 0.75068818520939 0.745206164840822 0.74437369829731
0.733279478221767 0.728876283248097 0.729164178773142 0.726995286849053 0.728961907712494 0.732955833674199 0.732835152522503 0.734060898437009 0.73329458514153 0.732385267500808 0.730299785027007 0.728924058341147 0.73015033406513 0.733170916785296 0.735549493563567 0.73715252477826 0.739061505658299 0.746317704542422 0.745947891606089 0.738426699566135 0.735715184834985 0.736595254474163 0.741402401903443 0.739609565416905 0.7390849484629 0.740587212957707 0.735578845651066 0.733967367578205 0.733108925997016 0.732841878483972 0.731283314085468 0.730379973798148 0.730202259791349 0.730934598184821 0.736357718143102 0.740665379488208 0.741344068686963 0.743884660561578 0.745073960824192 0.750894124257677 0.752915972334493 0.751232397867802 0.750682975453706 0.751240512933608 0.747695450115017 0.749876283252955 0.749114656298836 0.746462512698486
0.732338729214162 0.73325845086685 0.729111799023118 0.727986655896413 0.726800876652099 0.731547778632754 0.732375353049017 0.733226753573016 0.735109677982511 0.738041936234266 0.733210310108982 0.730246783873488 0.732021583045428 0.733888222473326 0.736165478812884 0.741211863046672 0.739149924668776 0.741748335173665 0.744791090152801 0.740925466608841 0.737697379458233 0.740955825837955 0.742522949141951 0.744495527288474 0.744225396393968 0.74287239629247 0.736715356805964 0.735245425681757 0.734699190452844 0.733731024981035 0.730878043678495 0.730525702026267 0.732664623605259 0.73643434218091 0.742467587323299 0.738460483390063 0.742641999420303 0.745453516471324 0.754470286431706 0.754512929825625 0.754304101597104 0.755217476235956 0.756207938298056 0.757578552278449 0.753070878156295 0.748972738776558 0.745435888910097 0.742192019760104
0.7310237470335 0.729370232122984 0.728326006288249 0.728913012323969 0.728753069324668 0.730889052711232 0.73381176048871 0.73288156202701 0.734786722650199 0.737564209857089 0.732206867820112 0.731014293040802 0.732568294264623 0.734153826651552 0.735007446808612 0.736667942782129 0.736736911772557 0.736763360051188 0.739817364843138 0.738667217156369 0.73768600019454 0.744715542087284 0.747140261801613 0.746876223781301 0.746249013547594 0.737662448967399 0.735634205709648 0.735914745604149 0.735420532389269 0.734027322831521 0.731995445986211 0.732268331856689 0.733490469100823 0.736587411023309 0.742256788656789 0.745120828551951 0.747388662360125 0.75437816744993 0.758719520304609 0.758329180012894 0.755201544873912 0.752281347047934 0.754469944759592 0.755628190156893 0.749906725293428 0.750246395838706 0.753975770265987 0.74810924937534
0.739900416468365 0.732230572368512 0.728853231208246 0.732056961117822 0.729689477889474 0.732131648454445 0.733438465968581 0.734592705665936 0.734790429961299 0.739234078936528 0.737582022750231 0.734058057615249 0.732822000638772 0.733580001212452 0.736011922468803 0.736286843670108 0.73608310252487 0.736061891032976 0.736592675591444 0.737183615957254 0.742576715716591 0.743461692328619 0.743832135384674 0.745119917061711 0.746942237218072 0.740788168854671 0.738209008406138 0.736545492938695 0.734572790940992 0.733417024683386 0.733733125958168 0.734633985935685 0.738359629546603 0.74441467248021 0.745461789198199 0.747028947310457 0.746877854114518 0.75129400398694 0.751175561383812 0.754594938107645 0.75288182951345 0.754532093310029 0.755021666464861 0.754399655012142 0.752342508990104 0.753902125982167 0.75289447431676 0.743940060075816
0.733256769112893 0.731365031714088 0.730809612464901 0.730921299829312 0.731170563038031 0.733748460754624 0.735659818663853 0.738086694031254 0.738026786255873 0.739017983873056 0.737187520811656 0.733795632671643 0.732684200918846 0.733506176367745 0.734671804371023 0.736014021645723 0.737096343152981 0.737591252951755 0.738026807140394 0.739181730795949 0.746820650636906 0.747784293954433 0.749053516613608 0.746360774092956 0.744581405875436 0.74368471286935 0.740278367016969 0.736619280574675 0.73535776432555 0.735394338549883 0.736116098294743 0.739454644247675 0.742809516846577 0.751329027286721 0.747457704893297 0.748543344663509 0.748843340462336 0.752042062626097 0.750625566538424 0.748892977038395 0.754349401685211 0.75898845880516 0.75916416690516 0.759082650407379 0.756175374090907 0.755893815767697 0.751766434072595 0.752445050694319
0.739941570329973 0.736112158119643 0.734409975706791 0.733525330415013 0.733877228916046 0.73300857492381 0.732590726962918 0.736806237356551 0.739828449566474 0.737523539129364 0.73483327959173 0.733974470344335 0.734063306831614 0.734888014959598 0.734766353836276 0.734812580418807 0.7376620735872 0.737914529545863 0.73733034764776 0.739126813952994 0.746680857844042 0.747874968699427 0.746605469331507 0.747179993761726 0.74566376932936 0.746554321158499 0.738582057189297 0.736840858627086 0.737233764434227 0.737512411102929 0.739137409755324 0.745684461173073 0.750049100533444 0.74755412491202 0.750331633221373 0.752336894399396 0.756070306314542 0.754789387879187 0.753415759339922 0.752344009453644 0.754180146624386 0.759294826799991 0.756334042067403 0.756079392939558 0.754158070365306 0.752720979945561 0.75422166206855 0.755454995246424
0.740171216767043 0.740214893210549 0.738066554548012 0.735085546406151 0.734161272435975 0.736461326829033 0.735006291860296 0.736341566691357 0.73885135203484 0.740386862865542 0.738758400097661 0.735539453047814 0.735258266962198 0.735759176322824 0.735297184413521 0.735800518213876 0.736440935628369 0.738404910593034 0.738766129155144 0.741549550059724 0.748962877040622 0.749369148250635 0.750912541899986 0.751226381357668 0.749523327904685 0.744800038675981 0.738773164360177 0.738854154383502 0.739601836872975 0.742052970010849 0.745047485719968 0.748337099373919 0.750091672573775 0.752199815944555 0.754777919596827 0.748657098652593 0.748527400529666 0.749336367880529 0.75374275824161 0.755610653016063 0.757857204196954 0.757548601815248 0.754556777146906 0.753402516614941 0.752932762329644 0.753745768393805 0.755567624339422 0.758334774722717
0.737358831279383 0.739769271322652 0.742602632241469 0.740081299249071 0.736327379781387 0.735178848527853 0.738180565184112 0.738473134965831 0.740216137631077 0.742540199039595 0.742070244427354 0.738234809894853 0.737588716969575 0.736608715366374 0.736647702846216 0.737016865468017 0.7372911872445 0.73873495090882 0.741084936901499 0.743782380095092 0.748585637150513 0.746766328156904 0.749792469635996 0.748808722942437 0.744479963861791 0.741172620112694 0.741337156510911 0.74231154635729 0.742397558452051 0.750678215401421 0.75526364368044 0.756694926998694 0.755079559783737 0.754395483123619 0.753183356483299 0.754135472355169 0.751118627815826 0.753562930725199 0.754238718676019 0.752672769551307 0.753742228869709 0.753724152551152 0.754257911908564 0.753954663713135 0.755123397277627 0.75862467719235 0.75688633504815 0.753314907674521
0.739773909718164 0.739201501213142 0.741355032380756 0.742686664031022 0.740359595759737 0.737273451757431 0.737352467887072 0.74020974774045 0.742769474139308 0.745678506541417 0.746991369249831 0.745749220132263 0.74362317079598 0.739589537147997 0.738533559799482 0.7383736362094 0.73881031581983 0.739227950378682 0.741391060758558 0.742931742959563 0.744914302416501 0.747543055009948 0.749761542679959 0.746123953654119 0.742462187844717 0.741265705681324 0.741338843058796 0.743627794677171 0.747664435417235 0.753442608268392 0.755158371183811 0.758712380006897 0.757193914005321 0.755207151753829 0.757840332819824 0.755912717156364 0.752831951329942 0.751889453013279 0.755205245147484 0.754710087531199 0.755252945746596 0.757026652989322 0.75716145678101 0.757911214865497 0.759732855143261 0.758520230104639 0.754128935955748 0.750944836618309
0.741170693332941 0.739656995118936 0.74089064036647 0.741844047355613 0.743247129401679 0.743145788933629 0.741871817440648 0.741484247099688 0.742370259832178 0.742373747021144 0.744391874234315 0.747380722152564 0.748751053649892 0.744947324200362 0.740484475162679 0.74028910325106 0.741098699562434 0.740750118372589 0.740686836574211 0.741769265871286 0.743924536432588 0.746814429004192 0.747152744616903 0.74553722526968 0.742097052809683 0.742747934437308 0.74597506434542 0.748805841301462 0.752518318881169 0.756838697169062 0.758475777405229 0.760035847250048 0.759997344838182 0.758710274757646 0.760751524325359 0.758064678693031 0.755890499405961 0.754627728416249 0.756659992703805 0.7578104338454 0.757384171745844 0.757715871506901 0.756151837481333 0.758765293074356 0.758167502188471 0.752365202385931 0.75054801052436 0.753524112562416
0.737658489948771 0.740364967889857 0.742356820537415 0.742095599722375 0.741540561120376 0.746101040584601 0.739759682733424 0.739899816091432 0.74072056888735 0.740852329932313 0.743751883078695 0.747868415127069 0.747713295956674 0.746725268519196 0.748011576457734 0.745658951701563 0.744793349452992 0.743250843587846 0.742936159982392 0.743715508221276 0.743046028758398 0.744778781914401 0.746105910680948 0.744588538732844 0.74308062191234 0.744155233160857 0.754150703235167 0.759515686407348 0.759687277278282 0.757111035498199 0.758424007240429 0.759211121698031 0.760801768821214 0.760676382791457 0.761496145995542 0.759137729329843 0.756861701329361 0.757688088162362 0.757660510519371 0.757147526583773 0.757639851062167 0.756964448825263 0.754788089488552 0.756549626954605 0.752250545377079 0.747776137674154 0.750770987865515 0.752745684868124
0.741610797164311 0.741514566373151 0.739824383734568 0.737118129066796 0.740605290437539 0.742812714604593 0.741490931518807 0.740248122999957 0.742083433292731 0.745405858289586 0.743161089976177 0.747538393255792 0.748755170640514 0.747565019488597 0.750703543561847 0.752766414301854 0.748769512248791 0.746863058874945 0.745693803543533 0.743155507918646 0.743314557682938 0.743433325077461 0.743784864207922 0.744587563569086 0.745800728680825 0.747617380375196 0.758882366154526 0.758820328333937 0.762804982635477 0.7613644888456 0.762135756396405 0.760754765628612 0.761606955382492 0.761575353222856 0.760877591357942 0.758512269339926 0.758375859945543 0.759904038983714 0.759730666241254 0.758879064782727 0.756061393381595 0.755064108428384 0.755487275763737 0.751265273472183 0.75048632924868 0.749988100589875 0.751652933845746 0.751392955986189
0.737556118668668 0.741793770879786 0.736972003025312 0.739443839750864 0.739288696039753 0.743544969971466 0.745808263326428 0.744507477250839 0.745684021255948 0.743412108805102 0.746970658654074 0.746942270301945 0.749629641670446 0.754936990409145 0.754536196452605 0.75491280545762 0.752968751219704 0.754641797571325 0.749589505500661 0.74558834566935 0.745695046467746 0.745908157677341 0.745430981555435 0.746256424183796 0.750658467966777 0.756922722280308 0.758996756018375 0.761342239708115 0.759648693378523 0.761543651122028 0.764096359978063 0.763284367018441 0.762660744954353 0.76271979966398 0.762674866526258 0.759794203131458 0.760370994137606 0.760603039951603 0.759961719134155 0.757924888929257 0.753560356314703 0.753142470941313 0.751383734464944 0.751591782183362 0.754510012867021 0.753175980974631 0.751415781632144 0.752240661164185
0.740441626997463 0.737955284973678 0.741314732052285 0.739647178247518 0.746248974360226 0.748392033330822 0.748887421359155 0.748384732472729 0.747500647676927 0.743652142012619 0.744876957790823 0.747063873782595 0.749360108051123 0.751538131216968 0.7543991227016 0.755494651650588 0.75509403019672 0.754658412086666 0.753185784984546 0.748098771672514 0.747506428107493 0.747039329575562 0.747522497239067 0.752165884491999 0.758642978844584 0.760602511440224 0.763987579044886 0.765283783979938 0.763922864953292 0.762394534159747 0.762375988853878 0.761570786953988 0.761938284410386 0.762474752241965 0.762379217546518 0.758142672152626 0.756027837192405 0.755840307179079 0.755298123035154 0.753432726931434 0.752093235648085 0.755695840197521 0.753301771866578 0.75444236449864 0.758717928124176 0.757896887464663 0.757284437997541 0.751752180043697
0.744851229107185 0.742531134299194 0.747487535513727 0.74142727831911 0.742873695629724 0.74788922874722 0.752635958587758 0.754030143927857 0.75449418827395 0.749474523605164 0.749573944867726 0.748557681848284 0.749225027455923 0.752090558271281 0.756900521265566 0.755026880497987 0.751970415451281 0.753389152749507 0.748191561066222 0.746976675902804 0.747183100969535 0.747569083802451 0.751881386233266 0.755157244721148 0.759958388354092 0.762785130506377 0.765642798542681 0.766267763402354 0.765881559785323 0.765687370791833 0.764671349498988 0.762999030164349 0.764616629040958 0.762866197547321 0.762092527464316 0.758900701120457 0.758074140225739 0.752926747289928 0.756742949464421 0.758396410931097 0.756451366926243 0.759428639996403 0.757129511227127 0.760096846528465 0.761915238511559 0.764044321348625 0.759820784754633 0.752991354990039
0.74422814325947 0.740061370933713 0.748435951249282 0.749765551684181 0.747848539967033 0.751296727548966 0.748650119401449 0.751046743177947 0.75064719389208 0.754939182881763 0.756082681964079 0.75388100233132 0.748315203846502 0.751100480663815 0.75420516782344 0.758252094455498 0.75448595042549 0.746694498111413 0.745026514977517 0.746858483250632 0.746659763776235 0.750988369299556 0.754212394140369 0.758448038127967 0.766363563913342 0.768456725320911 0.768885828338607 0.7682556684163 0.765393435766786 0.766170855953208 0.764154248013651 0.764699826637717 0.762483455847727 0.763427803992848 0.761782316696351 0.760839771578683 0.755425972328175 0.755745379555027 0.76104859095019 0.764287103956924 0.76611847049281 0.762281429845369 0.762361553413985 0.762951040262683 0.768417916958077 0.767121628043516 0.761354979243913 0.756345364709399
0.745829117276909 0.747446951258643 0.745840636533068 0.747788414426226 0.753748749154169 0.754116400580681 0.754740668292126 0.753148694193528 0.752044548513753 0.751429905485759 0.758019218209723 0.759130649259553 0.754942359716677 0.74754582847047 0.751499229032492 0.757231882975891 0.750875181987592 0.751983277630983 0.751241112583513 0.746718000871423 0.749529790922841 0.752957301558122 0.758521868093167 0.759919679189195 0.76125231261242 0.759154411163422 0.76406655291691 0.759460977845236 0.759181690285816 0.760947990038688 0.759281208158389 0.759814517428291 0.760383378147966 0.759608514790164 0.760326775531113 0.755014296579127 0.754767515948414 0.759160844938754 0.759020885516899 0.763121779791386 0.763251301838291 0.760712451393945 0.763217818646071 0.766962037401777 0.768977638179832 0.766068443245811 0.762545821096076 0.763351879661593
0.749137775163884 0.749489017124208 0.751654977752646 0.749596240042327 0.748610208461811 0.748620213982278 0.755591867790154 0.756788338056451 0.757313891768823 0.75292575752438 0.753833346611065 0.752858150861934 0.753299244571622 0.752469515973525 0.749410229551136 0.748496408110599 0.755247409883172 0.757679366758739 0.752576242902109 0.749311191851242 0.753230875189917 0.759324568469237 0.756579967423282 0.755305159853091 0.757208036203528 0.765576484854751 0.761849788348918 0.756553164718213 0.752809720071002 0.754001651582314 0.756881485339146 0.757963513637943 0.75628149928286 0.754933151012545 0.752745118789001 0.754436951167302 0.759341369956575 0.759992528228361 0.756294316977201 0.757688393093549 0.757432960236239 0.761298431747777 0.765356038074826 0.765173344107253 0.768535050255195 0.767285682468596 0.764749219168058 0.765893058039885
0.749876620783558 0.752937311613995 0.753620246787031 0.753785084836349 0.754274921268199 0.752826842334955 0.75224759383969 0.753216715014545 0.758992524544022 0.759144572723142 0.760419413841435 0.758086208061311 0.760851238681688 0.764321702583446 0.759393068948775 0.753418824596697 0.756361945669026 0.765150899413562 0.752950155289405 0.750100929511436 0.7540128219325 0.75754590561287 0.760012260470042 0.764318314083174 0.769657443559636 0.771397197736751 0.76972712481217 0.763683130410282 0.758812664424376 0.759786529695314 0.760004594137959 0.756919930752885 0.757911893353899 0.760654578063691 0.754654682529828 0.764027682268519 0.76586545853878 0.765351215293424 0.761257088332357 0.763994068915717 0.761963973217919 0.763100370002132 0.765727933161804 0.767326951518916 0.767672663664994 0.767824776292094 0.767427138892777 0.767617859542094
0.748538082574291 0.751054727206302 0.754478185254836 0.755507819574392 0.755430066673983 0.756663346645173 0.757899366057802 0.757134792012607 0.758541179986785 0.759406158162429 0.762104024038045 0.761913100394085 0.763262610581092 0.761941128984472 0.757796905330699 0.754283456739134 0.755221132236768 0.764360523260602 0.757456650854343 0.756546349435282 0.760249190153827 0.760671193418272 0.766890649413131 0.768578329033268 0.770879436568591 0.769951654535992 0.76647078479078 0.760888828508524 0.768613574713487 0.76454840944026 0.76800767875482 0.76662237758864 0.763324469433684 0.758410284939414 0.758745161217943 0.767066656035778 0.76978028729167 0.767690777743797 0.765936750080232 0.767560116271279 0.764515266640686 0.765638341012384 0.767700353258327 0.7695847210285 0.77171693080857 0.770844177043378 0.771883900385635 0.773317469024906
0.751585804315631 0.751996830420403 0.75475961669267 0.755770048418153 0.757685613129307 0.759294440367019 0.759216979827014 0.756623409231578 0.762930005631802 0.763052981904804 0.764942713752623 0.765376380189376 0.765882613042749 0.765565662209639 0.76594907399596 0.758874192581584 0.762521412477334 0.765265373367744 0.760554199671451 0.758868661445926 0.763167253956218 0.763518040516685 0.769437623466597 0.772681710352195 0.77014206940809 0.768820917169837 0.764474659664088 0.762397472287323 0.768361950686617 0.767790960306398 0.770297155699982 0.769849054853806 0.763565139299796 0.75673237101085 0.763249641557979 0.771204949347723 0.772559761327681 0.771964837777387 0.772452963123764 0.774962576781335 0.767401431279131 0.768138398628404 0.767702268749097 0.768144853041429 0.769814763064437 0.772667267454331 0.775297398701485 0.775367502130479
