out/reserve_proportion.asc
NCOLS 470 
NROWS 479 
XLLCORNER 143.8 
YLLCORNER -43.7425 
CELLSIZE 0.00999999999999998 
NODATA_value -9999 
[rows 374 to 395 of 479, columns 288 to 335 of 470]
0.307305118620795 0.29666819148732 0.287572803765769 0.281225825761582 0.296589104374699 0.301389947970117 0.316636282107228 0.319392076301896 0.294136088608025 0.279256962670079 0.283857542775194 0.273495962861412 0.261860112209293 0.255277462981509 0.255513668084913 0.253396015496715 0.260357152274448 0.256671731114058 0.24334631421423 0.232105030938172 0.231497089841128 0.239212143902591 0.229214692580077 0.22851760564866 0.225001355967429 0.222846205939748 0.228160431225695 0.231392644505909 0.22978314523045 0.233707817123738 0.244162391403475 0.25591188702036 0.254101464874798 0.261226837878252 0.283850325701276 0.302628650416413 0.312244808395106 0.321011415429979 0.311586580771605 0.301398275628033 0.310358435058534 0.309226409302344 0.299166995975424 0.282020300359237 0.262279271671354 0.254815757548424 0.249813229933582 0.250805311286599
0.306384639661359 0.293120179782899 0.28911770919707 0.294872728620223 0.311834053163562 0.32216304100792 0.340870143756715 0.333002585980946 0.317747690989662 0.30718052448079 0.298678696331327 0.285929963760807 0.278985362350664 0.258561855674792 0.248306523508716 0.242081038950708 0.241520843790399 0.234443906011086 0.229699805056203 0.229563674912489 0.227692203236499 0.228402298297397 0.225834555896997 0.227786743170888 0.235067828986088 0.234076318119425 0.233667830490259 0.237525659906143 0.242299032412709 0.251713615073677 0.255192250229034 0.257583084170226 0.268801391536204 0.273306064902879 0.278156392414179 0.290831563121897 0.305580498281623 0.299872060400165 0.28904240873458 0.281601861003347 0.290266380234838 0.301323373520171 0.309360994066487 0.31387223442674 0.290641381950107 0.271134355532726 0.254734557481671 0.248051288452277
0.29761939883656 0.292371756476568 0.295422921070623 0.308279812976594 0.330776875077449 0.35716459551588 0.364186007201204 0.342199676590078 0.329893144744556 0.319702332976103 0.31064582590147 0.300199456067763 0.282591158487714 0.267141074784182 0.264297059193054 0.246925650346364 0.248286670397133 0.240960351363126 0.243005637126128 0.237347541092837 0.233612276381847 0.230764567946103 0.226272278587999 0.23321192885489 0.230602338680382 0.230013675292174 0.235456570802455 0.243469637826529 0.256656133518769 0.264299355138848 0.259737842412758 0.267124384716203 0.270553587049014 0.278731474638212 0.273306833198557 0.283378546704239 0.289863101776524 0.284799884120635 0.272434104298833 0.262770366806076 0.268157947244228 0.281737390448385 0.298453694238033 0.318156338895375 0.294525252918491 0.268533703195688 0.256327686640809 0.250017884114081
0.312117111128804 0.312840393657919 0.313241551121535 0.324841602108074 0.34991721641881 0.376776790947742 0.363192216919177 0.343106695633205 0.331679598138828 0.321604237763604 0.30584166975423 0.291940174802355 0.281470446192859 0.278849761962973 0.266750695387169 0.249823016937915 0.26674397449981 0.260973495664221 0.253041087009615 0.249328890636497 0.249250743415319 0.238231451772251 0.226807045338873 0.229021820184088 0.226242473396529 0.227558873833173 0.225140302640358 0.236073957256927 0.252590442306635 0.249442493593332 0.255219517952786 0.255344268073636 0.259810625139001 0.269297981871155 0.264426960501316 0.272807661298914 0.268032370705281 0.269474404538641 0.263193751972211 0.256656649804478 0.260739425007225 0.277479045470371 0.300782983717782 0.300617712068114 0.276619788518719 0.263535286532675 0.254090127562149 0.247070258500102
0.35538429850576 0.352950510995424 0.336487667302828 0.354023452719171 0.375503971352837 0.381745711381585 0.37526242903595 0.354563922325981 0.332908885751828 0.318396265219205 0.298212982284446 0.280584373300323 0.269546567848256 0.263651257144236 0.270565397680924 0.269429476555565 0.27141164365775 0.273606661315817 0.267340300513759 0.257402271296237 0.266122042015815 0.264390969348208 0.25133660725638 0.236516677843411 0.22808690725705 0.233626679228863 0.228940881376539 0.224803727704507 0.228540623416825 0.226514872361068 0.243876023659613 0.252537719140206 0.254952291033354 0.260481235992629 0.255565802321075 0.261487017500078 0.253236227862085 0.254780071954664 0.246943616946591 0.247047976886427 0.260182754010738 0.277689971474541 0.291944570954874 0.290148373667347 0.278834166577764 0.257842716737545 0.24583764013018 0.254439175966044
0.422663818463649 0.380936182968558 0.355113074568849 0.377931640176245 0.418802523105776 0.390542061667101 0.367771999458745 0.357478667989162 0.346238191467309 0.332588704241806 0.309190168227765 0.28619402182054 0.271604204900562 0.27772016579922 0.291756219331978 0.279828946307309 0.272141161325381 0.277489325365042 0.264912697149225 0.268710770972634 0.277599356390668 0.280241512328926 0.275732113304278 0.26087949654797 0.248612393686104 0.241511140060601 0.237140570595608 0.229993479194813 0.223192140669469 0.2240648598493 0.226880075287179 0.236244244586677 0.242117628319007 0.241975503521778 0.242850874404039 0.250656545327519 0.243880607363434 0.23820843005025 0.237474574381114 0.260789330568908 0.269560580064411 0.284202528518868 0.286285742384083 0.271838174823223 0.277673015697824 0.258138607873593 0.250158844281284 0.241460821542697
0.438451958687171 0.399367410753602 0.35297434172387 0.370073812768147 0.39619256662012 0.384397176950325 0.359154554933318 0.346321233014923 0.341997180113749 0.322132411569119 0.295179846234337 0.279777464777463 0.269751249103387 0.289444997178757 0.296437708992928 0.286534542083377 0.277234767255853 0.27315703526449 0.270701446090748 0.266671854251892 0.269936049564646 0.279541866173196 0.283490112905408 0.274994446077668 0.269932677047526 0.262157863851069 0.251210682266318 0.236337190786516 0.231296796205616 0.224654096611767 0.223182552490559 0.226087717695774 0.235252001474533 0.234932766366321 0.242776643882394 0.253829512836778 0.239079481367304 0.236929403957044 0.252160963622539 0.266404046306322 0.278444863622548 0.274616911825893 0.260452608526199 0.256505523467395 0.254728315836028 0.248406636069007 0.23521307160535 0.234744607304899
0.41976154525678 0.391501416768158 0.345693041597655 0.3405818146261 0.356575623399966 0.367808775430704 0.359329735699744 0.329550036872664 0.312468036301498 0.296113581116463 0.283850664131463 0.284717927644157 0.28556273525183 0.305615798825558 0.306185230606614 0.293195562338021 0.293116977787031 0.288406864086938 0.279963167573903 0.274464863610899 0.281403641649185 0.276151122277638 0.277429939425819 0.283387046582457 0.283118641148563 0.278765764439233 0.262725364004646 0.239402358569715 0.230172003240862 0.228492729562055 0.226238524481763 0.233613504492695 0.234377585035212 0.226086542082528 0.226487261096453 0.226634232991798 0.230319970894106 0.245553028143642 0.251471564857608 0.254862277046228 0.259542000628067 0.258875613044953 0.243237723766023 0.246431878915372 0.235622261774524 0.233839476132405 0.240732943649618 0.263686068156643
0.375808549755806 0.351429403634523 0.325867028099481 0.319728483375978 0.322623340888241 0.33099707332774 0.342849255353817 0.325488523705054 0.299215224176234 0.2913972246118 0.305872869530881 0.317012793204137 0.306989346266927 0.305481344960429 0.311161107420775 0.299157427637337 0.306367922729019 0.295451576699661 0.283385470259733 0.282710931300388 0.28801952573994 0.282797278212739 0.281414072569617 0.287868446740318 0.288807687684863 0.286817600880817 0.267004422449002 0.246528818253519 0.247457943962135 0.243737714273343 0.24160677634154 0.237407049467699 0.252182359366852 0.233647238430861 0.224057214931235 0.228344267041124 0.227114123821921 0.228844344993437 0.222651590662695 0.22178012456175 0.238950373335942 0.241575497720112 0.232395163411235 0.221869223497296 0.229301793599186 0.250029655261303 0.26454202936634 0.276061468372444
0.351348357405929 0.330225951339581 0.315599570323304 0.31411253319781 0.308314576452555 0.303280917611644 0.316993680134958 0.30637898166433 0.293483430921193 0.305236044133033 0.330937330106444 0.347839924169083 0.32927178254282 0.31680393676817 0.319501820853964 0.309800075347765 0.31263414089638 0.305262548514668 0.296398538018042 0.290693786056681 0.290549195789455 0.29267534877075 0.294106143649377 0.288668182621434 0.285662935198758 0.277066167733447 0.259518607131008 0.272902666326697 0.279949555636207 0.263855793593943 0.255695859572859 0.238855906394454 0.239703978570896 0.237416745250376 0.238194778098723 0.238267764559963 0.233821940123884 0.232014609317884 0.226704592382239 0.235355682953466 0.230876360472486 0.231562293961454 0.236051450152011 0.235781251569729 0.234288434938839 0.258129968874436 0.264723236875817 0.273306276303837
0.339998918507337 0.317963692334178 0.31880936833314 0.333750908546753 0.323867321624506 0.314210009952708 0.299678119797702 0.302262397362506 0.31562785652902 0.335335023611511 0.347829913895102 0.34929582261026 0.337933043529244 0.328187384891443 0.327624820337646 0.319351626149841 0.31886669421343 0.316029171371211 0.306044762940195 0.297671477162879 0.300429910410512 0.307594714118414 0.300478238186043 0.289651859652826 0.282271751715354 0.27297858148807 0.261729823300739 0.284545374127444 0.288350455630685 0.275464677237255 0.254310652175174 0.253382167175541 0.259200141976681 0.260188693959597 0.256933558871785 0.25531476880957 0.252916891800063 0.242584141531811 0.232490918175139 0.254911926860242 0.250963812877037 0.249902777566514 0.253001877309509 0.252713499597709 0.232320049156505 0.247596326391287 0.254231484956873 0.25868543545597
0.327533236496225 0.324212009256341 0.333382770502182 0.332170058316545 0.333702064394317 0.321710904363273 0.321035337894845 0.321465531768361 0.339452299286729 0.355461153962079 0.369039351190912 0.35509328221855 0.346401939156712 0.339480214804024 0.335802552729109 0.326928271596264 0.326219313142908 0.317810386617172 0.312053984326086 0.311488244770481 0.313189499752599 0.30777199034667 0.304806288557983 0.294110122892737 0.28975823052752 0.272123879131032 0.268805066570766 0.282179149748246 0.294212561273504 0.282067094070595 0.262335483328771 0.266418910914634 0.284249441597111 0.28499575459332 0.283457160091778 0.271108342996117 0.258543686322919 0.24485287015065 0.253657415517545 0.258535637110756 0.26529152360792 0.271069384007168 0.268589967275806 0.247010198302957 0.248869702904883 0.244874302160484 0.242023926209689 0.249817737944739
0.339336759319512 0.326436167222516 0.344651227188398 0.346264695292552 0.347601517207121 0.349107541163659 0.354717454258807 0.34457182180004 0.363044244158099 0.38273551156645 0.381893054519969 0.3702891366286 0.362122403118844 0.349521842191745 0.337958581442117 0.332069163866121 0.330641520772352 0.323393801434932 0.314462693991553 0.310905410750372 0.316015640580984 0.314764400847926 0.30068353188837 0.290532563952289 0.274755857280159 0.276287027246748 0.292584267428166 0.300276545203223 0.295767484573285 0.293010403926099 0.274243533316999 0.27652810535704 0.291562771149544 0.287864931461464 0.282940911203111 0.277086590144339 0.265291564816072 0.244371349392542 0.256495188270838 0.266902621924663 0.272822284831313 0.278293107800569 0.258453918599407 0.26448749136623 0.258900011124654 0.268349298214787 0.257199739685745 0.276544820629769
0.344209705185738 0.338798081847247 0.341945200718299 0.353528005091527 0.372454396816304 0.393795604968508 0.424272534210709 0.388400066806735 0.381201395166481 0.372589014488734 0.367585646536588 0.365708475368015 0.361640339750498 0.354517988853648 0.337862916679941 0.330381603882855 0.334891065493363 0.338536981168837 0.32312924085953 0.302847881586666 0.303927792157511 0.301169723092572 0.285390332250774 0.272827409203395 0.26874253169423 0.276472394009919 0.294228395182805 0.310383536784957 0.308690904682832 0.308164320657206 0.283119724355181 0.285858456141715 0.292415264775179 0.275340125698554 0.26448136547559 0.258548022162962 0.256323742455781 0.257031277414336 0.261294114092854 0.261407921999769 0.269440398167687 0.28348646103356 0.263153928080335 0.272349335315855 0.277038129937039 0.283018642183074 0.283692174610782 0.292060213380068
0.358308319260394 0.362748961408032 0.352857988687874 0.366068092518129 0.381046593461303 0.421448665971819 0.445274760602512 0.423922818144863 0.414618515031133 0.382765800030797 0.360129499610886 0.347309073639988 0.341621656702313 0.344375071162991 0.330956944278457 0.327932263795322 0.334447284625339 0.3351692491394 0.323157673345103 0.29614457159349 0.300490205280681 0.287466837561065 0.277527277949778 0.283359873944635 0.281039074421434 0.284509877956585 0.289563212165693 0.316258991301306 0.327607690410474 0.299659377028092 0.289984709158204 0.311213623833672 0.299487173801825 0.277626313774878 0.263616357423073 0.254427004583712 0.254560221428805 0.258852377563646 0.270184520072352 0.282613286363112 0.29045965218748 0.286985012369833 0.273318685638042 0.275452817206231 0.287509370705031 0.301905435954938 0.31409385068974 0.315662408223849
0.370647021501859 0.385066367746346 0.378049021897622 0.374545882561807 0.401894262825786 0.41586340843296 0.412834166538068 0.404090960023352 0.396075730455244 0.378851161644187 0.375624838106277 0.372113479197127 0.357180456365179 0.335402986478249 0.325622960343106 0.320265240384689 0.321260800101988 0.31574105992451 0.306129463510484 0.296919236086864 0.282981364572637 0.286601857265225 0.292822939711296 0.288901814440157 0.288444300419491 0.298123490850206 0.305368891165598 0.338083908601762 0.344386453336591 0.317286848575972 0.309193200443838 0.32386880549284 0.30603638163053 0.284653408716022 0.270505607860993 0.261296233957554 0.261806649592367 0.275135212314119 0.283429209985322 0.292515393672589 0.31563101546861 0.313115955027105 0.311696500956771 0.293356416114788 0.294488485503404 0.314263090412691 0.322377177547959 0.325952264648679
0.377400106866298 0.401999480555831 0.399552904262448 0.406208089871496 0.39269117793166 0.387988741273766 0.379245982646308 0.377787947860185 0.379287248701249 0.367838183644877 0.353726687884776 0.357299635700942 0.358661971623949 0.346465967489081 0.33842296362448 0.327729111622042 0.311798794491681 0.296679652249596 0.293832630054903 0.288492343511853 0.284496689010092 0.299325013074244 0.309196234854808 0.3029736622726 0.297070764737521 0.303241726885924 0.314718239855665 0.345385772505452 0.350504985140773 0.325501290116134 0.315556449946115 0.319591739457434 0.296745442909381 0.278486821828847 0.273194770872724 0.280063135539947 0.278139946068119 0.289295742340273 0.318659386766048 0.325969583028748 0.310088062173328 0.325277684687015 0.324339173339502 0.320681819261857 0.320587408645136 0.344141105409755 0.343683013725353 0.328115560575755
0.375681731434719 0.380198026906849 0.38519375564907 0.399709084821345 0.38636304425852 0.406693512863045 0.391855548325108 0.369901314205716 0.359532539989599 0.354057728370651 0.353940861748215 0.343847580249998 0.336090657908046 0.339173732702868 0.333275586381246 0.318264918352515 0.303485660982745 0.297533648594247 0.301895281088892 0.292149368128339 0.295914596105626 0.300468783099845 0.30875561892591 0.312584241800506 0.313278348232853 0.316971433904142 0.3457865680466 0.369431789966251 0.348850004444874 0.327983217274261 0.317891233136156 0.313179929143601 0.312672713412186 0.304493270837731 0.287201636443123 0.29002165771173 0.305748354924155 0.311165686695287 0.339155225188933 0.347412852954701 0.324555835604215 0.333069949083268 0.335380802514548 0.330126141610471 0.337986374368206 0.35543713261654 0.356940672177197 0.34522600729351
0.382290732812741 0.368890546542905 0.368952478976336 0.365169691738921 0.362874923050927 0.375164702760542 0.38122202664618 0.375813563453106 0.369752893163421 0.362683364698417 0.35048458545266 0.34433239612431 0.338681509571502 0.325085304437972 0.320653320460577 0.312417633414033 0.308840705449657 0.302731235204745 0.295942305948368 0.292070685835584 0.297299865013043 0.306164536682367 0.320894182193019 0.330363330104409 0.337275873040062 0.341903547190217 0.369424312047921 0.377493228694542 0.354323467641838 0.33740782076236 0.343902944016692 0.347108976348237 0.352888594348079 0.344408453097028 0.316856803850488 0.29339571002824 0.318585052605828 0.337099671088168 0.353600916265874 0.355083178014327 0.351877692097348 0.388074213583718 0.38749969126793 0.347071205557468 0.345488638607717 0.355845173388419 0.394038267440653 0.400137930496918
0.385541339546259 0.369785721091266 0.364477053574002 0.363236451226889 0.345351132561583 0.349502746784823 0.35633955578593 0.359931676857888 0.360782880602899 0.363663461125268 0.356079108262371 0.355334661638812 0.359989267910179 0.358312496633721 0.336902130641145 0.318802651656939 0.312776268707749 0.309671851850781 0.299148955358413 0.294244940205182 0.302000842298434 0.307399235648002 0.322917433399755 0.337881974739056 0.360409701174127 0.383476509351723 0.38716897134219 0.380900547771672 0.358361574100513 0.346971285612976 0.352131672272201 0.3570889910982 0.359062354124819 0.343306616773166 0.31281410876963 0.301469504983526 0.319390519296539 0.336109285912137 0.356911977839621 0.37434490352698 0.365095663246964 0.385951905168066 0.383995324712754 0.365844466114547 0.396985682034021 0.379498027464338 0.405555941418137 0.4088659106848
0.383719518681679 0.369799236966416 0.356540666126572 0.349642986683444 0.335352237342653 0.331359064293139 0.33681090519128 0.337281160246909 0.348383309140253 0.359553223642005 0.364323819678081 0.362071719376814 0.369553862183524 0.366980076701661 0.357289023348556 0.338712826102321 0.324255081972365 0.318361605713894 0.308887212967186 0.300056190258551 0.306175302512814 0.31077460488802 0.328612526074743 0.340611631733111 0.348939424814904 0.358172101588302 0.35830462101473 0.352171436156277 0.341925377654187 0.336965338586495 0.344402681845116 0.349923109943963 0.359513286926053 0.342388793167053 0.316648205685197 0.318392728120122 0.331091161672556 0.346989678547097 0.348582916279346 0.37053033005987 0.364218950972331 0.348891587554665 0.359369807639788 0.365095261157356 0.358338163036623 0.332253818843026 0.346381915947904 0.338136903486172
0.380011363662979 0.364537423401436 0.351542931716843 0.340339873482266 0.336761310157959 0.327759340365846 0.319673323092925 0.315742928400153 0.327826811605476 0.34960652393561 0.35717179809057 0.356951301849111 0.36146286882745 0.352644041682102 0.355953654667581 0.354937049748127 0.353163994198653 0.334395916064678 0.315657300625862 0.306254773389632 0.318478992663541 0.339383101079348 0.338033446051713 0.347085531803721 0.348325697069651 0.347735916463875 0.342967931404622 0.338758953096404 0.324072004188378 0.31972409518799 0.339224749186084 0.343371575932845 0.350711602093718 0.343770847689393 0.333918209059171 0.338449276760091 0.336470942995862 0.335087030052533 0.333571071563871 0.349645588536623 0.344550211603751 0.344111488366471 0.355377806506733 0.354591311238359 0.324630633913015 0.300610922970312 0.30613043336672 0.299396369120608
