out/reserve_sar.asc
NCOLS 470 
NROWS 479 
XLLCORNER 143.8 
YLLCORNER -43.7425 
CELLSIZE 0.00999999999999998 
NODATA_value -9999 
[rows 220 to 241 of 479, columns 384 to 431 of 470]
0.723644040420468 0.718194661380547 0.726358288795324 0.743690596797841 0.750364930963909 0.747503989663576 0.740776225576881 0.733817176937808 0.727473205362367 0.724933900983495 0.731111040295922 0.730475909449679 0.726114559850796 0.736162545108202 0.73797546745949 0.74673348695124 0.739070926173024 0.742939431435417 0.746055153811313 0.744274565370865 0.738584499275016 0.743686593124204 0.750192959908217 0.754798807581921 0.759045032831457 0.744357514665784 0.741060372625472 0.7503244577672 0.754205478029735 0.753477176084256 0.762061334899498 0.765210402659467 0.749843356535078 0.75213937716977 0.7526527472283 0.761549103494284 0.778310304900671 0.772018398638869 0.755793384414853 0.747314015549897 0.742342504001668 0.73733989224645 0.733734705401974 0.732944719579031 0.735357833509453 0.733982707740086 0.733580818078976 0.731723517706875
0.733949164003181 0.722436332958821 0.730553952871839 0.746782456730881 0.749656015047871 0.741197942571806 0.736625464147913 0.731798115886362 0.727190087439627 0.727196451089098 0.730902484917134 0.728738298554784 0.732500207136003 0.734830865984799 0.739257861093099 0.750317983066488 0.753631782304237 0.751949204148737 0.748140433347052 0.753749242110047 0.750250685938009 0.741496091407569 0.74217044308993 0.747232355655914 0.756982414338031 0.751303721095061 0.74276777727501 0.748378754360181 0.754287989477953 0.755875386885495 0.760556940475974 0.768252508747606 0.765464879351421 0.773394807269671 0.774969285143746 0.777651655009003 0.77584465267466 0.775576735388768 0.766011429578833 0.756812225855827 0.745483773213851 0.739204471895919 0.735303546478182 0.733926105219298 0.735231104191805 0.734645344883049 0.734855918069812 0.731700552527213
0.74072095623337 0.727584267614743 0.73016710605517 0.743222018908465 0.748208041161516 0.73878534358591 0.732126863557374 0.727839533349858 0.725436756852306 0.727831927527299 0.734314066559189 0.737857015368468 0.74524252842428 0.748764225682338 0.743245031285238 0.744418278974566 0.756675816963931 0.75600104514639 0.747728143799752 0.754075353039285 0.764283065564044 0.758014735827218 0.745720736628201 0.74477942945632 0.754741104372294 0.752262693781636 0.745850122714574 0.747227517311313 0.758904005271557 0.76563483919207 0.761095534136705 0.765230717914993 0.775212070297887 0.776949363342937 0.777502010222692 0.780003690134341 0.781658480853699 0.780562989415702 0.776887971887629 0.76710487214085 0.754587179082164 0.742160622665073 0.736199310509266 0.735675045875029 0.736510370602788 0.735509375408154 0.734032437364364 0.730768157040906
0.742046297282941 0.734089932564187 0.732705664913806 0.744893635339586 0.747206928460412 0.738209085517174 0.731932888490047 0.728214521706014 0.727650987271488 0.729230885962391 0.738822935682251 0.747039842213577 0.760978063331971 0.760550845343067 0.752177687346956 0.754981909035659 0.753217298183814 0.754195200241147 0.751221719748448 0.75967340672163 0.770771762517965 0.773228640905391 0.760884925637863 0.750050071412566 0.757662303478134 0.755506358037815 0.749146748024538 0.74762578738635 0.753412489987863 0.761373772799577 0.765190179920091 0.76862734229161 0.777024304813644 0.780177608094621 0.778084715968317 0.77868569980776 0.779164528290636 0.779862554888482 0.779080755890918 0.769003986504314 0.749778517635773 0.741126664808757 0.737620945219298 0.73736983226863 0.739020066984055 0.735541735236899 0.732959516259943 0.731166671660149
0.742342067712376 0.740870121174614 0.740592361602997 0.746293543804737 0.740045357062069 0.735657956041588 0.732093920431961 0.734420440534969 0.732918069060074 0.733578754233827 0.743382073489635 0.747975034925235 0.754445523677462 0.763100728246262 0.758878183395142 0.757629809025997 0.762159059474058 0.762052957437213 0.760718535681278 0.75588541535884 0.758513576509613 0.765356653518576 0.769308426240462 0.75572769394038 0.755436619753597 0.757671841463582 0.749187748148631 0.747631053243889 0.751455996363678 0.756082093331267 0.767047210747234 0.771069934788881 0.782493753781246 0.78737792319885 0.78088846276977 0.780920470094061 0.781521458608637 0.783746361491978 0.772450335529087 0.76552638065155 0.754954013202165 0.74648847073277 0.740448078215393 0.740677933877816 0.739786884190421 0.735977260691433 0.732096557445415 0.729336513551968
0.747473304906244 0.744472177807528 0.740847766467395 0.742933514156603 0.74088527375104 0.736655932237869 0.734125467775678 0.73418924739043 0.731347331574557 0.733077036087011 0.745469128697007 0.759046222894317 0.759097726865855 0.767600632404304 0.763528132819436 0.75864869845655 0.762142351518823 0.771375574590092 0.769258525031534 0.766312028573003 0.758606719185895 0.762781854535717 0.772331390048577 0.767355956528985 0.762007124181977 0.759359440596965 0.749907441102785 0.748394855132557 0.751698003391923 0.76472565319475 0.7802605030691 0.780214910117939 0.785643735814329 0.782099283132669 0.774529191874633 0.77369769073385 0.77186068901835 0.763872839071122 0.752669204183599 0.746627806589816 0.745170608233003 0.74471051428795 0.741279635723601 0.744303803103347 0.738653165142902 0.734849825896241 0.731920554294117 0.729230919469213
0.752051043509854 0.744111151936704 0.739626566869694 0.737109738570736 0.736888301664452 0.734419100112729 0.732697261504771 0.731503386983689 0.732107714556391 0.729718656296097 0.735865508117681 0.744314290242129 0.750052640927936 0.757850113065767 0.766280022730101 0.760869104628662 0.762572624703701 0.775258314284529 0.780494124246418 0.774720168475877 0.766597958113742 0.763698188137602 0.767385547807783 0.770075421393085 0.771390954774933 0.767145011442363 0.759394882976813 0.755373311024584 0.751180619190481 0.753163263192392 0.75985046704368 0.771882919235314 0.775196067165461 0.759882411741043 0.757837704651035 0.752148140945203 0.75334764698094 0.755516094850687 0.744842910834942 0.74062092183489 0.742013055596173 0.739738101262691 0.738925422319235 0.741527266190252 0.739357624749145 0.736146510397871 0.732935212663373 0.7303074651725
0.764524765124502 0.747382367104647 0.739230772465206 0.737043349247642 0.736494288740612 0.734869221167558 0.734207269710468 0.735800234494837 0.733569025831115 0.73323509337112 0.734575613878613 0.733327317870783 0.740673011200717 0.752081248527113 0.756645877164755 0.758785325095618 0.765112998757402 0.770156930057257 0.781993940154736 0.785947256501864 0.778864617417813 0.782749067326364 0.78410097874348 0.784934536338587 0.777579305034882 0.77797728309691 0.77759529717137 0.769933572830043 0.768025979478471 0.765647857221056 0.764856908191603 0.766335778451072 0.766754070980475 0.76283277955576 0.751790369176488 0.744725429195806 0.74290664234967 0.742196691057862 0.74759082673444 0.742944814793386 0.739135782967486 0.737668135499831 0.737816743699688 0.738960145644445 0.738818810713336 0.738455274826734 0.734014351162314 0.732190354610576
0.762045866464787 0.753896273845763 0.743598910818806 0.741696366505266 0.741162599104268 0.738013780118815 0.738246992372408 0.739745132629953 0.733842388617815 0.736178890105292 0.736524946060419 0.731936452603874 0.73634706977294 0.741230830703967 0.741728185638701 0.748652174843077 0.756335270658975 0.761596574661304 0.768716390018168 0.783629053724071 0.788474709368926 0.792786956299277 0.797266482612667 0.793295519068013 0.779485686588063 0.767108333939924 0.775583055784272 0.759431885296149 0.756396456634604 0.763476497101505 0.767781595196882 0.756949993650948 0.745901597437397 0.745114608014812 0.752490102999546 0.749932453591763 0.743110624061635 0.738966362255588 0.741298057713603 0.742797779396535 0.739907332560052 0.737404250793647 0.733981976483416 0.733721547520167 0.738232521819968 0.735590097810093 0.733919976213019 0.735808280727116
0.756835347031765 0.755619006039225 0.760133096527609 0.755041652792617 0.746633138163625 0.739697955825516 0.739883819684857 0.739479839888192 0.736189525191824 0.739771908975098 0.737228867803857 0.737694825678559 0.737946437744759 0.734910115713901 0.738381156037535 0.739542185930174 0.743624626902361 0.744412107963308 0.75335329531917 0.770431197474466 0.785325368451555 0.790502113429562 0.785040084739103 0.784610403078093 0.773890458840514 0.76047824218131 0.749849809645581 0.744207013638139 0.739191273174104 0.7415347626414 0.749228541188826 0.750438279199596 0.744378399385846 0.737840792877249 0.740817326742207 0.746781074587406 0.741107161766843 0.738352331282588 0.737127424639836 0.73938268921312 0.739655796425606 0.738509843718849 0.734317586967166 0.730755266703788 0.734388222713065 0.731402092538615 0.731228122037365 0.735231716715432
0.749210241086049 0.746093915087239 0.755044756991696 0.753488411017167 0.747556616451578 0.746760316775482 0.742694311778335 0.74174308766505 0.736476212932711 0.736857915618353 0.739069818126874 0.741664134190025 0.740666656993072 0.736283995892268 0.737182471836219 0.737325301318217 0.740918094402084 0.744264490918981 0.750046186914439 0.758284820835991 0.771696378924292 0.789995448874863 0.780186561082176 0.77878024101825 0.769433840137814 0.763313054326457 0.7535538452112 0.743798410355176 0.744310144006321 0.738107889385313 0.736377018734585 0.744186792272995 0.744976242314382 0.735793631090923 0.737954876314801 0.748613073476915 0.744207831298029 0.739219725943715 0.737306781937735 0.733261661259027 0.732466791969829 0.730449266876605 0.729572232774336 0.728183371298509 0.726684488002532 0.725428727481133 0.728089936520141 0.730328418631649
0.744796153211071 0.740840460595743 0.73945218927768 0.741443150544324 0.742278843598615 0.743238844313421 0.738901562012809 0.736881119477384 0.738581398842321 0.737695347153864 0.740716944394639 0.744437824652448 0.741655776878064 0.736518835500671 0.740094609791202 0.741702329195521 0.738133117407303 0.73966066018452 0.74728141968689 0.753933684022413 0.774593067064429 0.776951651770742 0.784335409876747 0.786831705053072 0.776248160788993 0.771278616997948 0.765490782671466 0.760546954462483 0.752606704491088 0.744563577666717 0.736862138558511 0.732909683932723 0.734581861210112 0.732772641768505 0.733367725507848 0.744237067136474 0.740009977680528 0.73966941322424 0.736940734000499 0.736743954076132 0.734706799893013 0.735991887455746 0.73524678254268 0.733560480285925 0.728424682531836 0.723430032124564 0.72397904948798 0.724223753554435
0.747781337941224 0.74328993399354 0.737791417530757 0.734908910714343 0.738858819808137 0.738105420771197 0.735907580636799 0.740662164914453 0.741631339255059 0.742750278239879 0.745072369644761 0.745406755623287 0.741549311528231 0.739726650999378 0.739181534924858 0.745902974731197 0.742513175833912 0.739565010747323 0.741028394407224 0.74775096418209 0.751746728342088 0.756147288358925 0.780076512673775 0.785982166269887 0.773560342185307 0.768842699860612 0.767227227040024 0.768745925780592 0.764052352116716 0.749967974865547 0.740572559997839 0.739601402097162 0.736989646378677 0.734338000775557 0.731075475778366 0.728859459898987 0.731906757219626 0.732278786862619 0.737324516522256 0.735108419684287 0.734002881685039 0.728928640178423 0.728639460392224 0.725507191873964 0.72507092140247 0.725415136103362 0.725662453673585 0.725542567685118
0.76078406097707 0.748656457838187 0.743923381099903 0.736218435415739 0.742581324149656 0.743257379046043 0.737271523123968 0.743510521106721 0.746451563906042 0.751256706173853 0.754152809384208 0.752168653671515 0.746715610248091 0.743074358197023 0.740307749502999 0.74639565724989 0.750208075464652 0.748212397843962 0.743783074534091 0.745615715912087 0.744577835610333 0.756444903574943 0.779378669247343 0.774153558700708 0.763272902193719 0.759171450707203 0.757858952284405 0.761617622970583 0.770184232993864 0.758930893829231 0.741956292617541 0.744661570124967 0.740165289691489 0.736488988238335 0.731241808335731 0.727306647837298 0.726147728179067 0.727135952033156 0.729924026661116 0.729255179437624 0.729328272406543 0.730539147912667 0.733823458879569 0.730356024254687 0.730650020813912 0.73361689441679 0.73412836106838 0.729803331546932
0.762651292253097 0.74770807905422 0.743089382295761 0.741863683658993 0.742890625488318 0.740675444139591 0.740886571951517 0.748083652670451 0.748475514281707 0.759062796240389 0.770381531521708 0.763413466584388 0.755146184562859 0.752364452073972 0.746141642481017 0.745232103624334 0.767257686680901 0.769957676970256 0.748826597807508 0.754788685180736 0.752967068931802 0.761461265374409 0.782284585510741 0.771996348512735 0.760308099998054 0.75297164341251 0.752565624924136 0.759940382753326 0.767063229520438 0.758956838321756 0.74205555334884 0.730133642336189 0.729502860397761 0.728451043794204 0.727270389751858 0.729123574877319 0.728585311387531 0.729634108797955 0.736099161025897 0.735507459291649 0.73671791673308 0.735317369058186 0.736690741578768 0.734189453619206 0.731873065255011 0.73049352707758 0.730937606306405 0.726131781535215
0.747429062507036 0.744694482992169 0.744050574412141 0.742781364495913 0.739776390330245 0.737550846771894 0.74113220767559 0.755977013885505 0.759246952027122 0.757811639934159 0.767640419882231 0.773860756134131 0.772097636548455 0.771204454572584 0.748799224756589 0.744024804076726 0.753986937852971 0.77699039730496 0.75934523795318 0.768368517856616 0.775114180543378 0.780244159547978 0.783562060378957 0.772433775298299 0.757521334522094 0.751913299991772 0.750085714746258 0.748233044258763 0.744729790951694 0.740827577988823 0.733672347363425 0.736335914982651 0.735886703950895 0.733094538787572 0.730581681638808 0.732386969782272 0.732193959760352 0.734350772103349 0.73370264998568 0.733306921565772 0.732986053039557 0.731399952777148 0.732738096619985 0.728910856870376 0.726123085310605 0.726254961778646 0.723900708340219 0.724180082901904
0.758973332645552 0.748968290953663 0.746168825512936 0.745382892114134 0.742097691336098 0.742956710116555 0.741906597840011 0.749560475972936 0.773988785316269 0.781800193967569 0.782213985476752 0.784278598695245 0.783121943615615 0.76286683180358 0.760339144814953 0.754778457645647 0.744772284910324 0.769172308709831 0.785783508025442 0.792473647562784 0.792562420860356 0.785544599918884 0.774198701072314 0.762383357030063 0.751344472013443 0.749649833982626 0.748896883291558 0.743661265215876 0.736445563109676 0.739773558278769 0.736200978444252 0.745598630492514 0.748003130935793 0.737798753048328 0.737045498586462 0.734679883480245 0.735705636534655 0.735425672152761 0.732724340108087 0.732721284924475 0.733318088644878 0.731793840139975 0.732657374177477 0.729542085187807 0.728180543472581 0.729773853094734 0.722852059686336 0.722482720533371
0.751745040695222 0.752690709298974 0.764548561520327 0.753712271928117 0.756943077915676 0.753549772804491 0.748429822771626 0.745058694189925 0.758250980109304 0.777713014824489 0.783181529407804 0.784707491264354 0.785182948939471 0.782658213711607 0.777049721989945 0.756967340675532 0.74806255432654 0.763465033135949 0.790272844901992 0.816401526846391 0.809381436092595 0.794667535793389 0.781999786768602 0.768651730675659 0.760169786359895 0.749604286821028 0.744811013708043 0.740251269195127 0.737979622716297 0.743039985705858 0.747759845248889 0.761112758005141 0.760324727466037 0.743725746831342 0.740678857230848 0.736214662839355 0.743258615162859 0.74400620888062 0.740400316799388 0.735022292102876 0.731479783479099 0.732218595119094 0.737534880533065 0.730933116304475 0.729057696874386 0.726201478306071 0.721789434030692 0.724258721944768
0.771220848042068 0.766942637479134 0.776111256999114 0.783320540688533 0.786499745723979 0.779557655261852 0.77145768855913 0.759746063590357 0.754511770132822 0.774664927041575 0.786192701877622 0.786494053107051 0.787341923805702 0.786284293366491 0.779016319989677 0.765240437820095 0.768284556078266 0.777343448150482 0.789214214185148 0.810434387652444 0.818577094292677 0.797924455889256 0.780849479993243 0.772151966563929 0.761044740576295 0.75268342615258 0.74624475774607 0.741849224854267 0.738694620266037 0.743066480391723 0.752876547015004 0.766210364497061 0.762425616744471 0.758241272530156 0.74668334245781 0.754063790983114 0.757263873614975 0.758519060370682 0.752951631689579 0.742272911551607 0.733682377233069 0.734975961451635 0.734178138401023 0.732770913426358 0.730209276776866 0.724836434494265 0.725185475115593 0.725689222371621
0.790258802827487 0.785422569450213 0.785813899178546 0.788929328326979 0.787474956054526 0.785211238315067 0.782169482987464 0.781448378670743 0.781900863994847 0.777813184352686 0.784266658254299 0.781872891667389 0.78359203339594 0.783959463780651 0.783574083959571 0.779873493978755 0.781994441060238 0.778687694694373 0.775129514777655 0.771720702193649 0.781516037516659 0.782026139464455 0.788013787172906 0.800506838579904 0.782620142481179 0.7693312273118 0.756474710081502 0.756758888780641 0.742506231125408 0.746751994029078 0.764212375743287 0.764409189709796 0.764135738051247 0.764412993384478 0.759513321134693 0.762491580738314 0.760870004584666 0.756307981163303 0.75382427506931 0.747299252716634 0.733969749952889 0.730361359706665 0.731416878236393 0.729628331955293 0.727603827115726 0.724650351028354 0.726125568242934 0.727233583908866
0.787918350569911 0.779171842975269 0.781309063064987 0.784084913977507 0.783395868492747 0.783759025277315 0.779767516900043 0.786664010718208 0.782482975329777 0.776913874251756 0.770709192611894 0.776146154343332 0.781868600961268 0.782726559465616 0.779570919991325 0.766812280689362 0.777091123054168 0.766412263396699 0.757425160813898 0.752629169691747 0.770120252142073 0.775457359427097 0.777083310792032 0.778899262281191 0.776352800106648 0.767130959718886 0.762737473491494 0.758292426257621 0.746106311063166 0.749820195912124 0.761000131717641 0.770750983692023 0.763252847264988 0.756422037567309 0.760134390605364 0.758319199300473 0.75669645566044 0.750320258956423 0.747109348253142 0.738438349946716 0.73046672723921 0.728159813222008 0.725686448717527 0.726103821334083 0.727877714897237 0.724705881946618 0.726165613168696 0.726654330873239
0.785480393657563 0.779963538378921 0.774193356790301 0.766637029956754 0.776314866621962 0.785192113845511 0.775864109136362 0.769518614993822 0.757550371704145 0.76487806851915 0.774214880277199 0.779948178188919 0.781479229530439 0.778780681670562 0.775833256998954 0.763839680525818 0.758335576493657 0.761745927391268 0.746872683246609 0.74531118703745 0.766725588816672 0.770539680237729 0.770211193118059 0.765476752311557 0.76523530539197 0.762277428722895 0.761372055424462 0.759220934614343 0.757878376243638 0.756801384807797 0.757677670444044 0.763700764202815 0.757691088010274 0.749670514450366 0.754512327588735 0.750144070277264 0.752598547139015 0.744068271508148 0.736864187409527 0.733469780382234 0.728612912564088 0.726818766667351 0.725079197431209 0.722702922818046 0.72599979385577 0.723492691250013 0.726365491353524 0.725817805079689
