out/reserve_sar.asc
NCOLS 470 
NROWS 479 
XLLCORNER 143.8 
YLLCORNER -43.7425 
CELLSIZE 0.00999999999999998 
NODATA_value -9999 
[rows 396 to 417 of 479, columns 288 to 335 of 470]
0.79119697160071 0.780562709098479 0.776370770694307 0.772355247082465 0.773968746617965 0.772743677831792 0.765132021367825 0.750912848618489 0.746282342743118 0.754571880846555 0.756776863532834 0.75607142175674 0.768323062907329 0.771259231570884 0.76348224047662 0.765762522368538 0.764577848552603 0.760716373395409 0.75098774631757 0.747280744097338 0.750615546246185 0.765211257647282 0.764832986787113 0.764727280034603 0.768383916286346 0.769843176159455 0.763101978898534 0.748141118515668 0.742508468708157 0.745739197537308 0.75077837358624 0.759401141454556 0.761629565134992 0.758097157468011 0.750812657543977 0.745444169065406 0.747703614514769 0.745171132037755 0.740308905991762 0.744815277845661 0.755569275072914 0.77163300733224 0.762887704094686 0.756411926745326 0.739319800775565 0.728187283503435 0.729921278991391 0.745665039881785
0.810141640774237 0.797003914918601 0.783960226509578 0.774932809377387 0.774303120864421 0.776521881839293 0.770400253971323 0.758043351749419 0.742685078702364 0.742158431778159 0.743974248635026 0.74874306595752 0.755995714388934 0.755225752475939 0.756588775441141 0.746125782358859 0.754840273993943 0.759100880925532 0.752516790100391 0.757397137424699 0.761292773356555 0.76304642728623 0.764389115006832 0.764961551077477 0.767185858490085 0.769534927543173 0.767078451650094 0.7460188436996 0.733642416083444 0.739173940704062 0.752489790361005 0.759362703342326 0.761613495729917 0.759943948171121 0.75554639511852 0.744281780707717 0.732001406863936 0.728145582220274 0.733750653218437 0.750755024391111 0.764303950841186 0.764216368864903 0.749538704015973 0.743754724174496 0.733967569431267 0.725658146133937 0.732021171057804 0.743977743059566
0.820042721068135 0.791774467501237 0.779357067720004 0.774434590039173 0.767685835875691 0.765301901938759 0.759957829070227 0.753048379625212 0.744006859595919 0.738758884603077 0.73778397043607 0.737775598275955 0.738618767231228 0.737321750164881 0.740310517514979 0.741275420539417 0.750630772514327 0.766851460080373 0.761316576109733 0.766345869523469 0.769774606512531 0.769651140828933 0.76756656013903 0.766619239457284 0.765558372227397 0.764721472753154 0.756556500941098 0.739428860568259 0.732457322579746 0.74797701949138 0.759477133908438 0.763259868008587 0.762039579220408 0.759121594522627 0.763021074127048 0.755886413538386 0.740071675082965 0.727177253191267 0.730056391437072 0.743699742293086 0.752211383610576 0.746196964389309 0.738710881276519 0.738048122356369 0.725728351427798 0.722817373590447 0.727633670347759 0.737028992803558
0.81347681298324 0.789201383014431 0.780337301002051 0.775747616915206 0.769586835198287 0.762237129807643 0.753881159200666 0.750655625202144 0.748572986962306 0.744921030254452 0.742665924558513 0.737235344795563 0.73251836989643 0.731313087983646 0.732384185949173 0.736846615755056 0.739790357499338 0.752668778108689 0.763900173831537 0.766432987616532 0.769565983157645 0.766334766617282 0.760888003341091 0.759399364906628 0.758167972300159 0.760366070287436 0.746997158746169 0.73141455443753 0.737434343557973 0.755703379789972 0.763662266676819 0.759633658753368 0.74437567438883 0.747838498877407 0.747720532056502 0.745813832526444 0.737857303488264 0.734350133571549 0.728935048831541 0.72503993037107 0.733900200341606 0.733695632436545 0.729162511414848 0.727000452661087 0.722219265984116 0.725139074014696 0.729434053899616 0.739758544010677
0.828949502943504 0.797821049429792 0.781889282717503 0.774866595639246 0.766977181710049 0.760807889841432 0.755042669119261 0.749080355208681 0.743960039017163 0.745744402332448 0.748336616019173 0.745669587628106 0.740269493401695 0.732542798311634 0.728132857772211 0.726915152982541 0.7307115831771 0.736648813873157 0.748746523159201 0.764184181680374 0.769399623973329 0.773777256285136 0.756480129136657 0.746392998718791 0.745237760748802 0.747712306740032 0.738081154794656 0.730666763616663 0.73791237514267 0.745569815818296 0.761481573127685 0.756449615074029 0.738938009419781 0.73441024144933 0.733233468196373 0.739656571696257 0.737740398327474 0.739068791500044 0.735682344451725 0.726608200325743 0.722090356276091 0.72533946207246 0.722940250436057 0.720205336022179 0.725558013999688 0.730476054286613 0.739082600604064 0.755441294909003
0.818732069887256 0.811127002298837 0.789178604773331 0.776336267191784 0.766128884201553 0.756402952911397 0.753416162683626 0.746521472331903 0.742609813511327 0.739903895076715 0.739680490391574 0.740033759443048 0.74398830238521 0.74169937330407 0.735118730607444 0.72698719830306 0.726670314820821 0.730002383309766 0.738772992984786 0.745039087237247 0.750499688846889 0.750222322122862 0.744361243280946 0.741664137684617 0.735271092519059 0.738264250839241 0.729496195256574 0.724834555198419 0.730971916573264 0.737960496581326 0.751831826570025 0.755895402060299 0.751285982837077 0.745543840635279 0.731795724729427 0.728938230400972 0.728661743138084 0.727690463808384 0.731947140067042 0.724913274219535 0.715712220187136 0.717865592123446 0.717708193997524 0.719739278994689 0.724882318172661 0.731408360859227 0.744824014411216 0.753034001410161
0.808789602484554 0.793222617282704 0.782722009374611 0.773090407009828 0.763543496059494 0.756071976418854 0.751184284954417 0.746865140180015 0.747081444079153 0.748950567847828 0.74774895461782 0.737247336745038 0.738493288023673 0.740422774283464 0.740970444626207 0.731774042765694 0.723857592475149 0.724804676549353 0.728492955266621 0.730121567771632 0.73030545753587 0.733880982170658 0.73010918333282 0.730899431901473 0.729835118107636 0.731082163396563 0.721512895058993 0.726607789027221 0.736718381354373 0.746057125719342 0.757127237227791 0.756984293367947 0.759757807734186 0.747599878465606 0.739823406805218 0.729200851872511 0.724597754508798 0.721150007913962 0.721762581035115 0.717153884308449 0.713832831090136 0.717259885041177 0.725586147003278 0.72618621644838 0.727466896541629 0.732837356415502 0.740034965555482 0.743144924378064
0.802758537005428 0.803057807115027 0.793208792889127 0.782838609451035 0.772091219888531 0.759305523760975 0.75739023869455 0.755582704906266 0.758369626205339 0.759356263504216 0.753157436394739 0.741490924932992 0.735898091483137 0.734330564131908 0.739405351317526 0.735399944957211 0.73622989548687 0.731523231658245 0.723020626260985 0.719623687798553 0.721006181394985 0.721216186659757 0.717712749717463 0.719040787962126 0.718466124906353 0.719926589072715 0.725032889541089 0.730408087173592 0.742423842458874 0.754900954604849 0.74554032415478 0.737690458984635 0.741819478856872 0.740927317376273 0.737895816002062 0.736575361616093 0.731556645283203 0.724271164212843 0.713745644576406 0.712784964891959 0.720010994540064 0.720679839407365 0.725179921980151 0.728793426094789 0.728459357785839 0.733269679655108 0.747956177370724 0.752578585920124
0.784051456884116 0.78931733536759 0.784235812910945 0.783015059607771 0.77239862058691 0.759337948863953 0.758548247698494 0.766693506700214 0.775006672409841 0.767805983495893 0.75442023348353 0.743268048974877 0.737393110759384 0.731858781619701 0.729689502792666 0.72929835565979 0.736192367394699 0.732945713363873 0.725388938731992 0.719676774710644 0.723376320758924 0.726516851062117 0.726765808889799 0.723889236035436 0.713134314300855 0.721045469579534 0.733849208087734 0.736533058178875 0.74068340051137 0.750767164608996 0.73539267505956 0.729560317530547 0.730882977868375 0.736172518478378 0.735316422144138 0.728095587675301 0.723032059451003 0.715250105120967 0.712348315999588 0.721316683351094 0.733091066366779 0.728541954666431 0.730557642113906 0.747332280715254 0.744399333011534 0.748333971919193 0.751929598502027 0.75149198374016
0.771934418513791 0.775095725925173 0.766605579879183 0.765090202072066 0.765249418915797 0.757222149492025 0.756890480919632 0.766416441085465 0.774804593373571 0.771866273172052 0.761345762774673 0.746908224216525 0.739383071983624 0.737697792090075 0.738719096850543 0.736924328126627 0.729695023253097 0.721950038074697 0.723555931786406 0.7344855127409 0.739398390278173 0.74313942240247 0.741474352224809 0.738344580510501 0.724416551294275 0.711638698626192 0.718529041131386 0.725151368034405 0.737882020276461 0.738700511504852 0.731950508786349 0.72278435780677 0.721169381492533 0.72406484215688 0.722686397795987 0.718482603188456 0.711531600529518 0.709327154562032 0.716036084435458 0.724962356802187 0.733300251555931 0.738562585327505 0.738987546299775 0.744024148938429 0.75090862800901 0.765413300344388 0.767534308223189 0.7535867082384
0.761158710569437 0.768844088681442 0.767063093448071 0.759561329770705 0.756142201920616 0.756173182773107 0.753683088345242 0.764808145856388 0.770307170398917 0.76538493324163 0.764461876637093 0.751328755756854 0.74784376478747 0.742522950945299 0.744601393313903 0.744008518062007 0.736431880919677 0.72450087059818 0.728845169775259 0.737870414632115 0.743167195549196 0.745648591756743 0.743179959731138 0.738408247977464 0.729585545925718 0.725081322417517 0.715751905546225 0.716451742321375 0.722749154379306 0.719735164886298 0.719638125570548 0.716722863351868 0.710750333879291 0.708751537108485 0.707494785511565 0.708402079534814 0.709115245207522 0.709440148255729 0.716563829932247 0.725864514580759 0.737225354767637 0.746904921327401 0.752947929840876 0.758783752666759 0.752321205746261 0.760489900015376 0.763639864090631 0.758828066457931
0.770421732234812 0.762888482394331 0.758893663297999 0.758996897426833 0.751508428324129 0.754062572081276 0.752484013729419 0.759874397611029 0.758255983337141 0.755950454603625 0.76079222345679 0.752491620756333 0.747813768883492 0.740297145289984 0.740885039442544 0.741437392214322 0.733968361963851 0.727708305961561 0.730406608502047 0.736338630783076 0.739421493165447 0.740277082187509 0.740542649658707 0.740504290417757 0.741574971627816 0.738307237334657 0.7264776073118 0.713465480787466 0.711588883559119 0.711153684996079 0.712516390834784 0.715572030984715 0.725341903064133 0.723560668639247 0.725533653648751 0.715289471560417 0.708512183668746 0.709507592320383 0.715007392779159 0.723613042780398 0.73422929890277 0.747181791551465 0.756758018933507 0.746500567976153 0.745366230124373 0.749607215339305 0.747171283839995 0.751106561457851
0.782896739379152 0.774223724223907 0.765523034438685 0.759962249320925 0.75578406090094 0.748881464491354 0.751226814627635 0.756601024611876 0.750206082383274 0.753062454872664 0.755384547042362 0.751323234752892 0.74243887955185 0.73695184919634 0.732665215138101 0.732612038909219 0.731498847024119 0.739495229094897 0.742185229454631 0.741875977221726 0.743907324028021 0.74548227269428 0.744102956102128 0.744407043869141 0.749174844524489 0.742435587208314 0.731292281092474 0.729212946184434 0.730038377128982 0.725785845223394 0.731396187066814 0.735356648397784 0.742281522897745 0.745879543189169 0.73970243170518 0.731288331299231 0.714558221844809 0.708918276941175 0.722591598164278 0.740628294190631 0.748307711596647 0.76331930464269 0.755870466141262 0.737255763671316 0.73449040862393 0.73487870061918 0.735002777094744 0.740230020669086
0.7844228734602 0.778996391826905 0.770859649996721 0.767703337839723 0.765864464837809 0.758954037298986 0.751910319159751 0.747565954856082 0.745053372887858 0.748083857726482 0.749489113882972 0.747063720888407 0.73858448346661 0.734345773556768 0.734767252217788 0.745894834232252 0.74444978030077 0.74036606148376 0.74283738497274 0.746760255614086 0.752471346853763 0.75373038959406 0.74695353430564 0.746452824729596 0.753245043388123 0.745480020312535 0.743818880848063 0.742693438478506 0.745178595194215 0.74363691325485 0.748444058533394 0.749798497923945 0.748341281997259 0.739239282867955 0.735734313188569 0.721273501605619 0.711787421780755 0.724576565497126 0.73636054709274 0.753775819311753 0.758164644654161 0.753774566488443 0.734799632564865 0.727135653665766 0.735336380740112 0.739559174191613 0.745594943956231 0.747581605149032
0.783176634541213 0.78060157058595 0.775275246870911 0.771996869880753 0.768332187522998 0.763093550743022 0.755195258661319 0.747535067508087 0.744851593927223 0.742669813125444 0.740832639324601 0.739908136491516 0.737388302172381 0.733911128936419 0.739125516048582 0.750229533487671 0.750839988828912 0.746577323338672 0.744540169228142 0.747846795508206 0.753490101793803 0.755905939805359 0.750551726715789 0.751767891077355 0.756896202930989 0.757509379586785 0.759099892851486 0.751922105809361 0.751975915971342 0.745321755885538 0.742218760273415 0.742143606725969 0.739836969110684 0.735111526460436 0.71967617535616 0.712211226461197 0.717527528260315 0.734037443605176 0.746245834935345 0.757911469955264 0.742992459606558 0.729263478347458 0.738909814894702 0.740550431687449 0.742635991984957 0.74506782206365 0.758895507744116 0.765076920143777
0.781590152326013 0.779578601067023 0.77630666166537 0.772892842920587 0.765917506978919 0.755118246235902 0.748917328278279 0.753881408429538 0.757039784267352 0.750808143727495 0.75212690994672 0.753607442273417 0.747917746675882 0.739235530212393 0.737437420935197 0.745841487469416 0.748638533518249 0.749914732747163 0.749187680284752 0.748563086803742 0.753009376863775 0.761337066156759 0.75722963956248 0.756245880549384 0.762166477545951 0.763078092808416 0.763329146426571 0.757605298539715 0.753256718335699 0.748911577473149 0.742439073658687 0.733030832473726 0.726079771796736 0.719071362864264 0.712132543468125 0.710528807225438 0.718752242995421 0.725686901478163 0.734697046419501 0.734162396654545 0.722857186584705 0.735323379076893 0.757092618254838 0.759278379297614 0.760279558654129 0.755855555892087 0.762161820988452 0.766329083260911
0.782807139230774 0.780550943448436 0.776244294429997 0.77330819441258 0.764939446278418 0.755029471624804 0.751709925538673 0.76058794094322 0.764268342926833 0.760365813796774 0.761053994006778 0.760128902334004 0.754310202236133 0.7435160698084 0.736643393203207 0.738790482265328 0.742858503733911 0.746826807406664 0.750874856491647 0.753122334724573 0.755402803967334 0.754665477272914 0.752423751450132 0.754151511225175 0.759851910348824 0.759136146629187 0.759313328296567 0.755504870946244 0.751675224851969 0.751819467923559 0.742708471466416 0.736099733647047 0.735243640806678 0.721562364387268 0.710065018255739 0.715782047608573 0.725313907505147 0.727140226485121 0.718557123642274 0.718903853107499 0.727305690214896 0.737838644959278 0.755947498947633 0.77118237082421 0.770189756659019 0.764476139725967 0.767476030352481 0.766529685394842
0.782641671080195 0.780815877089033 0.777195052732439 0.77293908687329 0.763364981153463 0.754867591394599 0.754186090544721 0.759761437019395 0.766682235436027 0.765366073419896 0.763803966078871 0.761334131734644 0.752592187126473 0.742812253405795 0.738389199626932 0.74315916463268 0.751457157569685 0.752922897991893 0.751702127352094 0.754895938447121 0.761446254449009 0.754789399704144 0.749784616726286 0.753731705419501 0.75282500953545 0.752895454355353 0.758834014242561 0.753682822062918 0.750672716521396 0.750766884888964 0.745219567594251 0.735786806759539 0.722791820609241 0.713003042849744 0.713190098386614 0.727286353051323 0.742599490864622 0.740613501243609 0.729467080582376 0.726918704904442 0.729522851958683 0.736896051161521 0.757893949795551 0.777967511711512 0.776043530636923 0.771486399422591 0.768531026760301 0.771717588205165
0.775093334970132 0.773973509693754 0.766929980349569 0.762111826803717 0.75785483452431 0.760534016029474 0.765898216309214 0.767632250361252 0.767629003646214 0.770506151066255 0.767665876162424 0.760836248426153 0.747428948521153 0.742707907987129 0.742971386161426 0.744142967245184 0.751359380551347 0.754526514038538 0.754095422637678 0.755256714837587 0.762563509522044 0.756238566643833 0.748927121664022 0.751886388412978 0.750393488768345 0.75391201139033 0.755894474729562 0.753824778144178 0.746048137668252 0.745359835392083 0.746389004601574 0.734865014633125 0.719327219119832 0.710739727304735 0.71146617435633 0.71846842413401 0.72817675726899 0.739569807285489 0.739019666285182 0.735732951659476 0.745635716818939 0.74621783272433 0.76026534429761 0.774178323415871 0.773818082390529 0.769929223388331 0.763397332422278 0.769532117834103
0.77786587753738 0.772295956461631 0.764803724515414 0.760035239040813 0.762760689340588 0.770278406180189 0.772278139492387 0.771428439013028 0.769559044611177 0.769073668083148 0.769089669825261 0.76175869919054 0.748684558692858 0.747127907699857 0.750904214688723 0.74720837647071 0.750433452611377 0.754087567962473 0.754833324518319 0.757400504166578 0.761108933999515 0.755733805387568 0.74749357244543 0.749901469357082 0.750739413641537 0.749491168839095 0.75054461354088 0.751405672485377 0.744334002237919 0.734415548264592 0.727185409175956 0.721804626407992 0.710799305914524 0.710183264198314 0.711143933067261 0.71499762964274 0.725426439703961 0.739264934220405 0.7440099247945 0.74488072784864 0.746752224285383 0.74700076672523 0.758747608822046 0.768900764796362 0.768713473504111 0.763173532679799 0.753000116718216 0.756711283191335
0.785177626625655 0.781193249962206 0.769348760723393 0.762904458323977 0.766249990867449 0.775549046125825 0.774815359179514 0.77275422237239 0.770697333619303 0.765763624979672 0.763770335376347 0.757349632494044 0.748865156833279 0.75575250941999 0.758746253004399 0.754201358995413 0.753042224368717 0.755693430023029 0.757155296172803 0.759687086566495 0.757390372565411 0.75356595355499 0.746737210210857 0.74563517327099 0.752839984092649 0.75065185704103 0.74381714576078 0.739519639265356 0.738859267251693 0.737208971151374 0.726163748808124 0.716088226752876 0.709988558036176 0.715333863267029 0.715800608159139 0.716108094616482 0.729515277706908 0.741943959865676 0.746112837299866 0.732414416148342 0.744062889139223 0.737412159828985 0.742194733814158 0.748319833929331 0.757000067420258 0.754031856396494 0.745356707001321 0.73690439620226
0.787183295380071 0.781441695344216 0.768948675369082 0.767366426357312 0.775879154349987 0.778200152956973 0.779876208144819 0.775397499990544 0.771251212081611 0.766900340061303 0.760891177240238 0.754271681243695 0.751498451914877 0.76027656440299 0.761782338303889 0.757644366386095 0.757119441043868 0.758499679945066 0.759265148012086 0.758151346187594 0.755592065590988 0.75048968851094 0.742533212069306 0.741667927459443 0.754929592948166 0.754090409915405 0.745654462993377 0.728002488497412 0.724954058148165 0.729254406970064 0.722980849941088 0.715689244978973 0.711496634602645 0.722902724399303 0.730147746683321 0.725409717585831 0.731448825781712 0.735807401796957 0.742357664368964 0.726604648454428 0.728673184202573 0.732170039030462 0.744550257290692 0.753234513868188 0.758200165977834 0.754763043029505 0.749103846238464 0.734042448816979
