out/reserve_sar.asc
NCOLS 470 
NROWS 479 
XLLCORNER 143.8 
YLLCORNER -43.7425 
CELLSIZE 0.00999999999999998 
NODATA_value -9999 
[rows 308 to 329 of 479, columns 384 to 431 of 470]
0.706775045394692 0.705346429166865 0.704868780838739 0.700253666558759 0.702222742703487 0.700090151692785 0.704148016039438 0.716561716046785 0.720522993912952 0.721072071512683 0.715155377944906 0.714224149678622 0.713483054852395 0.710962513069314 0.708747020661077 0.710914761685303 0.714028734277621 0.715709898165502 0.715157771952906 0.719314803223613 0.722792719927878 0.718673371739899 0.717827089301019 0.716216525281643 0.713375054142875 0.713299055190511 0.711356793382617 0.711565809968585 0.710043675255 0.708665946915176 0.703476753296399 0.702692167514306 0.700987332127587 0.700654896482265 0.697809578171176 0.698207727748916 0.696860329299276 0.696241675162075 0.695265603170521 0.696501183892204 0.697011902132806 0.697963701434368 0.695119618497985 0.696004357891247 0.700005136790608 0.70345116954778 0.705016843678802 0.704843750439835
0.697912278830873 0.706698640911479 0.703753486874768 0.698603447775332 0.695914162349065 0.694601644874603 0.708710096946979 0.714143119900502 0.71641340377027 0.715267635732111 0.713719871891836 0.71808527765593 0.715030769467978 0.712563822034269 0.708699714885768 0.707102998939251 0.714486143624201 0.715856019288182 0.713053209938204 0.718807155750014 0.722469189396968 0.719655526363529 0.717541568631365 0.718079108281042 0.714987014568765 0.709243478942167 0.709382657093186 0.70893557860792 0.705689075295319 0.704861402370335 0.703534776070645 0.697148200522333 0.70085683326217 0.699913481172016 0.698138895783297 0.696557623174783 0.697975503593029 0.695801117177207 0.693806350523054 0.694399178134134 0.694502899439828 0.694463886490429 0.696519605919845 0.696964783199581 0.701530141886361 0.704353926291572 0.704886290368407 0.702247786822779
0.699712331497459 0.698087974985016 0.704123418869502 0.704551612390952 0.700162532157667 0.698102124275104 0.700911420369196 0.710975957470206 0.714690554713419 0.712818043037422 0.717175656587265 0.71697597455259 0.716809488161343 0.712185262487439 0.708174355011653 0.706463977317309 0.709174055892322 0.711128357111225 0.708703929062154 0.71950135600879 0.722661372770299 0.719347835559564 0.717584238480805 0.713560862550549 0.712835732291688 0.711991921432724 0.708633988301489 0.705127267713007 0.705020310240134 0.703318451492372 0.701872951426807 0.702469718755612 0.700077735078749 0.699913219746747 0.698413673886901 0.698370851731327 0.695327311537833 0.693534265316999 0.69341894092558 0.694018300755267 0.694180732246459 0.694707580956131 0.695587390175887 0.696072769026122 0.699391663057948 0.703900765079194 0.703404112814927 0.704084004870629
0.696394777934837 0.701057576630516 0.704403334451841 0.706813848364392 0.700369299334372 0.69894923934295 0.703949935930518 0.716700272403464 0.72346897849118 0.719211542326294 0.717683059987753 0.716992778393864 0.718236327004676 0.712677717704297 0.706139620727186 0.705795847416169 0.705478218884538 0.710888868548179 0.706392107138126 0.714348420918378 0.719102908195341 0.715915826653104 0.7130740523855 0.709037401523917 0.709498821295678 0.705948805047558 0.705126343427303 0.708872900153913 0.70691972097448 0.704560032788081 0.702947292964813 0.70103253171261 0.699887344980532 0.702564961462933 0.699704252099324 0.696803555953902 0.697724676245608 0.698913134377261 0.697084019711276 0.694741471976325 0.69541250342351 0.696189427004069 0.695563761674153 0.696238150771596 0.701364987030363 0.702339363827078 0.703539204880689 0.701378792887333
0.690740917990933 0.700439024490357 0.70606056193314 0.703631035861177 0.699451373022405 0.698809805684897 0.703811567121862 0.713434908210765 0.720386736546538 0.721697122160651 0.723023022280248 0.717125078366104 0.715132572673007 0.715717159300228 0.708326630284718 0.709602646048408 0.706733303911159 0.705806560891374 0.705690657122164 0.710533478663904 0.718436348138885 0.717173026416496 0.713801632974099 0.709763187237649 0.706476257681925 0.710095680113858 0.706155286388874 0.70341505734066 0.704370827782451 0.703493870496885 0.703353791978214 0.702376328859146 0.696748284787658 0.701659129907079 0.702889821078844 0.702238767674575 0.697146925252283 0.694626341525585 0.695184762286513 0.695142428264735 0.695253557623119 0.69392452471119 0.693932650457701 0.694285526914354 0.696550417632256 0.699742104317773 0.701040045832737 0.700105773302986
0.694775473048554 0.694069604044598 0.701209418118109 0.696978730561935 0.70474275370618 0.707595562500549 0.69867031307673 0.702737863478574 0.710827824209729 0.716313818863143 0.718600919138328 0.714323985262294 0.721230802742643 0.717937768523875 0.711635311908355 0.708495501255933 0.710991714935976 0.706503693973503 0.70819534637678 0.709104822807297 0.717117394498554 0.715108343871023 0.710494261476254 0.708995269454765 0.70957184865722 0.708517659281098 0.704665733230852 0.708293850694632 0.707503957376258 0.7049880359702 0.705533125460052 0.700969829189211 0.701260222622356 0.699042657934838 0.698351387653575 0.698169748803296 0.696411031404252 0.697135483887994 0.697206083908918 0.698386871170238 0.696598062127807 0.69399190914379 0.696487905489707 0.697151296477839 0.697352711700183 0.697037572223005 0.698249568953345 0.699793220574335
0.69856908506435 0.698197221225648 0.694622652812956 0.694082443031616 0.696847477645676 0.700020390832994 0.703002844662951 0.702350620151531 0.705410669924293 0.709106279990673 0.713075851419965 0.712075248596566 0.717883179081853 0.718031713643469 0.71530215017489 0.712980864820916 0.711722838685962 0.708772543778294 0.704892916058558 0.704920474973233 0.711977291913912 0.714528442531307 0.712152880772021 0.710663031573027 0.710837210903076 0.707411560075996 0.70908357838714 0.709562260667713 0.710677997313834 0.708691282874369 0.707552113893155 0.703209605673058 0.696749631701989 0.695387376002849 0.699922113639489 0.697192756753433 0.697636711485398 0.701078209524687 0.701494326485835 0.69991049176612 0.698733757530276 0.697074075014245 0.69603410877403 0.697799516639313 0.698494519261027 0.698104660909839 0.698808016500877 0.69961414601164
0.699629720331236 0.699738144278154 0.699971921226886 0.6965787557849 0.702653133210285 0.703295833036288 0.699238812603566 0.69650938172559 0.702053684917871 0.707434242274032 0.711710807071635 0.707488320619474 0.711240341598077 0.712746739395096 0.712979905629696 0.711556615886761 0.707502246301531 0.706183926482502 0.702795606016839 0.70335868760379 0.712337827321959 0.718894228976486 0.717371866459453 0.711351605094091 0.709424107597544 0.707295440540113 0.705847275445657 0.707438099531538 0.709996974306179 0.707536460612956 0.703318764468766 0.699744005002016 0.69877501833482 0.700979139556329 0.699198896926187 0.699392677454686 0.700920663650046 0.697435697148152 0.699416970276687 0.702657852118301 0.700733322245644 0.69774004952306 0.697406726030563 0.697612821302424 0.697528304355253 -9999 -9999 -9999
0.696208088256246 0.6930827653227 0.690781555649204 0.691889577821076 0.692501418072841 0.693043965051112 0.69340813832579 0.699357002855453 0.70554248112087 0.702948505478264 0.702444119798398 0.705619818814085 0.703870093106131 0.704926858112397 0.706860789721724 0.711170066595623 0.708679546530124 0.702003472764023 0.70176022120867 0.700829634746126 0.709270601356668 0.715508206873007 0.710778496663759 0.709474159087915 0.707713471962502 0.706973300745274 0.704521989258388 0.702053016482152 0.707012512968341 0.706405935205277 0.70120610848772 0.704895684222712 0.703207380955122 0.700517560236142 0.702228926575923 0.703519730399623 0.701747701499576 0.700917321222278 0.699901695364726 0.700967544791083 0.699983508044315 0.696750173755815 0.696097800388291 0.696520930853522 -9999 -9999 -9999 -9999
0.690192687319494 0.691758640509709 0.695793146141075 0.694721758141069 0.691724460422903 0.695613225275079 0.69574961924771 0.703058807606742 0.708493597407584 0.710565876134376 0.710854714493943 0.705311424503727 0.705917547595504 0.705660114573462 0.708471419656557 0.701888010076606 0.70276403749016 0.701814539280486 0.705336259115322 0.703088939650555 0.703083248421472 0.708175645239479 0.703969833214174 0.705163688053649 0.708606538567712 0.704215784644766 0.707386029980424 0.707415340207942 0.70532266034652 0.705668904754364 0.703612267836984 0.703710730057797 0.706592480858395 0.704762032086204 0.701768167689267 0.698665232145164 0.701478673340828 0.698407576923678 0.699474776195622 0.698524807864078 0.697737165006673 0.695391282692047 0.696058872689747 0.696163383554233 0.697608704869542 -9999 -9999 -9999
0.694723084260295 0.693678782705266 0.701758847472957 0.698440142031381 0.695056901935426 0.698600021891688 0.699076398083467 0.699393692463756 0.700584186624975 0.704107959749135 0.707266559612017 0.700511429892378 0.702720778537958 0.699629579201094 0.702418202279018 0.702365469758365 0.698220712098021 0.700664694026133 0.703665772001058 0.699581146030689 0.700946550914502 0.705355471249903 0.70716847244936 0.711873649856269 0.715371904590772 0.714604626496959 0.710645044921614 0.710856908413865 0.710455364903023 0.708415762340565 0.708030139342851 0.707903363275881 0.704324449600357 0.700648868766887 0.701955311939489 0.702326837418758 0.698743780223986 0.700245816704106 0.700542510767264 0.700304297302435 0.69899254473922 0.697311334531902 0.698823480418924 0.69813647303171 -9999 -9999 -9999 -9999
0.699922425777863 0.698995978030829 0.697585102986518 0.703884600279046 0.701898941834921 0.698628328620137 0.697924935430649 0.697527930131546 0.701571386348579 0.699008619422876 0.698540543621513 0.704985689978823 0.703711551281013 0.70146328364377 0.697557993559482 0.697749281010923 0.700388935219434 0.703705153628457 0.70343125076445 0.697968543119709 0.697489260965052 0.705542598182469 0.708601657876938 0.715993087869162 0.721201763538083 0.717475199803999 0.709073020154797 0.710689153114883 0.707738970551151 0.709461756062612 0.708400391190954 0.705518367795403 0.707688905754627 0.705696104063465 0.702214822896751 0.700703222863856 0.699914584895711 0.703141579961236 0.704194147388129 0.703538400465145 0.7016365423529 0.701100150949986 0.701581881664245 0.699862301191019 0.696707065861563 -9999 -9999 -9999
0.700959268218147 0.705064426397074 0.703474825820299 0.700515884205625 0.700401265582914 0.695545723122204 0.694978045645895 0.697228685318846 0.697591270609508 0.698243703796468 0.695798223536605 0.69777155137642 0.701587474397109 0.699967824834057 0.699249986689349 0.697623773906192 0.699799904141058 0.702705011827478 0.698203422735575 0.699591727196764 0.703162299044241 0.706403388355164 0.713031693374419 0.714896032192264 0.719127842865691 0.715341468815957 0.709818950444561 0.708332516761727 0.710394406674607 0.707453814927348 0.707943117386441 0.707454655482202 0.702471316084719 0.701244348538501 0.699988242548344 0.702175982648913 0.702400091639587 0.701701767649677 0.70176587506439 0.700570991183593 0.700619716149777 0.699858294947896 0.69889980050779 0.69771854009823 -9999 -9999 -9999 -9999
0.699405534741397 0.700421321498803 0.698332276635437 0.6979257294371 0.698289082115795 0.694632765399291 0.692630154326696 0.694488565476576 0.694399978453165 0.697234718399628 0.70096038398473 0.701923711958615 0.697653445280535 0.696788336836231 0.696702696186724 0.695471869677785 0.698078287309886 0.700372930215546 0.702604156668936 0.703663367634261 0.708507988010537 0.708959727456531 0.71417429577043 0.719128369960601 0.717688148467148 0.713254803221933 0.710448040859863 0.706993909503929 0.706630334149462 0.70609540852825 0.70527061896763 0.704749741216759 0.703783794037769 0.700365272293636 0.703450218728694 0.704635510747123 0.704411826708078 0.702543767446647 0.70100037484482 0.701730067032617 0.70156169832892 0.700986338184401 0.703788625616383 0.700962184095682 0.697625142337023 -9999 -9999 -9999
0.700181803019706 0.699105109226417 0.700024926970618 0.696063124422247 0.697497333419962 0.697448944011773 0.698014033325253 0.696768204144139 0.695306334690239 0.700291341158526 0.698668268682665 0.694704986902504 0.694150370584486 0.699817102160431 0.706731066627952 0.702951886947167 0.69919269619509 0.696912906498683 0.696175068907768 0.702643973566703 0.705269835999975 0.705869773666486 0.708826058588543 0.715339525617001 0.716975428048139 0.715775813815463 0.707773718183407 0.709431551927011 0.707767240161556 0.707439087076929 0.705837892335775 0.705933726907245 0.706509585493976 0.703133163401212 0.70662886876115 0.703616463148369 0.703834406073386 0.702465309481553 0.702173851858624 0.703598548788242 0.700485758821692 0.702283282519948 0.704137501884707 0.701270475754412 -9999 -9999 -9999 -9999
0.698534790039338 0.694917004114124 0.698437795164019 0.697785411681689 0.698700293004081 0.696671665852188 0.69733981993924 0.699262705781867 0.700731653717717 0.699479377362999 0.698035680791053 0.703482117662967 0.702612455167173 0.705498135853782 0.708098717421279 0.7053136549557 0.707333652447813 0.699519600217656 0.696987931452294 0.696854770882121 0.703482772314751 0.712541992775541 0.70934000583109 0.714904690915152 0.718060519508635 0.711492041669266 0.710569777251085 0.707994534653415 0.708446888788161 0.708220001332044 0.704974434606999 0.708285146170022 0.705479224367715 0.705657500758133 0.707077178634536 0.704485413035926 0.704843946528189 0.702078002158707 0.706564389423465 0.703691383248117 0.704681015512614 0.704451665477037 0.702449404707466 -9999 -9999 -9999 -9999 -9999
0.698412105169544 0.695091498580891 0.696538911924045 0.694547470642118 0.693778222972019 0.700843295860404 0.698058386222744 0.697794979768453 0.699099286881907 0.702002172479037 0.70248707922403 0.69838790602832 0.695880667868235 0.69961970293449 0.708062395059856 0.70941282367356 0.710417699664791 0.700840096192664 0.703174230446042 0.703978143204817 0.707602456329872 0.711958442823122 0.710756209271815 0.7143209073996 0.715621403919917 0.710597250097798 0.707162769584113 0.709709486144957 0.711070923219293 0.70971580600645 0.709265138538825 0.709355623003104 0.707203281359647 0.70586924859297 0.708493430375638 0.707250036172292 0.707531632718253 0.70693030791012 0.705692695756129 0.701106665350695 0.702055995485943 0.702033781318978 0.700640299994919 -9999 -9999 -9999 -9999 -9999
0.698302346721849 0.695382593520009 0.694785592903481 0.694200413573358 0.694777869871033 0.696335079318629 0.701245717934095 0.701734607554474 0.701165568356397 0.7006636082264 0.698974109930465 0.701519003922759 0.70308586877483 0.704658070674446 0.704569451159353 0.702074899463084 0.701605705138046 0.698294826013979 0.70358004617012 0.71162110013495 0.706630187620881 0.710544632095123 0.708816472498386 0.710009141653554 0.713006039147537 0.709071074403128 0.707500413000555 0.708125336209891 0.710580648937948 0.707568119022718 0.706602168050657 0.706582891952554 0.708196702553192 0.709463765116866 0.706662221354413 0.70811882942702 0.704709592952151 0.70409434965135 0.703342519451988 0.700594057064563 0.697338460859563 -9999 -9999 -9999 -9999 -9999 -9999 -9999
0.697617916038059 0.696518515701363 0.694405758787681 0.697336238089674 0.698165078105692 0.697891844666493 0.700809582541683 0.700908998603771 0.702221754184833 0.703513483993911 0.701276922241645 0.701867849994342 0.69838055280968 0.690883564600673 0.688095214271815 0.69177075200515 0.697193702415788 0.707315498788807 0.705755822029387 0.705046782372833 0.703220295064286 0.702951995001291 0.705135854286368 0.714072915166387 0.717220178515683 0.710216191877636 0.708810278776182 0.707405722135844 0.707800307359275 0.710429451559472 0.707385046716955 0.708477305691216 0.707836943200852 0.708124616745287 0.706688592689774 0.70876692163455 0.708087682247455 0.706085214146172 0.702738333518658 0.699363119071349 -9999 -9999 -9999 -9999 -9999 -9999 -9999 -9999
0.701022295955193 0.700376744648728 0.699907132359873 0.701024948998016 0.700761130395869 0.698148073597582 0.702268168589049 0.697614198498274 0.696907403335976 0.701642033684352 0.699689519244308 0.706082405045145 0.702018975818241 0.694537871261061 -9999 0.696633474799874 0.702157513887228 0.706240308083336 0.705462026585892 0.697115921208916 0.704638971564865 0.712925925382429 0.709629111748804 0.711493264782519 0.716066501361115 0.713227037254511 0.706015787264547 0.707314507147535 0.70857246187933 0.705478486560106 0.704395271850745 0.703352717027894 0.705999123353441 0.708750838944628 0.708726241613759 0.70858071143184 0.705713828444423 0.703706269724866 0.7026429812782 -9999 -9999 -9999 -9999 -9999 -9999 -9999 -9999 -9999
0.700742049850347 0.698526995454426 0.700280474535697 0.698731985003836 0.704816877858033 0.701859211510217 0.700257260544737 0.700899781971626 0.698597665034666 0.700082511074489 0.702750590540211 0.705673264327163 0.707234409055 0.692376281891584 0.690410353861692 0.690287418250901 0.701993593165641 0.696892205095832 0.702414163901046 0.706536670244564 0.708790922152932 0.717749484170547 0.716840910145988 0.713134976998739 0.715456873061458 0.714267711755188 0.710994281565736 0.707658360683504 0.70947630798014 0.708863552734552 0.705836385492471 0.701425341689483 0.702944192130179 0.703925354533137 0.703653000146644 0.704904792027278 0.703858529512387 0.702895695195132 -9999 -9999 -9999 -9999 -9999 -9999 -9999 -9999 -9999 -9999
0.707925849109012 0.706307512876437 0.702910314086336 0.704460918062263 0.701419392506992 0.699399883118471 0.703232348977109 0.700255758508987 0.702183263425476 0.70178689288967 0.7045352951383 0.708635070114753 0.701837438393861 0.705078179140391 0.697307879843886 0.693887835395962 0.69753235463821 0.705428959365385 0.709182541880587 0.712628630414555 0.711761315616593 0.715193968213353 0.720834088069677 0.714077378582849 0.713183086527398 0.712384400596415 0.709483765599182 0.705802110505845 0.709842505971091 0.708504546454681 0.706164132529122 0.705485593741403 0.706499522492272 0.703335165111817 0.702825412624843 0.702121666702606 0.699681744802637 0.697256138000428 -9999 -9999 -9999 -9999 -9999 -9999 -9999 -9999 -9999 -9999
