Code_and_data/Tas_Plant_GDM_Files/ASCII grids/bulkdensity_1km.asc
ncols         470
nrows         479
xllcorner     143.8
yllcorner     -43.7425
cellsize      0.01
NODATA_value  -9999
[rows 210 to 239 of 479, columns 272 to 339 of 470]
-9999 -9999 -9999 -9999 -9999 -9999 -9999 -9999 -9999 -9999 -9999 -9999 -9999 -9999 -9999 -9999 -9999 -9999 -9999 -9999 -9999 -9999 -9999 -9999 -9999 -9999 1.38606 1.38606 -9999 1.38606 1.386064 1.386311 1.387435 1.389248 1.397968 1.423409 1.456337 1.548274 1.624446 1.632994 1.632931 1.632887 1.632849 1.632886 1.632917 1.632898 1.632852 1.632874 1.632915 1.63292 1.63292 1.63292 1.63292 1.63292 1.63292 1.63292 1.63292 1.63292 1.63292 1.63292 1.63292 1.63292 1.63292 1.63292 1.63292 1.63292 1.63292 1.63292
-9999 -9999 -9999 -9999 -9999 -9999 -9999 -9999 -9999 -9999 -9999 -9999 -9999 -9999 -9999 -9999 -9999 -9999 1.54741 1.54741 1.54741 -9999 -9999 -9999 -9999 -9999 -9999 1.38606 1.38606 1.38606 1.386165 1.392489 1.421467 1.448901 1.488648 1.550956 1.588551 1.617895 1.635279 1.634678 1.633154 1.632926 1.63292 1.63292 1.63292 1.63292 1.63292 1.63292 1.632871 1.632347 1.63169 1.632058 1.632741 1.632914 1.63292 1.63292 1.63292 1.63292 1.63292 1.63292 1.63292 1.63292 1.63292 1.63292 1.63292 1.63292 1.63292 1.63292
-9999 -9999 -9999 -9999 -9999 -9999 -9999 -9999 -9999 -9999 -9999 -9999 -9999 -9999 -9999 -9999 -9999 -9999 1.5473 1.547406 1.54741 1.54741 1.54741 1.54741 1.54741 1.54741 -9999 -9999 1.38606 1.38606 1.386302 1.401726 1.481133 1.562872 1.608818 1.632931 1.640146 1.641481 1.641172 1.637633 1.633684 1.632936 1.63292 1.63292 1.63292 1.63291 1.632866 1.632863 1.631884 1.623538 1.614258 1.617827 1.627758 1.632352 1.632901 1.63292 1.63292 1.63292 1.63292 1.63292 1.63292 1.63292 1.63292 1.63292 1.63292 1.63292 1.63292 1.63292
-9999 -9999 -9999 -9999 -9999 -9999 -9999 -9999 -9999 -9999 -9999 -9999 -9999 -9999 -9999 -9999 -9999 1.52309 1.542464 1.547096 1.547401 1.54741 1.54741 1.54741 1.54741 1.54741 1.54741 -9999 -9999 1.38606 1.38613 1.391429 1.428755 1.512416 1.604791 1.637188 1.640231 1.640782 1.640086 1.636487 1.633442 1.632931 1.63292 1.63292 1.632854 1.631671 1.628579 1.6282 1.625157 1.603594 1.583904 1.587111 1.606111 1.624492 1.631205 1.631757 1.631508 1.631541 1.632014 1.632677 1.632905 1.63292 1.63292 1.63292 1.63292 1.63292 1.63292 1.63292
-9999 -9999 -9999 -9999 -9999 -9999 -9999 -9999 -9999 -9999 -9999 -9999 1.45986 1.45986 1.45986 1.459877 1.462564 1.484978 1.518979 1.540358 1.546684 1.547387 1.54741 1.54741 1.54741 1.54741 1.54741 1.54741 -9999 1.38606 1.386061 1.386251 1.389565 1.420634 1.512797 1.591594 1.609491 1.618084 1.630876 1.633489 1.632991 1.632928 1.63292 1.632914 1.631899 1.62124 1.603492 1.600391 1.598088 1.583826 1.574489 1.574492 1.581525 1.598527 1.613141 1.61427 1.612222 1.612508 1.616906 1.625949 1.63163 1.632482 1.632457 1.632447 1.632528 1.632779 1.63291 1.63292
-9999 -9999 -9999 -9999 -9999 -9999 -9999 -9999 -9999 -9999 -9999 -9999 1.459736 1.459832 1.45986 1.459863 1.460127 1.463588 1.479167 1.509841 1.536499 1.545987 1.547349 1.547409 1.54741 1.54741 1.54741 1.54741 -9999 1.38606 1.386202 1.386533 1.387619 1.397001 1.454499 1.536627 1.559294 1.574262 1.612925 1.632079 1.633318 1.633141 1.633091 1.632987 1.630533 1.6093 1.581827 1.576351 1.575931 1.574166 1.573389 1.573354 1.573859 1.577087 1.582231 1.582332 1.580781 1.581006 1.585312 1.600456 1.616635 1.620568 1.619985 1.619832 1.621346 1.627094 1.631802 1.632858
1.427 1.427 -9999 -9999 -9999 -9999 -9999 -9999 -9999 -9999 -9999 1.443452 1.453142 1.459158 1.459848 1.45986 1.459861 1.459964 1.461752 1.473249 1.501431 1.531387 1.544526 1.547171 1.547404 1.54741 1.54741 1.54741 1.54741 -9999 1.39624 1.404417 1.420719 1.445378 1.498433 1.54031 1.547641 1.555773 1.597591 1.633079 1.636949 1.636092 1.635238 1.634265 1.631973 1.617254 1.589257 1.575731 1.573506 1.573339 1.57333 1.57333 1.573336 1.573401 1.57358 1.573562 1.573466 1.573482 1.574016 1.578084 1.585069 1.587577 1.586746 1.586545 1.588944 1.601534 1.620622 1.631251
1.427 1.427 1.427 -9999 -9999 -9999 -9999 -9999 -9999 -9999 1.427385 1.430921 1.441684 1.45533 1.459619 1.459859 1.45986 1.45986 1.459899 1.46086 1.468783 1.492193 1.522012 1.541307 1.546801 1.547396 1.54741 1.54741 1.54741 1.50116 1.409819 1.484355 1.508589 1.525047 1.540627 1.546779 1.547428 1.551174 1.58528 1.631369 1.641383 1.641154 1.640473 1.638728 1.635089 1.629632 1.613477 1.59088 1.577174 1.573669 1.573339 1.57333 1.57333 1.57333 1.57333 1.57333 1.57333 1.57333 1.573338 1.573461 1.573783 1.573953 1.573847 1.573822 1.574256 1.578611 1.596748 1.622392
1.427 1.427 1.427 -9999 -9999 -9999 -9999 -9999 1.43099 1.429421 1.427455 1.427328 1.431946 1.44759 1.458554 1.45985 1.45986 1.45986 1.45986 1.459873 1.46034 1.464537 1.481249 1.512188 1.538572 1.546831 1.547406 1.54741 1.54741 1.54741 1.54294 1.538167 1.543977 1.546436 1.546974 -9999 1.54745 1.54974 1.576346 1.626325 1.641977 1.642469 1.642412 1.641848 1.639027 1.634636 1.630146 1.617835 1.5957 1.578406 1.573571 1.573331 1.57333 1.57333 1.57333 1.57333 1.57333 1.57333 1.57333 1.57333 1.57333 1.573331 1.57333 1.57333 1.573338 1.573693 1.579704 1.602013
1.426934 1.427 1.427 -9999 1.431735 1.431749 1.431703 1.431489 1.43065 1.428782 1.427284 1.427022 1.428459 1.440356 1.456142 1.459763 1.45986 1.45986 1.45986 1.45986 1.459862 1.459998 1.462109 1.476375 1.513052 1.544575 1.547387 1.54741 1.54741 1.54741 1.54741 -9999 -9999 -9999 1.54741 1.54741 1.54741 -9999 1.601665 1.637215 1.642282 1.6425 1.6425 1.642456 1.641636 1.638528 1.634808 1.629997 1.615465 1.587341 1.574174 1.573333 1.57333 1.57333 1.57333 1.57333 1.57333 1.57333 1.57333 1.57333 1.57333 1.57333 1.57333 1.57333 1.57333 1.573342 1.574081 1.58087
1.423816 1.426956 1.427 1.427 1.431672 1.431733 1.431674 1.430858 1.427853 1.427329 1.427033 1.427001 1.427382 1.434354 1.451948 1.459456 1.45986 1.45986 1.45986 1.45986 1.45986 1.45986 1.459933 1.464838 1.490118 1.545114 1.547326 1.54741 1.54741 1.54741 1.54741 -9999 -9999 -9999 -9999 1.54741 1.54741 1.54741 1.54741 1.642325 1.642481 1.642499 1.64249 1.642491 1.642427 1.641727 1.638232 1.623386 1.600798 1.581581 1.573829 1.573332 1.57333 1.57333 1.57333 1.57333 1.57333 1.57333 1.57333 1.57333 1.57333 1.57333 1.57333 1.57333 1.57333 1.57333 1.573352 1.573792
1.405679 1.426455 1.427 1.427 1.42729 1.42729 1.427 1.427001 1.427012 1.427006 1.427 1.427 1.427094 1.431319 1.448524 1.459032 1.459857 1.45986 1.45986 1.45986 1.45986 1.459853 1.45959 1.458969 1.474928 1.523669 1.545493 1.547392 1.54741 1.54741 1.54741 1.54741 1.54741 1.54741 1.54741 1.54741 1.54741 1.54741 1.54741 1.54741 1.579107 1.642451 1.642085 1.641576 1.641688 1.642309 1.640726 1.623177 1.589831 1.575112 1.573381 1.57333 1.57333 1.57333 1.57333 1.57333 1.57333 1.57333 1.57333 1.57333 1.57333 1.57333 1.57333 1.57333 1.57333 1.57333 1.57333 1.573333
1.383363 1.425504 1.427 1.427 1.427 -9999 1.427 1.427 1.427 1.427 1.427 1.427 1.427039 1.429848 1.445267 1.458224 1.459846 1.45986 1.45986 1.45986 1.459858 1.459539 1.454784 1.438489 1.429289 1.477543 1.534626 1.546981 1.547409 1.54741 1.54741 1.54741 1.54741 1.54741 1.54741 1.54741 1.54741 1.54741 1.54741 1.54741 1.54741 -9999 1.64086 1.633276 1.626511 1.637352 1.641871 1.635732 1.607866 1.579955 1.573568 1.573331 1.57333 1.57333 1.57333 1.57333 1.57333 1.57333 1.57333 1.57333 1.57333 1.57333 1.57333 1.57333 1.57333 1.57333 1.57333 1.57333
1.375829 1.424965 1.426999 1.427 1.427 1.427 1.427 1.427 1.427 1.427 1.427 1.427 1.427027 1.429289 1.443946 1.457934 1.459844 1.45986 1.45986 1.459854 1.459665 1.456322 1.43756 1.411526 1.402788 1.431651 1.504368 1.543068 1.547322 1.547409 1.54741 1.54741 1.54741 1.54741 1.54741 1.54741 1.54741 1.54741 1.54741 1.54741 1.54741 1.54741 1.54741 1.547426 1.587418 1.61093 1.636683 1.641215 1.628044 1.593347 1.574911 1.573339 1.57333 1.573333 1.573346 1.573356 1.573353 1.573338 1.573331 1.57333 1.57333 1.57333 1.57333 1.57333 1.57333 1.57333 1.57333 1.57333
1.35816 1.422034 1.426956 1.427 1.427 -9999 1.427 1.427 1.427 1.427 1.427 1.427 1.427165 1.431728 1.448302 1.458849 1.459856 1.45986 1.459853 1.45939 1.455044 1.440326 1.415055 1.400214 1.398396 1.406741 1.456488 1.521019 1.544407 1.547243 1.547405 1.54741 1.54741 1.54741 1.54741 1.54741 1.54741 1.54741 1.54741 1.54741 1.54741 1.54741 1.54741 1.547447 1.551036 1.572179 1.614771 1.638991 1.63743 1.607542 1.577957 1.573397 1.57347 1.574264 1.576067 1.577258 1.57682 1.574875 1.573568 1.573342 1.57333 1.57333 1.57333 1.57333 1.57333 1.57333 1.57333 1.57333
1.310196 1.400214 1.42397 1.426894 1.427 1.427 1.427 1.427 1.427 1.427 1.427001 1.427176 1.429886 1.441736 1.456586 1.460311 1.460245 1.460133 1.459847 1.4552 1.434891 1.412261 1.400939 1.398273 1.398135 1.399127 1.413673 1.462996 1.515639 1.539755 1.546337 1.547294 1.547402 1.54741 1.54741 1.54741 1.54741 1.54741 1.54741 1.54741 1.54741 1.54741 1.54741 1.54741 1.547571 1.552301 1.581195 1.625194 1.639556 1.619611 1.58444 1.574981 1.578923 1.589371 1.60147 1.6072 1.605036 1.593262 1.579919 1.574261 1.573367 1.57333 1.57333 1.57333 1.57333 1.57333 1.57333 1.57333
1.239561 1.316039 1.393013 1.424139 1.426978 1.427 1.427 1.427 1.427 1.427 1.427144 1.432593 1.464743 1.505657 1.503487 1.486751 1.48212 1.478196 1.472204 1.462235 1.428508 1.406022 1.399543 1.398208 1.39813 1.398152 1.399398 1.411191 1.444147 1.489724 1.523275 1.539021 1.54532 1.547111 1.547392 1.54741 1.54741 1.54741 1.54741 1.54741 1.54741 1.54741 1.54741 1.54741 1.547412 1.547862 1.557928 1.598731 1.634751 1.631976 1.604905 1.593686 1.607219 1.625139 1.635144 1.638098 1.636944 1.628013 1.607174 1.584224 1.574431 1.573349 1.57333 1.57333 1.57333 1.57333 1.57333 1.57333
1.205579 1.230761 1.321054 1.408978 1.42634 1.427 1.427 1.427 1.427003 1.427129 1.430798 1.465886 1.554256 1.609566 1.603293 1.584151 1.578014 1.568921 1.555547 1.550779 1.52195 1.477038 1.428806 1.402294 1.398229 1.39813 1.398146 1.398646 1.403008 1.4195 1.447868 1.481255 1.512615 1.535407 1.545311 1.547262 1.547404 1.54741 1.54741 1.54741 1.54741 1.54741 1.54741 1.54741 1.54741 1.547427 1.549317 1.5703 1.615666 1.637636 1.634052 1.630307 1.636384 1.641246 1.642332 1.642465 1.642409 1.641448 1.634249 1.60931 1.581777 1.57383 1.573334 1.57333 1.57333 1.57333 1.57333 1.57333
1.202348 1.206436 1.257833 1.372559 1.421195 1.427145 1.427221 1.427535 1.429433 1.435417 1.464519 1.544058 1.620406 1.640736 1.640757 1.638761 1.637956 1.635851 1.632763 1.632438 1.625707 1.600334 1.526353 1.431479 1.399775 1.398131 1.39813 1.398131 1.398199 1.398989 1.402517 1.412788 1.435561 1.475405 1.517847 1.539544 1.545847 1.547256 1.547405 1.54741 1.54741 1.54741 -9999 1.54741 1.54741 1.54741 1.547571 1.552766 1.581425 1.623776 1.640638 1.64208 1.642351 1.642491 1.6425 1.6425 1.6425 1.642487 1.641698 1.631588 1.601361 1.577846 1.57348 1.573331 1.57333 1.57333 1.57333 1.57333
1.2023 1.202778 1.222942 1.326734 1.422467 1.440649 1.444889 1.457499 1.470236 1.507485 1.562963 1.618413 1.640285 1.642467 1.642499 1.642494 1.642492 1.642471 1.642442 1.64244 1.642283 1.6396 1.599604 1.472409 1.402924 1.398136 1.39813 1.39813 1.39813 1.398131 1.398159 1.398478 1.400839 1.413047 1.445537 1.485133 1.519036 1.540427 1.546869 1.547402 1.54741 1.54741 1.54741 -9999 -9999 1.54741 1.547416 1.547878 1.556341 1.59224 1.631368 1.64195 1.642498 1.6425 1.6425 1.6425 1.6425 1.6425 1.642467 1.640692 1.624599 1.592053 1.575445 1.57338 1.573331 1.57333 1.57333 1.57333
1.2023 1.202342 1.209744 1.299711 1.473439 1.533135 1.546569 1.577809 1.601207 1.61482 1.632884 1.641158 1.642448 1.6425 1.6425 1.6425 1.6425 1.6425 1.6425 1.6425 1.642498 1.641203 1.604221 1.474676 1.40303 1.398136 1.39813 1.39813 1.39813 1.39813 1.39813 1.39813 1.39815 1.398722 1.402818 1.415509 1.446202 1.498838 1.538018 1.546952 1.547408 1.54741 1.54741 1.54741 1.54741 1.54741 -9999 1.547443 1.548502 1.563401 1.607078 1.637721 1.642404 1.6425 1.6425 1.6425 1.6425 1.6425 1.6425 1.642366 1.638374 1.616406 1.586112 1.574644 1.573373 1.573331 1.57333 1.57333
1.202753 1.202311 1.206009 1.296671 1.533829 1.626148 1.632471 1.637763 1.640879 1.641841 1.642377 1.642495 1.6425 1.6425 1.6425 1.6425 1.6425 1.6425 1.6425 1.6425 1.642466 1.635853 1.565119 1.441605 1.400086 1.398131 1.39813 1.39813 1.39813 1.39813 1.39813 1.39813 1.39813 1.398131 1.398171 1.398711 1.404222 1.436938 1.505572 1.543679 1.547389 1.54741 1.54741 1.54741 1.54741 1.54741 -9999 -9999 1.547503 1.550614 1.577376 1.624284 1.641474 1.642497 1.6425 1.6425 1.6425 1.6425 1.6425 1.642498 1.642109 1.63563 1.611926 1.585541 1.575449 1.573669 1.573375 1.573351
1.214677 1.203646 1.204912 1.28042 1.515479 1.633723 1.642396 1.642486 1.642499 1.6425 1.6425 1.6425 1.6425 1.6425 1.6425 1.6425 1.6425 1.6425 1.6425 1.6425 1.642331 1.626859 1.521615 1.415007 1.398379 1.39813 1.39813 1.39813 1.39813 1.39813 1.39813 1.39813 1.39813 1.39813 1.39813 1.398147 1.399105 1.416857 1.488449 1.541569 1.547376 1.54741 1.54741 1.54741 1.54741 1.54741 -9999 -9999 -9999 1.547971 1.558206 1.601937 1.637324 1.642427 1.6425 1.6425 1.6425 1.6425 1.6425 1.6425 1.64249 1.641895 1.635285 1.615618 1.595319 1.583211 1.577302 1.576118
1.275527 1.227709 1.209182 1.237692 1.422076 1.607212 1.641747 1.6425 1.6425 1.6425 1.6425 1.6425 1.6425 1.6425 1.6425 1.6425 1.6425 1.6425 1.6425 1.6425 1.641528 1.608836 1.484965 1.405654 1.398164 1.39813 1.39813 1.39813 1.39813 1.39813 1.39813 1.39813 1.39813 1.39813 1.398164 1.399447 1.411778 1.454013 1.517438 1.545281 1.5474 1.54741 1.54741 1.54741 1.54741 1.54741 -9999 1.54741 1.54741 1.547434 1.550261 1.578958 1.62664 1.641701 1.642496 1.6425 1.6425 1.6425 1.6425 1.6425 1.6425 1.642489 1.642036 1.638728 1.63042 1.61797 1.605868 1.601776
1.353876 1.311303 1.25641 1.22243 1.325202 1.556431 1.638892 1.642498 1.6425 1.6425 1.6425 1.6425 1.6425 1.6425 1.6425 1.6425 1.6425 1.6425 1.6425 1.642498 1.639338 1.58078 1.44841 1.400276 1.398132 1.39813 1.39813 1.39813 1.39813 1.39813 1.39813 1.39813 1.39813 1.398269 1.400938 1.417121 1.464134 1.517763 1.542706 1.547273 1.547545 1.547604 1.547607 1.547598 1.54755 1.54741 1.54741 1.54741 1.54741 1.54741 1.547934 1.560112 1.603494 1.636967 1.642375 1.6425 1.6425 1.6425 1.6425 1.6425 1.6425 1.6425 1.642498 1.642434 1.64198 1.640289 1.637231 1.635676
1.378772 1.371213 1.335934 1.281369 1.349426 1.55488 1.638141 1.642496 1.6425 1.6425 1.6425 1.6425 1.6425 1.6425 1.6425 1.6425 1.6425 1.6425 1.6425 1.642491 1.637127 1.561274 1.431634 1.398894 1.39813 1.39813 1.39813 1.39813 1.39813 1.39813 1.39813 1.39813 1.398143 1.400672 1.425816 1.478596 1.524944 1.544506 1.547585 1.550607 1.556439 1.558912 1.559064 1.558705 1.556572 1.552605 1.54741 1.54741 1.54741 1.54741 1.547442 1.550085 1.575621 1.623436 1.641518 1.642499 1.6425 1.6425 1.6425 1.6425 1.6425 1.6425 1.6425 1.6425 1.642499 1.642488 1.642436 1.642396
1.380157 1.379885 1.375691 1.390596 1.507135 1.617132 1.641571 1.642499 1.642499 1.642384 1.641579 1.640681 1.641274 1.642256 1.64249 1.6425 1.6425 1.6425 1.6425 1.642493 1.637851 1.571733 1.448554 1.403525 1.398404 1.398131 1.39813 1.39813 1.39813 1.39813 1.39813 1.39813 1.398228 1.40747 1.467844 1.531012 1.545963 1.548496 1.554594 1.576481 1.601437 1.608789 1.609161 1.6083 1.600683 1.59248 1.582658 1.551532 1.54741 1.54741 1.54741 1.548086 1.564373 1.611824 1.640421 1.642496 1.6425 1.6425 1.6425 1.6425 1.6425 1.6425 1.6425 1.6425 1.6425 1.6425 1.6425 1.6425
1.38016 1.380159 1.381131 1.414351 1.53426 1.620347 1.638885 1.642197 1.642233 1.635576 1.609969 1.58994 1.601795 1.627537 1.640057 1.642393 1.6425 1.6425 1.6425 1.642499 1.641117 1.616595 1.537752 1.450807 1.406641 1.398492 1.398131 1.39813 1.39813 1.39813 1.39813 1.39813 1.398376 1.414113 1.48986 1.544429 1.555107 1.568006 1.590235 1.620301 1.637326 1.640108 1.640202 1.639994 1.637578 1.628702 1.608549 1.574263 1.553006 -9999 -9999 -9999 1.576599 1.609564 1.639753 1.642356 1.642148 1.642215 1.642365 1.642469 1.642491 1.642498 1.6425 1.6425 1.6425 1.6425 1.6425 1.6425
1.380171 1.38016 1.380332 1.388298 1.439011 1.525866 1.603332 1.639152 1.638849 1.592638 1.49263 1.445976 1.46645 1.532771 1.606924 1.639552 1.642483 1.6425 1.6425 1.6425 1.64244 1.640381 1.622437 1.556993 1.458205 1.406641 1.398404 1.39813 1.39813 1.39813 1.39813 1.39813 1.398393 1.415401 1.500753 1.570489 1.595789 1.617547 1.632434 1.640375 1.642366 1.642496 1.642498 1.642494 1.642443 1.641839 1.636679 1.614101 1.578634 1.558949 1.554305 -9999 1.582307 1.605342 1.612127 1.623917 1.635068 1.634924 1.637369 1.63982 1.640814 1.641711 1.642312 1.642489 1.6425 1.6425 1.6425 1.6425
1.380419 1.38016 1.380163 1.380519 1.387509 1.441977 1.572337 1.636616 1.619828 1.517381 1.407969 1.383708 1.387731 1.419526 1.529148 1.62708 1.642295 1.6425 1.6425 1.6425 1.6425 1.64248 1.641497 1.6266 1.556992 1.45075 1.403204 1.398212 1.39813 1.39813 1.39813 1.398131 1.399216 1.428301 1.540184 1.619672 1.635534 1.640774 1.642221 1.642478 1.6425 1.6425 1.6425 1.6425 1.6425 1.642497 1.642229 1.638501 1.621602 1.589699 1.569613 1.601936 1.606622 1.607073 1.608191 1.608978 1.613481 1.615119 1.618736 1.623387 1.626512 1.631497 1.638026 1.641888 1.642485 1.6425 1.6425 1.6425
