Code_and_data/Tas_Plant_GDM_Files/ASCII grids/bulkdensity_1km.asc
ncols         470
nrows         479
xllcorner     143.8
yllcorner     -43.7425
cellsize      0.01
NODATA_value  -9999
[rows 360 to 389 of 479, columns 272 to 339 of 470]
1.18117 1.18117 1.18117 1.18117 1.18117 1.18117 1.181173 1.181471 1.187774 1.243 1.427045 1.599176 1.64033 1.641368 1.624408 1.588896 1.571462 1.567819 1.566943 1.556373 1.554693 1.563904 1.568347 1.566759 1.53392 1.519349 1.518258 1.509696 1.502117 1.498737 1.498252 1.498891 1.501098 1.501793 1.500605 1.499674 1.49958 1.500773 1.506871 1.539156 1.587949 1.599236 1.582784 1.57273 1.575166 1.581409 1.581501 1.57378 1.569268 1.5687 1.568699 1.56874 1.568784 1.569691 1.572281 1.571876 1.569484 1.568746 1.569029 1.571139 1.574195 1.562846 1.534737 1.523575 1.52088 1.515358 1.510501 1.50784
1.18117 1.18117 1.181167 1.181151 1.181111 1.181111 1.181148 1.181165 1.181293 1.189091 1.271758 1.474758 1.610104 1.638398 1.637114 1.620243 1.594458 1.590016 1.614908 1.611537 1.588846 1.570413 1.568606 1.568258 1.562153 1.544886 1.534603 1.523417 1.518786 1.506561 1.501657 1.501432 1.510739 1.517516 1.515958 1.513478 1.517116 1.525858 1.533029 1.543405 1.563341 1.571748 1.571841 1.579555 1.588097 1.586872 1.577328 1.570075 1.568741 1.568691 1.56869 1.568691 1.569023 1.572872 1.579576 1.579309 1.572912 1.569114 1.568702 1.568861 1.569203 1.566932 1.561752 1.560044 1.558518 1.554117 1.548043 1.538837
1.181169 1.18111 1.18045 1.178764 1.176871 1.176842 1.178464 1.179997 1.180875 1.18153 1.196254 1.290623 1.454243 1.558434 1.613883 1.636516 1.623817 1.606382 1.626657 1.638846 1.622516 1.589792 1.576946 1.571599 1.568636 1.566856 1.562837 1.558972 1.55422 1.539521 1.52671 1.512324 1.511525 1.52439 1.529975 1.531932 1.546006 1.560064 1.564109 1.565936 1.567925 1.569314 1.581749 1.61216 1.627936 1.626134 1.607494 1.581958 1.571672 1.569609 1.56918 1.568846 1.569466 1.575734 1.582889 1.583258 1.577771 1.570695 1.568776 1.56869 1.568692 1.568657 1.568572 1.56854 1.568449 1.568144 1.56752 1.567719
1.180946 1.178976 1.170801 1.159584 1.153157 1.153027 1.157838 1.165608 1.173106 1.178721 1.181551 1.194051 1.242381 1.323212 1.475194 1.614267 1.637696 1.632897 1.637328 1.641931 1.63778 1.624476 1.612534 1.590275 1.571569 1.568724 1.56866 1.568548 1.568433 1.565859 1.558116 1.541481 1.523764 1.526884 1.531969 1.537254 1.555169 1.566617 1.568266 1.568589 1.56846 1.566529 1.581479 1.625451 1.64139 1.641537 1.634764 1.615374 1.597169 1.587167 1.582228 1.573363 1.569674 1.57557 1.582911 1.584079 1.581653 1.574444 1.569625 1.568743 1.568691 1.56869 1.56869 1.56869 1.568697 1.568711 1.568762 1.570708
1.175585 1.164189 1.147408 1.136461 1.133596 1.133534 1.13516 1.139639 1.147996 1.162637 1.175258 1.180421 1.183355 1.208556 1.373327 1.572296 1.622056 1.635482 1.641296 1.642433 1.642295 1.641397 1.63726 1.609443 1.57527 1.568785 1.56869 1.56869 1.56869 1.568687 1.568623 1.546952 1.536258 1.532188 1.532271 1.534825 1.545368 1.555252 1.560659 1.56539 1.565089 1.548279 1.549682 1.612754 1.641154 1.642488 1.64202 1.638325 1.62818 1.620486 1.612106 1.584063 1.569933 1.573356 1.581412 1.584096 1.583709 1.580143 1.573807 1.569816 1.568801 1.568693 1.568696 1.568894 1.570276 1.572241 1.571492 1.571673
1.154714 1.140494 1.133361 1.131509 1.131343 1.131341 1.131383 1.13163 1.133057 1.139673 1.154191 1.170543 1.179928 1.215132 1.398598 1.555139 1.58504 1.606404 1.629473 1.640254 1.642348 1.642464 1.638373 1.607237 1.573887 1.568742 1.56869 1.56869 1.56869 1.56869 1.56868 1.565558 1.546557 1.539439 1.533525 1.532616 1.534367 1.537256 1.541394 1.549672 1.547222 1.521032 1.527631 1.602952 1.640024 1.642239 1.642211 1.637469 1.614287 1.599426 1.595636 1.577478 1.569224 1.570755 1.578158 1.583456 1.584183 1.583612 1.580601 1.575061 1.570659 1.569461 1.570332 1.574919 1.588933 1.601659 1.596729 1.582741
1.137193 1.131915 1.13137 1.131331 1.13133 1.13133 1.13133 1.13133 1.131358 1.131872 1.135535 1.148938 1.170159 1.205402 1.366261 1.535649 1.569068 1.576664 1.596653 1.622686 1.637963 1.641399 1.633793 1.598414 1.571626 1.568706 1.56869 1.56869 1.56869 1.56869 1.568686 1.568489 1.565617 1.555964 1.542561 1.537538 1.540364 1.539677 1.535061 1.534179 1.523938 1.504524 1.513916 1.580079 1.626495 1.631745 1.63228 1.622749 1.593167 1.573482 1.571533 1.569495 1.568735 1.569229 1.573414 1.580356 1.583945 1.5846 1.584055 1.581843 1.578439 1.582018 1.591732 1.605353 1.625499 1.636043 1.63155 1.610625
1.135052 1.131501 1.131331 1.13133 1.13133 1.13133 1.13133 1.13133 1.13133 1.131334 1.131536 1.135181 1.154018 1.182783 1.275851 1.472131 1.560561 1.568929 1.573112 1.588432 1.612292 1.623699 1.612207 1.582764 1.569584 1.568692 1.56869 1.56869 1.56869 1.56869 1.56869 1.568687 1.568546 1.566731 1.560316 1.556305 1.560021 1.557688 1.543248 1.532731 1.523099 1.509714 1.514393 1.552307 1.586696 1.592792 1.594324 1.586743 1.575133 1.571397 1.572718 1.572725 1.571106 1.569506 1.57001 1.576294 1.589422 1.595658 1.591748 1.58614 1.586863 1.60733 1.629157 1.636683 1.641143 1.642365 1.641574 1.634553
1.147248 1.134241 1.131438 1.13133 1.13133 1.13133 1.13133 1.13133 1.13133 1.13133 1.131338 1.132553 1.146839 1.173762 1.210911 1.352176 1.507297 1.562644 1.568751 1.570834 1.577901 1.583391 1.578988 1.570987 1.568789 1.56869 1.56869 1.56869 1.56869 1.56869 1.56869 1.568694 1.568954 1.570693 1.572069 1.570487 1.56901 1.566151 1.552457 1.538666 1.538393 1.539899 1.544262 1.556056 1.567175 1.579311 1.590844 1.587914 1.586631 1.594936 1.603813 1.603973 1.596043 1.584816 1.579996 1.590971 1.61635 1.627499 1.619707 1.600307 1.590007 1.613361 1.638795 1.642374 1.642468 1.642478 1.642468 1.641881
1.167048 1.142914 1.132011 1.13133 1.13133 1.13133 1.13133 1.13133 1.13133 1.13133 1.131436 1.135679 1.156304 1.176904 1.184987 1.227421 1.369436 1.524976 1.566879 1.568719 1.56896 1.570025 1.574074 1.575051 1.570843 1.569283 1.568926 1.568711 1.56869 1.56869 1.56869 1.568802 1.57076 1.576861 1.580915 1.579341 1.574106 1.567706 1.559633 1.553227 1.555301 1.5591 1.560217 1.561129 1.565636 1.594779 1.626009 1.62734 1.619839 1.610222 1.610256 1.61118 1.614985 1.617962 1.617931 1.626743 1.638337 1.641663 1.639066 1.621523 1.596206 1.610049 1.63677 1.640616 1.639327 1.639179 1.639944 1.639287
1.173695 1.148689 1.132274 1.131338 1.131332 1.13133 1.13133 1.13133 1.13133 1.13133 1.13166 1.140826 1.167437 1.180252 1.181249 1.185991 1.254487 1.451369 1.559877 1.568659 1.568821 1.574693 1.598894 1.607741 1.592095 1.584076 1.576692 1.569928 1.568721 1.56869 1.568692 1.569234 1.574328 1.581822 1.584018 1.583696 1.581254 1.574054 1.564536 1.560718 1.560674 1.561061 1.561186 1.561229 1.565619 1.600062 1.636694 1.637994 1.574774 1.450874 1.413078 1.415992 1.453806 1.526592 1.592311 1.631384 1.641756 1.642492 1.642138 1.632689 1.602657 1.599431 1.620824 1.621379 1.614624 1.6139 1.617189 1.61591
1.165423 1.141588 1.132159 1.132914 1.132229 1.131406 1.13133 1.13133 1.13133 1.13133 1.131992 1.143677 1.16952 1.180868 1.18117 1.181939 1.223572 1.418687 1.555764 1.568638 1.569017 1.580157 1.618322 1.636365 1.630074 1.624234 1.606534 1.578844 1.569214 1.568691 1.568694 1.569487 1.575856 1.582986 1.584217 1.58421 1.583544 1.577864 1.563851 1.555619 1.555292 1.558069 1.560729 1.561212 1.565577 1.599908 1.636776 1.6372 1.543961 1.318268 1.216213 1.210321 1.229142 1.283346 1.389112 1.537455 1.625872 1.641432 1.640607 1.632063 1.605725 1.591128 1.594099 1.592028 1.588278 1.587909 1.589304 1.588953
1.154398 1.13479 1.135883 1.145742 1.142312 1.134469 1.131769 1.131426 1.131379 1.131481 1.134652 1.150461 1.174889 1.181014 1.181187 1.183849 1.243964 1.446379 1.560311 1.568671 1.568863 1.576092 1.609261 1.63749 1.64197 1.641353 1.630821 1.595177 1.572104 1.568946 1.568702 1.569106 1.573453 1.581049 1.583988 1.583772 1.578033 1.561753 1.545026 1.539076 1.539483 1.546456 1.556721 1.559679 1.562708 1.589929 1.631515 1.641046 1.601682 1.402016 1.212156 1.181796 1.182263 1.187371 1.217229 1.339453 1.520198 1.599229 1.579211 1.544975 1.574199 1.605004 1.596697 1.586183 1.584306 1.584245 1.583586 1.580201
1.161656 1.14267 1.14531 1.16426 1.165895 1.150707 1.140263 1.137606 1.135471 1.136294 1.145696 1.165566 1.179153 1.181246 1.182914 1.207755 1.333191 1.509271 1.565949 1.568686 1.568707 1.570544 1.590473 1.628509 1.641705 1.641878 1.638212 1.617822 1.591441 1.575759 1.569789 1.568835 1.570196 1.576654 1.583049 1.582918 1.569703 1.547279 1.536562 1.533526 1.532906 1.535877 1.541415 1.540638 1.544275 1.568352 1.619256 1.640668 1.627588 1.466622 1.232112 1.183026 1.192454 1.216468 1.223538 1.230401 1.310091 1.383425 1.345018 1.30486 1.435753 1.591872 1.602306 1.58672 1.584255 1.584111 1.580009 1.564382
1.178481 1.168623 1.167534 1.176258 1.179245 1.1741 1.166643 1.162953 1.159056 1.160063 1.170407 1.180856 1.186587 1.196071 1.22433 1.319512 1.475893 1.557468 1.568467 1.568684 1.568587 1.568361 1.577141 1.603797 1.613008 1.600575 1.588727 1.602082 1.620414 1.605478 1.583973 1.573039 1.569866 1.57364 1.581334 1.583459 1.577989 1.566784 1.556886 1.547373 1.539417 1.534316 1.525339 1.510998 1.509927 1.525393 1.575904 1.624556 1.624367 1.460195 1.236002 1.210078 1.292025 1.395187 1.414767 1.356817 1.299017 1.247216 1.201744 1.197989 1.333881 1.538555 1.579821 1.58117 1.583743 1.584142 1.581053 1.568652
1.235322 1.215437 1.196316 1.188718 1.184442 1.181891 1.181031 1.181349 1.181951 1.190309 1.217098 1.252901 1.284781 1.334676 1.405821 1.493529 1.555327 1.568106 1.568275 1.565161 1.554558 1.530175 1.485874 1.43327 1.408927 1.377394 1.35642 1.456877 1.608384 1.634901 1.620499 1.600564 1.583217 1.575408 1.577364 1.582515 1.584089 1.582786 1.580099 1.574697 1.565001 1.553853 1.542686 1.524592 1.510421 1.508871 1.53646 1.59744 1.627146 1.522757 1.35437 1.35762 1.474364 1.545081 1.554351 1.534136 1.492097 1.379878 1.231417 1.195728 1.323764 1.523696 1.569151 1.574438 1.581512 1.584089 1.583942 1.582458
1.379859 1.348702 1.308686 1.277042 1.245345 1.219707 1.216537 1.22995 1.247431 1.303064 1.393977 1.462411 1.495871 1.525956 1.550371 1.563915 1.567921 1.564821 1.546136 1.49595 1.422578 1.346968 1.277043 1.225223 1.208303 1.200861 1.223909 1.413767 1.610312 1.641853 1.640515 1.634185 1.620602 1.603802 1.592462 1.595338 1.594029 1.587186 1.584572 1.583859 1.582251 1.579229 1.576275 1.568334 1.552207 1.550922 1.58348 1.617219 1.636807 1.620562 1.562798 1.53776 1.559766 1.568593 1.570948 1.57114 1.563531 1.489054 1.294978 1.250566 1.396329 1.540613 1.565989 1.561936 1.568723 1.58282 1.584852 1.58429
1.439523 1.43418 1.424419 1.410594 1.386363 1.358981 1.355242 1.373006 1.393711 1.449556 1.519596 1.552841 1.563157 1.566696 1.567199 1.561432 1.544179 1.498604 1.403791 1.299537 1.231087 1.199864 1.186746 1.182234 1.181425 1.186392 1.267099 1.501634 1.631189 1.642437 1.642482 1.642226 1.640719 1.636267 1.630292 1.630151 1.623596 1.606665 1.592784 1.586099 1.584393 1.584171 1.584086 1.58353 1.581072 1.586199 1.604506 1.612406 1.619812 1.626455 1.604724 1.575947 1.572004 1.578119 1.588233 1.586491 1.571154 1.532242 1.419427 1.421137 1.516356 1.540376 1.513629 1.471995 1.499671 1.580194 1.591065 1.584752
1.442354 1.442315 1.442166 1.441681 1.43987 1.437018 1.436594 1.438792 1.441524 1.452645 1.47705 1.504814 1.527457 1.539812 1.528701 1.466527 1.38486 1.303606 1.228024 1.191741 1.182739 1.181352 1.181183 1.181174 1.182794 1.222111 1.393768 1.588096 1.640451 1.642498 1.6425 1.6425 1.642489 1.642381 1.642125 1.642057 1.640565 1.633948 1.619971 1.601548 1.589251 1.585006 1.584279 1.584239 1.584247 1.585094 1.587039 1.588192 1.59506 1.607316 1.597738 1.587846 1.59231 1.602594 1.608482 1.593079 1.572392 1.564492 1.547892 1.542786 1.503439 1.424624 1.389747 1.403153 1.496711 1.589171 1.607095 1.611045
1.44236 1.44236 1.44236 1.442359 1.442357 1.442351 1.442351 1.442356 1.442375 1.442759 1.444931 1.451051 1.458122 1.448129 1.378308 1.271816 1.213119 1.191394 1.183003 1.181275 1.181171 1.18117 1.181171 1.181783 1.199718 1.326743 1.545069 1.633887 1.642361 1.6425 1.6425 1.6425 1.6425 1.6425 1.6425 1.6425 1.642472 1.642099 1.639397 1.629586 1.612208 1.594736 1.586401 1.584413 1.584244 1.58428 1.584841 1.58801 1.598273 1.611371 1.612613 1.611536 1.613446 1.615455 1.608418 1.584116 1.570371 1.569105 1.569252 1.553467 1.460715 1.406184 1.463143 1.515612 1.564699 1.602237 1.597959 1.5994
1.44236 1.44236 1.44236 1.44236 1.44236 1.44236 1.44236 1.44236 1.442358 1.442301 1.441364 1.432795 1.395318 1.321558 1.235469 1.189754 1.181842 1.181225 1.181172 1.18117 1.18117 1.18117 1.181228 1.190069 1.283929 1.490099 1.620766 1.641992 1.642499 1.6425 1.6425 1.6425 1.6425 1.6425 1.6425 1.6425 1.6425 1.642499 1.642422 1.641498 1.636191 1.621683 1.601424 1.587404 1.585304 1.587089 1.591761 1.602034 1.611357 1.616136 1.616871 1.616865 1.616908 1.61648 1.607824 1.587558 1.579721 1.579723 1.583452 1.586131 1.563809 1.563578 1.586773 1.615063 1.609624 1.591008 1.576517 1.571897
1.44236 1.44236 1.44236 1.44236 1.44236 1.44236 1.44236 1.442353 1.442044 1.437402 1.414382 1.35901 1.27341 1.209986 1.186038 1.181429 1.18117 1.18117 1.18117 1.18117 1.18117 1.18117 1.181585 1.214052 1.409906 1.603078 1.640785 1.642488 1.6425 1.6425 1.6425 1.6425 1.6425 1.6425 1.6425 1.6425 1.6425 1.6425 1.6425 1.642491 1.642199 1.639539 1.625874 1.604124 1.600066 1.60956 1.617068 1.620971 1.618616 1.617175 1.616978 1.616961 1.616956 1.616857 1.614726 1.609025 1.606451 1.606593 1.609079 1.612869 1.61413 1.614201 1.616041 1.614588 1.598901 1.573918 1.540688 1.496779
1.44236 1.44236 1.44236 1.44236 1.44236 1.442359 1.442324 1.441287 1.430886 1.385454 1.302867 1.231765 1.193667 1.182416 1.181223 1.18117 1.18117 1.18117 1.18117 1.18117 1.18117 1.18117 1.18199 1.23207 1.466402 1.627244 1.642327 1.642491 1.6425 1.6425 1.6425 1.6425 1.6425 1.6425 1.6425 1.6425 1.6425 1.6425 1.6425 1.6425 1.642499 1.642356 1.639879 1.632126 1.630752 1.636934 1.639179 1.636486 1.62826 1.621339 1.61889 1.61834 1.617613 1.617028 1.616892 1.616609 1.616133 1.615577 1.614812 1.612448 1.609856 1.606589 1.605906 1.601074 1.584315 1.552978 1.433872 1.312422
1.44236 1.44236 1.44236 1.44236 1.44236 1.442351 1.440841 1.420228 1.355277 1.264901 1.203017 1.184322 1.181432 1.181175 1.18117 1.18117 1.18117 1.18117 1.18117 1.18117 1.18117 1.18117 1.181701 1.217441 1.408888 1.583752 1.625483 1.63612 1.640387 1.641513 1.641937 1.642358 1.642476 1.642494 1.6425 1.6425 1.6425 1.6425 1.6425 1.6425 1.6425 1.642499 1.642429 1.642023 1.641973 1.642379 1.642453 1.641967 1.639237 1.634292 1.630646 1.629007 1.624018 1.618235 1.616629 1.613933 1.608112 1.600922 1.595968 1.591341 1.585001 1.580159 1.579059 1.57622 1.565515 1.500774 1.314297 1.225908
1.44236 1.44236 1.44236 1.44236 1.44236 1.442318 1.434822 1.361888 1.244933 1.193367 1.18286 1.182753 1.183228 1.182904 1.181803 1.181221 1.18117 1.18117 1.18117 1.18117 1.18117 1.18117 1.181255 1.189546 1.257943 1.377957 1.461891 1.523609 1.568658 1.586576 1.601527 1.62157 1.631323 1.636776 1.640852 1.642108 1.642469 1.6425 1.6425 1.6425 1.6425 1.6425 1.6425 1.6425 1.6425 1.6425 1.6425 1.642491 1.64236 1.641853 1.641193 1.640427 1.633824 1.621049 1.613164 1.597926 1.583407 1.576331 1.572416 1.569053 1.566882 1.566057 1.565663 1.557718 1.503561 1.367194 1.228436 1.236756
1.44236 1.44236 1.44236 1.44236 1.44236 1.442327 1.436325 1.375713 1.273714 1.224883 1.216965 1.229808 1.237939 1.231889 1.206156 1.18514 1.181278 1.18117 1.18117 1.18117 1.18117 1.18117 1.181171 1.181493 1.186734 1.204628 1.232684 1.273721 1.320789 1.345526 1.381429 1.442361 1.484408 1.529741 1.579127 1.614461 1.637051 1.64203 1.642488 1.6425 1.6425 1.6425 1.6425 1.6425 1.6425 1.6425 1.6425 1.6425 1.6425 1.642488 1.642298 1.641336 1.634889 1.620587 1.603976 1.579153 1.564036 1.551693 1.529689 1.498004 1.484153 1.483223 1.481516 1.447793 1.335477 1.224523 1.191744 1.283244
1.44236 1.44236 1.44236 1.44236 1.44236 1.442355 1.441622 1.430775 1.398535 1.364443 1.355797 1.372852 1.383641 1.373609 1.31045 1.216129 1.182921 1.181171 1.18117 1.18117 1.18117 1.18117 1.18117 1.18117 1.181194 1.181387 1.182208 1.184817 1.189653 1.193099 1.202114 1.222234 1.242021 1.280461 1.341593 1.437824 1.553274 1.620479 1.640439 1.642443 1.6425 1.642498 1.642489 1.642482 1.642482 1.642489 1.642498 1.6425 1.642498 1.642188 1.639138 1.633046 1.625443 1.612871 1.589329 1.54943 1.475582 1.404487 1.343236 1.287736 1.267873 1.266636 1.265515 1.246935 1.204606 1.183865 1.189295 1.30415
1.44236 1.44236 1.44236 1.44236 1.44236 1.44236 1.442349 1.442119 1.440623 1.437622 1.436662 1.438771 1.440016 1.435785 1.387072 1.253852 1.185695 1.181177 1.18117 1.18117 1.18117 1.18117 1.18117 1.18117 1.18117 1.18117 1.18117 1.181172 1.181181 1.181195 1.181311 1.181737 1.182486 1.185609 1.194709 1.231611 1.328451 1.48204 1.598968 1.635889 1.639731 1.638021 1.633957 1.631534 1.631536 1.634119 1.639289 1.64175 1.642255 1.640691 1.631024 1.620553 1.612224 1.594871 1.562877 1.452306 1.290056 1.219656 1.198014 1.187293 1.184454 1.1843 1.184237 1.183331 1.181676 1.181194 1.185037 1.248647
1.44236 1.44236 1.44236 1.44236 1.44236 1.44236 1.44236 1.44236 1.442358 1.442353 1.442349 1.442216 1.437787 1.406999 1.327424 1.224723 1.183674 1.181172 1.18117 1.18117 1.18117 1.18117 1.18117 1.18117 1.18117 1.18117 1.18117 1.18117 1.18117 1.18117 1.18117 1.18117 1.18117 1.181174 1.181274 1.182939 1.198421 1.272283 1.419704 1.534449 1.557166 1.535978 1.501829 1.482245 1.482262 1.504494 1.557724 1.597778 1.61345 1.614705 1.613745 1.610026 1.594296 1.574022 1.519334 1.334499 1.201064 1.182129 1.181289 1.181182 1.18117 1.18117 1.18117 1.18117 1.18117 1.18117 1.181555 1.190459
1.44236 1.44236 1.44236 1.44236 1.44236 1.44236 1.44236 1.44236 1.44236 1.44236 1.442303 1.438283 1.399329 1.301766 1.21883 1.18708 1.181401 1.18117 1.18117 1.18117 1.18117 1.18117 1.18117 1.18117 1.18117 1.18117 1.18117 1.18117 1.18117 1.18117 1.18117 1.18117 1.18117 1.18117 1.18117 1.181174 1.181577 1.188915 1.227006 1.288238 1.305069 1.280794 1.253596 1.238829 1.238853 1.257143 1.31143 1.373714 1.407869 1.425371 1.508713 1.577563 1.572141 1.537365 1.421306 1.247607 1.184646 1.181178 1.18117 1.18117 1.18117 1.18117 1.18117 1.18117 1.18117 1.18117 1.181172 1.181285
