Code_and_data/Tas_Plant_GDM_Files/ASCII grids/bulkdensity_1km.asc
ncols         470
nrows         479
xllcorner     143.8
yllcorner     -43.7425
cellsize      0.01
NODATA_value  -9999
[rows 330 to 359 of 479, columns 136 to 203 of 470]
-9999 -9999 -9999 -9999 1.37199 1.37199 1.37199 1.37199 -9999 -9999 -9999 -9999 -9999 -9999 -9999 -9999 -9999 -9999 -9999 -9999 -9999 -9999 1.37199 1.37199 1.37199 1.37199 1.37199 1.37199 1.371991 1.372026 1.372579 1.375986 1.385036 1.396949 1.404142 1.405943 1.406069 1.40607 1.40607 1.40607 1.40607 1.40607 1.40607 1.40607 1.40607 1.40607 1.40607 1.40607 1.40607 1.40607 1.40607 1.40607 1.40607 1.40607 1.40607 1.40607 1.40607 1.40607 1.40607 1.40607 1.40607 1.40607 1.40607 1.40607 1.406003 1.404365 1.397127 1.388261
-9999 -9999 -9999 -9999 1.37199 1.37199 1.37199 1.37199 1.37199 1.37199 -9999 -9999 -9999 -9999 -9999 -9999 -9999 -9999 -9999 -9999 -9999 -9999 -9999 1.37199 1.37199 1.37199 1.37199 1.37199 1.37199 1.37199 1.371996 1.37219 1.374034 1.381359 1.394662 1.403999 1.405985 1.40607 1.40607 1.40607 1.40607 1.40607 1.40607 1.40607 1.40607 1.40607 1.40607 1.40607 1.40607 1.40607 1.40607 1.40607 1.40607 1.40607 1.40607 1.40607 1.40607 1.40607 1.40607 1.40607 1.40607 1.40607 1.40607 1.406067 1.405599 1.400236 1.390153 1.386136
-9999 -9999 -9999 -9999 -9999 1.37199 1.37199 1.37199 1.37199 1.37199 -9999 -9999 -9999 -9999 -9999 -9999 -9999 -9999 -9999 -9999 -9999 -9999 -9999 1.37199 1.37199 1.37199 1.37199 1.37199 1.37199 1.37199 1.37199 1.371991 1.372058 1.373263 1.380954 1.396701 1.405178 1.406061 1.40607 1.40607 1.40607 1.40607 1.40607 1.40607 1.40607 1.40607 1.40607 1.40607 1.40607 1.40607 1.40607 1.40607 1.40607 1.40607 1.40607 1.40607 1.40607 1.40607 1.40607 1.40607 1.40607 1.40607 1.40607 1.40606 1.404881 1.396389 1.387349 1.385838
-9999 -9999 -9999 -9999 -9999 1.37199 1.37199 1.37199 1.37199 1.372169 1.377192 1.385096 1.385799 1.38581 -9999 1.38581 -9999 -9999 -9999 -9999 -9999 -9999 -9999 -9999 -9999 1.37199 1.37199 1.37199 1.37199 1.37199 1.37199 1.37199 1.37199 1.372047 1.374092 1.386422 1.40156 1.405787 1.406067 1.40607 1.40607 1.40607 1.40607 1.40607 1.40607 1.40607 1.40607 1.40607 1.40607 1.40607 1.40607 1.40607 1.40607 1.40607 1.40607 1.40607 1.40607 1.40607 1.40607 1.40607 1.40607 1.40607 1.40607 1.406058 1.404716 1.395592 1.386934 1.385821
-9999 -9999 -9999 -9999 -9999 1.37199 1.37199 1.37199 1.37199 1.372269 1.376494 1.383876 1.385761 1.38581 1.38581 1.38581 -9999 -9999 -9999 -9999 -9999 -9999 -9999 -9999 -9999 -9999 1.37199 1.37199 1.37199 1.37199 1.37199 1.37199 1.37199 1.371991 1.372305 1.377077 1.391422 1.403328 1.405952 1.406069 1.40607 1.40607 1.40607 1.40607 1.40607 1.40607 1.40607 1.40607 1.40607 1.40607 1.40607 1.40607 1.40607 1.40607 1.40607 1.40607 1.40607 1.40607 1.40607 1.40607 1.40607 1.40607 1.40607 1.406035 1.404169 1.394538 1.386725 1.385816
-9999 -9999 -9999 1.37199 1.37199 1.37199 1.37199 1.37199 1.37199 1.372114 1.374836 1.382113 1.385544 1.385808 1.38581 -9999 -9999 -9999 -9999 -9999 -9999 -9999 -9999 -9999 -9999 -9999 -9999 1.37199 1.37199 1.37199 1.37199 1.37199 1.37199 1.37199 1.372003 1.372721 1.37953 1.395339 1.404834 1.406053 1.40607 1.40607 1.40607 1.40607 1.40607 1.40607 1.40607 1.40607 1.40607 1.40607 1.40607 1.40607 1.40607 1.40607 1.40607 1.40607 1.40607 1.40607 1.40607 1.40607 1.40607 1.40607 1.40607 1.405954 1.402455 1.391575 1.386176 1.385811
-9999 -9999 -9999 1.37199 1.37199 1.37199 1.37199 1.37199 1.37199 1.372011 1.373062 1.378502 1.384175 1.385689 1.385809 1.38581 -9999 -9999 -9999 -9999 -9999 -9999 -9999 -9999 -9999 -9999 -9999 1.37199 1.37199 1.37199 1.37199 1.37199 1.37199 1.37199 1.37199 1.372028 1.373606 1.384939 1.401399 1.405917 1.40607 1.40607 1.40607 1.40607 1.40607 1.40607 1.40607 1.40607 1.40607 1.40607 1.40607 1.40607 1.40607 1.40607 1.40607 1.40607 1.40607 1.40607 1.40607 1.40607 1.40607 1.40607 1.40607 1.405907 1.40163 1.390332 1.385985 1.38581
-9999 -9999 -9999 1.37199 1.37199 1.37199 1.37199 1.37199 1.37199 1.371991 1.372163 1.37419 1.379627 1.384319 1.385689 1.385808 1.38581 -9999 -9999 -9999 -9999 -9999 -9999 -9999 -9999 -9999 -9999 -9999 -9999 -9999 1.37199 1.37199 1.37199 1.37199 1.37199 1.37199 1.372257 1.378386 1.396499 1.405476 1.406069 1.40607 1.40607 1.40607 1.40607 1.40607 1.40607 1.40607 1.40607 1.40607 1.40607 1.40607 1.40607 1.40607 1.40607 1.40607 1.40607 1.40607 1.40607 1.40607 1.40607 1.40607 1.40607 1.405829 1.400997 1.389831 1.385949 1.38581
-9999 -9999 -9999 -9999 1.37199 1.37199 1.37199 1.37199 1.37199 1.37199 1.371994 1.372241 1.374315 1.379629 1.384209 1.385621 1.385804 1.38581 -9999 -9999 -9999 -9999 -9999 -9999 -9999 -9999 -9999 -9999 -9999 -9999 1.37199 1.37199 1.37199 1.37199 1.37199 1.37199 1.372041 1.375219 1.391555 1.404565 1.406059 1.40607 1.40607 1.40607 1.40607 1.40607 1.40607 1.40607 1.40607 1.40607 1.40607 1.40607 1.40607 1.40607 1.40607 1.40607 1.40607 1.40607 1.40607 1.40607 1.40607 1.40607 1.406068 1.405496 1.398881 1.38845 1.385873 1.38581
-9999 -9999 -9999 -9999 -9999 1.37199 1.37199 1.37199 1.37199 1.37199 1.37199 1.371994 1.372241 1.374203 1.37889 1.383502 1.385458 1.385789 1.38581 1.38581 1.38581 -9999 -9999 -9999 -9999 -9999 -9999 -9999 -9999 -9999 1.37199 1.37199 1.37199 -9999 1.37199 1.37199 1.371999 1.373441 1.387121 1.403605 1.406041 1.40607 1.40607 1.40607 1.40607 1.40607 1.40607 1.40607 1.40607 1.40607 1.40607 1.40607 1.40607 1.40607 1.40607 1.40607 1.40607 1.40607 1.40607 1.40607 1.40607 1.40607 1.406064 1.405031 1.39663 1.38731 1.385828 1.38581
-9999 -9999 -9999 -9999 -9999 -9999 1.37199 1.37199 1.37199 1.37199 1.37199 1.37199 1.371994 1.372174 1.373543 1.377581 1.382444 1.38512 1.385761 1.38581 1.38581 1.38581 -9999 -9999 -9999 -9999 -9999 -9999 -9999 -9999 -9999 -9999 1.37199 -9999 -9999 -9999 1.37199 1.372277 1.37397 1.405072 1.406057 1.40607 1.40607 1.40607 1.40607 1.40607 1.40607 1.40607 1.40607 1.40607 1.40607 1.40607 1.40607 1.40607 1.40607 1.40607 1.40607 1.40607 1.40607 1.40607 1.40607 1.40607 1.406063 1.404875 1.39596 1.387018 1.38582 1.38581
-9999 -9999 -9999 -9999 -9999 1.37199 1.37199 1.37199 1.37199 1.37199 1.37199 1.37199 1.37199 1.371991 1.372082 1.37295 1.376086 1.38122 1.384692 1.385648 1.385804 1.38581 1.38581 -9999 -9999 1.38581 -9999 -9999 -9999 -9999 -9999 -9999 1.37199 -9999 1.37199 1.37199 1.37199 1.37199 1.40607 1.40607 1.40607 1.40607 1.40607 1.40607 1.40607 1.40607 1.40607 1.40607 1.40607 1.40607 1.40607 1.40607 1.40607 1.40607 1.40607 1.40607 1.40607 1.40607 1.40607 1.40607 1.40607 1.40607 1.406057 1.404714 1.39557 1.386922 1.385819 1.38581
-9999 -9999 -9999 -9999 -9999 -9999 1.37199 1.37199 1.37199 1.37199 1.37199 1.37199 1.37199 1.37199 1.37199 1.372024 1.372529 1.375082 1.379461 1.383546 1.385444 1.385781 1.38581 1.38581 1.38581 1.38581 1.38581 -9999 -9999 -9999 -9999 -9999 -9999 -9999 -9999 1.37199 1.37199 -9999 1.40607 1.40607 1.40607 1.40607 1.40607 1.40607 1.40607 1.40607 1.40607 1.40607 1.40607 1.40607 1.40607 1.40607 1.40607 1.40607 1.40607 1.40607 1.40607 1.40607 1.40607 1.40607 1.40607 1.40607 1.406041 1.404039 1.39398 1.386553 1.385814 1.38581
-9999 -9999 -9999 -9999 -9999 -9999 1.37199 1.37199 1.37199 1.37199 1.37199 1.37199 1.37199 1.37199 1.37199 1.37199 1.372005 1.372267 1.373633 1.377536 1.382114 1.384791 1.385687 1.385806 1.38581 1.38581 1.38581 1.38581 -9999 -9999 -9999 -9999 -9999 -9999 -9999 -9999 -9999 1.40607 1.40607 1.40607 1.40607 1.40607 1.40607 1.40607 1.40607 1.40607 1.40607 1.40607 1.40607 1.40607 1.40607 1.40607 1.40607 1.40607 1.40607 1.40607 1.40607 1.40607 1.40607 1.40607 1.40607 1.40607 1.406031 1.403742 1.393285 1.386388 1.385813 1.38581
-9999 -9999 -9999 -9999 -9999 -9999 -9999 1.37199 1.37199 1.37199 1.37199 1.37199 1.37199 1.37199 1.37199 1.37199 1.37199 1.371992 1.372082 1.372871 1.375384 1.379808 1.38391 1.385552 1.3858 1.38581 1.38581 1.38581 1.38581 -9999 -9999 -9999 -9999 -9999 -9999 -9999 -9999 1.40607 1.40607 1.40607 1.40607 1.40607 1.40607 1.40607 1.40607 1.40607 1.40607 1.40607 1.40607 1.40607 1.40607 1.40607 1.40607 1.40607 1.40607 1.40607 1.40607 1.40607 1.40607 1.40607 1.40607 1.40607 1.406039 1.403981 1.393843 1.386518 1.385813 1.38581
-9999 -9999 -9999 -9999 -9999 -9999 -9999 1.37199 1.37199 1.37199 1.37199 1.37199 1.37199 1.37199 1.37199 1.37199 1.37199 1.37199 1.37199 1.372013 1.372291 1.373925 1.378233 1.383068 1.38536 1.385792 1.38581 1.38581 1.38581 1.38581 -9999 -9999 -9999 -9999 -9999 -9999 -9999 1.40607 1.40607 1.40607 1.40607 1.40607 1.40607 1.40607 1.40607 1.40607 1.40607 1.40607 1.40607 1.40607 1.40607 1.40607 1.40607 1.40607 1.40607 1.40607 1.40607 1.40607 1.40607 1.40607 1.40607 1.40607 1.406039 1.403997 1.393878 1.386527 1.385813 1.38581
-9999 -9999 -9999 -9999 -9999 -9999 -9999 1.37199 1.37199 1.37199 1.37199 1.37199 1.37199 1.37199 1.37199 1.37199 1.37199 1.37199 1.37199 1.37199 1.371993 1.372119 1.373255 1.377009 1.38252 1.385409 1.385803 1.38581 1.38581 1.38581 -9999 -9999 -9999 -9999 -9999 -9999 1.40607 1.40607 1.40607 1.40607 1.40607 1.40607 1.40607 1.40607 1.40607 1.40607 1.40607 1.40607 1.40607 1.40607 1.40607 1.40607 1.40607 1.40607 1.40607 1.40607 1.40607 1.40607 1.40607 1.40607 1.40607 1.40607 1.406054 1.404591 1.395279 1.386855 1.385818 1.38581
-9999 -9999 -9999 -9999 -9999 -9999 -9999 -9999 1.37199 1.37199 1.37199 1.37199 1.37199 1.37199 1.37199 1.37199 1.37199 1.37199 1.37199 1.37199 1.37199 1.371991 1.372051 1.37294 1.377301 1.38342 1.385645 1.38581 1.38581 -9999 -9999 1.405485 1.406069 1.40607 -9999 1.40607 1.40607 1.40607 1.40607 1.40607 1.40607 1.40607 1.40607 1.40607 1.40607 1.40607 1.40607 1.40607 1.40607 1.40607 1.40607 1.40607 1.40607 1.40607 1.40607 1.40607 1.40607 1.40607 1.40607 1.40607 1.40607 1.40607 1.406063 1.404861 1.395917 1.387004 1.38582 1.38581
-9999 -9999 -9999 -9999 -9999 -9999 -9999 -9999 1.37199 1.37199 1.37199 1.37199 1.37199 1.37199 1.37199 1.37199 1.37199 1.37199 1.37199 1.37199 1.37199 1.37199 1.37199 1.372067 1.373567 1.379523 1.384846 1.385789 1.38581 1.39005 1.400287 1.405504 1.406066 1.40607 1.40607 1.40607 1.40607 1.40607 1.40607 1.40607 1.40607 1.40607 1.40607 1.40607 1.40607 1.40607 1.40607 1.40607 1.40607 1.40607 1.40607 1.40607 1.40607 1.40607 1.40607 1.40607 1.40607 1.40607 1.40607 1.40607 1.40607 1.40607 1.406063 1.404873 1.395942 1.38701 1.38582 1.38581
-9999 -9999 -9999 -9999 -9999 -9999 -9999 -9999 -9999 1.37199 1.37199 1.37199 1.37199 1.37199 1.37199 1.37199 1.37199 1.37199 1.37199 1.37199 1.37199 1.37199 1.37199 1.371991 1.372298 1.375778 1.382779 1.385619 1.38581 1.38581 1.40605 1.406013 1.40606 1.40607 1.40607 1.40607 1.40607 1.40607 1.40607 1.40607 1.40607 1.40607 1.40607 1.40607 1.40607 1.40607 1.40607 1.40607 1.40607 1.40607 1.40607 1.40607 1.40607 1.40607 1.40607 1.40607 1.40607 1.40607 1.40607 1.40607 1.40607 1.40607 1.406061 1.40484 1.395869 1.386993 1.38582 1.38581
-9999 -9999 -9999 -9999 -9999 -9999 -9999 -9999 1.37199 1.37199 1.37199 1.37199 1.37199 1.37199 1.37199 1.37199 1.37199 1.37199 1.37199 1.37199 1.37199 1.37199 1.37199 1.37199 1.372026 1.37335 1.379498 1.384941 1.385798 1.38581 -9999 1.405484 1.405922 1.406069 1.40607 1.40607 1.40607 1.40607 1.40607 1.40607 1.40607 1.40607 1.40607 1.40607 1.40607 1.40607 1.40607 1.40607 1.40607 1.40607 1.40607 1.40607 1.40607 1.40607 1.40607 1.40607 1.40607 1.40607 1.40607 1.40607 1.40607 1.40607 1.406051 1.404423 1.39488 1.386763 1.385816 1.38581
-9999 -9999 -9999 -9999 -9999 -9999 -9999 1.37199 1.37199 1.37199 1.37199 1.37199 1.37199 1.37199 1.37199 1.37199 1.37199 1.37199 1.37199 1.37199 1.37199 1.37199 1.37199 1.37199 1.371991 1.372343 1.376353 1.383487 1.385721 1.38581 -9999 1.404443 1.405569 1.406061 1.40607 1.40607 1.40607 1.40607 1.40607 1.40607 1.40607 1.40607 1.40607 1.40607 1.40607 1.40607 1.40607 1.40607 1.40607 1.40607 1.40607 1.40607 1.40607 1.40607 1.40607 1.40607 1.40607 1.40607 1.40607 1.40607 1.40607 1.40607 1.406035 1.403825 1.393488 1.386441 1.385813 1.38581
-9999 -9999 -9999 -9999 -9999 -9999 -9999 1.37199 1.37199 1.37199 1.37199 1.37199 1.37199 1.37199 1.37199 1.37199 1.37199 1.37199 1.37199 1.37199 1.37199 1.37199 1.37199 1.37199 1.37199 1.372066 1.374109 1.380927 1.385281 1.385804 1.38581 1.40441 1.405758 1.406062 1.40607 1.40607 1.40607 1.40607 1.40607 1.40607 1.40607 1.40607 1.40607 1.40607 1.40607 1.40607 1.40607 1.40607 1.40607 1.40607 1.40607 1.40607 1.40607 1.40607 1.40607 1.40607 1.40607 1.40607 1.40607 1.40607 1.40607 1.40607 1.406046 1.404383 1.395077 1.386931 1.385823 1.38581
-9999 -9999 -9999 -9999 -9999 -9999 -9999 -9999 1.37199 1.37199 1.37199 1.37199 1.37199 1.37199 1.37199 1.37199 1.37199 1.37199 1.37199 1.37199 1.37199 1.37199 1.37199 1.37199 1.37199 1.371997 1.372589 1.377115 1.383783 1.385731 1.38581 1.403833 1.405039 1.406019 1.40607 1.40607 1.40607 1.40607 1.40607 1.40607 1.40607 1.40607 1.40607 1.40607 1.40607 1.40607 1.40607 1.40607 1.40607 1.40607 1.40607 1.40607 1.40607 1.40607 1.40607 1.40607 1.40607 1.40607 1.40607 1.40607 1.40607 1.40607 1.406064 1.405193 1.39746 1.38769 1.385838 1.38581
-9999 -9999 -9999 -9999 -9999 -9999 -9999 -9999 -9999 1.37199 1.37199 1.37199 1.37199 1.37199 1.37199 1.37199 1.37199 1.37199 1.37199 1.37199 1.37199 1.37199 1.37199 1.37199 1.37199 1.37199 1.372078 1.374207 1.381192 1.385396 1.385792 1.395127 1.401003 1.405548 1.406062 1.40607 1.40607 1.40607 1.40607 1.40607 1.40607 1.40607 1.40607 1.40607 1.40607 1.40607 1.40607 1.40607 1.40607 1.40607 1.40607 1.40607 1.40607 1.40607 1.40607 1.40607 1.40607 1.40607 1.40607 1.40607 1.40607 1.40607 1.406065 1.405109 1.39696 1.387444 1.38583 1.38581
-9999 -9999 -9999 -9999 -9999 -9999 -9999 -9999 -9999 -9999 1.37199 1.37199 1.37199 1.37199 1.37199 1.37199 1.37199 1.37199 1.37199 1.37199 1.37199 1.37199 1.37199 1.37199 1.37199 1.37199 1.371998 1.372741 1.377939 1.384324 1.385709 1.390262 1.394447 1.403202 1.405906 1.406069 1.40607 1.40607 1.40607 1.40607 1.40607 1.40607 1.40607 1.40607 1.40607 1.40607 1.40607 1.40607 1.40607 1.40607 1.40607 1.40607 1.40607 1.40607 1.40607 1.40607 1.40607 1.40607 1.40607 1.40607 1.40607 1.40607 1.406067 1.405378 1.398257 1.388098 1.385858 1.38581
-9999 -9999 -9999 -9999 -9999 -9999 -9999 -9999 -9999 1.37199 1.37199 1.37199 1.37199 1.37199 1.37199 1.37199 1.37199 1.37199 1.37199 1.37199 1.37199 1.37199 1.37199 1.37199 1.37199 1.37199 1.37199 1.372152 1.375039 1.382348 1.385459 1.38761 1.388854 1.397654 1.404741 1.406027 1.40607 1.40607 1.40607 1.40607 1.40607 1.40607 1.40607 1.40607 1.40607 1.40607 1.40607 1.40607 1.40607 1.40607 1.40607 1.40607 1.40607 1.40607 1.40607 1.40607 1.40607 1.40607 1.40607 1.40607 1.40607 1.40607 1.40607 1.405771 1.400584 1.389539 1.385931 1.38581
-9999 -9999 -9999 -9999 -9999 -9999 -9999 -9999 -9999 -9999 1.37199 1.37199 1.37199 1.37199 1.37199 1.37199 1.37199 1.37199 1.37199 1.37199 1.37199 1.37199 1.37199 1.37199 1.37199 1.37199 1.37199 1.372015 1.373303 1.379602 1.384985 1.385795 1.386364 1.391088 1.400777 1.405534 1.406059 1.40607 1.40607 1.40607 1.40607 1.40607 1.40607 1.40607 1.40607 1.40607 1.40607 1.40607 1.40607 1.40607 1.40607 1.40607 1.40607 1.40607 1.40607 1.40607 1.40607 1.40607 1.40607 1.40607 1.40607 1.40607 1.40607 1.405824 1.400951 1.389791 1.385946 1.38581
-9999 -9999 -9999 -9999 -9999 -9999 -9999 -9999 -9999 -9999 1.37199 1.37199 1.37199 1.37199 1.37199 1.37199 1.37199 1.37199 1.37199 1.37199 1.37199 1.37199 1.37199 1.37199 1.37199 1.37199 1.37199 1.371992 1.37237 1.376514 1.383661 1.385748 1.385853 1.387126 1.393907 1.402534 1.405714 1.406063 1.40607 1.40607 1.40607 1.40607 1.40607 1.40607 1.40607 1.40607 1.40607 1.40607 1.40607 1.40607 1.40607 1.40607 1.40607 1.40607 1.40607 1.40607 1.40607 1.40607 1.40607 1.40607 1.40607 1.40607 1.406069 1.405565 1.399177 1.388575 1.385876 1.38581
-9999 -9999 -9999 -9999 -9999 -9999 -9999 -9999 -9999 -9999 -9999 1.37199 1.37199 1.37199 1.37199 1.37199 1.37199 1.37199 1.37199 1.37199 1.37199 1.37199 1.37199 1.37199 1.37199 1.37199 1.37199 1.37199 1.372115 1.37516 1.382852 1.385705 1.385811 1.385952 1.387946 1.395147 1.403339 1.405906 1.406069 1.40607 1.40607 1.40607 1.40607 1.40607 1.40607 1.40607 1.40607 1.40607 1.40607 1.40607 1.40607 1.40607 1.40607 1.40607 1.40607 1.40607 1.40607 1.40607 1.40607 1.40607 1.40607 1.40607 1.406063 1.405042 1.396839 1.387433 1.385831 1.38581
