Code_and_data/Tas_Plant_GDM_Files/ASCII grids/bulkdensity_1km.asc
ncols         470
nrows         479
xllcorner     143.8
yllcorner     -43.7425
cellsize      0.01
NODATA_value  -9999
[rows 180 to 209 of 479, columns 136 to 203 of 470]
-9999 -9999 -9999 -9999 -9999 -9999 -9999 -9999 -9999 -9999 -9999 1.311862 1.373161 1.410727 1.431693 -9999 -9999 -9999 -9999 -9999 -9999 -9999 -9999 -9999 -9999 -9999 -9999 -9999 -9999 -9999 -9999 -9999 -9999 -9999 -9999 -9999 -9999 -9999 -9999 -9999 -9999 -9999 -9999 -9999 -9999 -9999 -9999 -9999 -9999 -9999 -9999 -9999 -9999 -9999 -9999 -9999 -9999 -9999 -9999 -9999 -9999 -9999 -9999 -9999 -9999 -9999 -9999 -9999
-9999 -9999 -9999 -9999 -9999 -9999 -9999 -9999 -9999 -9999 1.412038 1.41005 1.423844 1.430054 1.431725 -9999 -9999 -9999 -9999 -9999 -9999 -9999 -9999 -9999 -9999 -9999 -9999 -9999 -9999 -9999 -9999 -9999 -9999 -9999 -9999 -9999 -9999 -9999 -9999 -9999 -9999 -9999 -9999 -9999 -9999 -9999 -9999 -9999 -9999 -9999 -9999 -9999 -9999 -9999 -9999 -9999 -9999 -9999 -9999 -9999 -9999 -9999 -9999 -9999 -9999 -9999 -9999 -9999
-9999 -9999 -9999 -9999 -9999 -9999 -9999 -9999 -9999 -9999 1.430415 1.430921 1.431197 -9999 -9999 -9999 -9999 -9999 -9999 -9999 -9999 -9999 -9999 -9999 -9999 -9999 -9999 -9999 -9999 -9999 -9999 -9999 -9999 -9999 -9999 -9999 -9999 -9999 -9999 -9999 -9999 -9999 -9999 -9999 -9999 -9999 -9999 -9999 -9999 -9999 -9999 -9999 -9999 -9999 -9999 -9999 -9999 -9999 -9999 -9999 -9999 -9999 -9999 -9999 -9999 -9999 -9999 -9999
-9999 -9999 -9999 -9999 -9999 -9999 -9999 -9999 1.43176 1.43176 1.431756 1.431756 -9999 -9999 -9999 -9999 -9999 -9999 -9999 -9999 -9999 -9999 -9999 -9999 -9999 -9999 -9999 -9999 -9999 -9999 -9999 -9999 -9999 -9999 -9999 -9999 -9999 -9999 -9999 -9999 -9999 -9999 -9999 -9999 -9999 -9999 -9999 -9999 -9999 -9999 -9999 -9999 -9999 -9999 -9999 -9999 -9999 -9999 -9999 -9999 -9999 -9999 -9999 -9999 -9999 -9999 -9999 -9999
-9999 -9999 -9999 -9999 -9999 1.43176 1.43176 1.43176 1.43176 -9999 1.431668 1.43176 1.42706 -9999 -9999 -9999 -9999 -9999 -9999 -9999 -9999 -9999 -9999 -9999 -9999 -9999 -9999 -9999 -9999 -9999 -9999 -9999 -9999 -9999 -9999 -9999 -9999 -9999 -9999 -9999 -9999 -9999 -9999 -9999 -9999 -9999 -9999 -9999 -9999 -9999 -9999 -9999 -9999 -9999 -9999 -9999 -9999 -9999 -9999 -9999 -9999 -9999 -9999 -9999 -9999 -9999 -9999 -9999
1.43176 1.43176 1.43176 1.43176 1.43176 1.43176 1.43176 1.43176 1.4197 1.420377 1.41404 -9999 1.41411 1.401843 -9999 -9999 -9999 -9999 -9999 -9999 -9999 -9999 -9999 -9999 -9999 -9999 -9999 -9999 -9999 -9999 -9999 -9999 -9999 -9999 -9999 -9999 -9999 -9999 -9999 -9999 -9999 -9999 -9999 -9999 -9999 -9999 -9999 -9999 -9999 -9999 -9999 -9999 -9999 -9999 -9999 -9999 -9999 -9999 -9999 -9999 -9999 -9999 -9999 -9999 -9999 -9999 -9999 -9999
1.43176 1.43176 1.43176 1.43176 1.431756 1.431659 1.43002 1.421348 1.399216 1.359214 1.318688 1.261328 1.224173 1.398535 -9999 -9999 -9999 -9999 -9999 -9999 -9999 -9999 -9999 -9999 -9999 -9999 -9999 -9999 -9999 -9999 -9999 -9999 -9999 -9999 -9999 -9999 -9999 -9999 -9999 -9999 -9999 -9999 -9999 -9999 -9999 -9999 -9999 -9999 -9999 -9999 -9999 -9999 -9999 -9999 -9999 -9999 -9999 -9999 -9999 -9999 -9999 -9999 -9999 -9999 -9999 -9999 -9999 -9999
1.431707 1.43176 1.431759 1.431705 1.430549 1.423542 1.398357 1.343771 1.288101 1.242512 1.219474 1.221577 1.362895 1.396457 1.398124 -9999 -9999 -9999 -9999 -9999 -9999 -9999 -9999 -9999 -9999 -9999 -9999 -9999 -9999 -9999 -9999 -9999 -9999 -9999 -9999 -9999 -9999 -9999 -9999 -9999 -9999 -9999 -9999 -9999 -9999 -9999 -9999 -9999 -9999 -9999 -9999 -9999 -9999 -9999 -9999 -9999 -9999 -9999 -9999 -9999 -9999 -9999 -9999 -9999 -9999 -9999 -9999 -9999
1.431746 1.43176 1.431702 1.42873 1.405913 1.35307 1.290904 1.235767 1.211151 1.204204 1.20585 1.248697 1.35151 1.395497 1.398041 1.398108 1.3981 -9999 -9999 -9999 -9999 -9999 -9999 -9999 -9999 -9999 -9999 -9999 -9999 -9999 -9999 -9999 -9999 -9999 -9999 -9999 -9999 -9999 -9999 -9999 -9999 -9999 -9999 -9999 -9999 -9999 -9999 -9999 -9999 -9999 -9999 -9999 -9999 -9999 -9999 -9999 -9999 -9999 -9999 -9999 -9999 -9999 -9999 -9999 -9999 -9999 -9999 -9999
1.431426 1.431587 1.429633 1.403606 1.319984 1.243007 1.212954 1.204013 1.2024 1.202334 1.208098 1.263141 1.347926 1.376117 1.38378 1.391854 1.396813 1.398015 1.39813 1.39813 -9999 1.39813 1.39813 -9999 -9999 -9999 -9999 -9999 -9999 -9999 -9999 -9999 -9999 -9999 -9999 -9999 -9999 -9999 -9999 -9999 -9999 -9999 -9999 -9999 -9999 -9999 -9999 -9999 -9999 -9999 -9999 -9999 -9999 -9999 -9999 -9999 -9999 -9999 -9999 -9999 -9999 -9999 -9999 -9999 -9999 -9999 -9999 -9999
1.410236 1.417843 1.40275 1.327789 1.237591 1.205627 1.20246 1.202306 1.2023 1.202306 1.203863 1.221359 1.256904 1.280507 1.307452 1.342479 1.383716 1.397608 1.39813 1.39813 1.39813 1.39813 1.39813 1.39813 1.39813 1.39813 -9999 -9999 -9999 -9999 -9999 -9999 -9999 1.43186 1.431937 1.431957 -9999 -9999 -9999 -9999 -9999 -9999 -9999 -9999 -9999 -9999 -9999 -9999 -9999 -9999 -9999 -9999 -9999 -9999 -9999 -9999 -9999 -9999 -9999 -9999 -9999 -9999 -9999 -9999 -9999 -9999 -9999 -9999
1.302264 1.323149 1.301043 1.238239 1.206478 1.2024 1.2023 1.2023 1.2023 1.2023 1.202339 1.203149 1.205817 1.210108 1.228359 1.292009 1.373213 1.39728 1.39813 1.39813 1.39813 1.39813 1.39813 1.39813 1.39813 1.39813 1.39813 1.39813 1.398367 -9999 -9999 1.430035 1.431724 1.431845 1.431934 1.43196 -9999 -9999 -9999 -9999 -9999 -9999 -9999 -9999 -9999 -9999 -9999 -9999 -9999 -9999 -9999 -9999 -9999 -9999 -9999 -9999 -9999 -9999 -9999 -9999 -9999 -9999 -9999 -9999 -9999 -9999 -9999 -9999
1.214516 1.22015 1.214842 1.204948 1.202412 1.2023 1.2023 1.2023 1.2023 1.2023 1.202307 1.202509 1.204431 1.21475 1.259189 1.343907 1.390637 1.397926 1.39813 1.39813 1.39813 1.39813 1.39813 1.39813 1.39813 1.39813 1.39813 1.39813 1.398584 1.404123 1.413146 1.421144 1.429102 1.431588 1.431947 1.43196 1.43196 -9999 -9999 -9999 -9999 -9999 -9999 -9999 -9999 -9999 -9999 -9999 -9999 -9999 -9999 -9999 -9999 -9999 -9999 -9999 -9999 -9999 -9999 -9999 -9999 -9999 -9999 -9999 -9999 -9999 -9999 -9999
1.20249 1.202535 1.202434 1.202313 1.2023 1.2023 1.2023 1.202304 1.202429 1.203064 1.204941 1.213849 1.240317 1.287312 1.345244 1.387758 1.397683 1.398125 1.39813 1.39813 1.39813 1.39813 1.39813 1.39813 1.39813 1.39813 1.39813 1.398129 1.397732 1.388442 1.353877 1.345585 1.384957 1.419749 1.431037 1.431944 1.43196 1.43196 -9999 -9999 -9999 -9999 -9999 -9999 -9999 -9999 -9999 -9999 -9999 -9999 -9999 -9999 -9999 -9999 -9999 -9999 -9999 -9999 -9999 -9999 -9999 -9999 -9999 -9999 -9999 -9999 -9999 -9999
1.2023 1.2023 1.2023 1.2023 1.2023 1.202304 1.202412 1.203651 1.211379 1.229588 1.250611 1.288042 1.338838 1.376074 1.393058 1.397645 1.398121 1.39813 1.39813 1.39813 1.39813 1.39813 1.39813 1.39813 1.39813 1.39813 1.39813 1.398136 1.395572 1.353241 1.261971 1.233472 1.271778 1.353343 1.414083 1.430623 1.431952 1.43196 -9999 -9999 -9999 -9999 -9999 -9999 -9999 -9999 -9999 -9999 -9999 -9999 -9999 -9999 -9999 -9999 -9999 -9999 -9999 -9999 -9999 -9999 -9999 -9999 -9999 -9999 -9999 -9999 -9999 -9999
1.2023 1.2023 1.2023 1.2023 1.202307 1.203117 1.210376 1.23211 1.276694 1.327863 1.356538 1.377753 1.392848 1.397393 1.398076 1.398127 1.39813 1.39813 1.39813 1.39813 1.39813 1.39813 1.398137 1.398179 1.398267 1.398405 1.398682 1.399372 1.39795 1.341239 1.234795 1.204364 1.210835 1.253795 1.347082 1.418645 1.431556 1.431959 1.43196 -9999 -9999 -9999 -9999 -9999 -9999 -9999 -9999 -9999 -9999 -9999 -9999 -9999 -9999 -9999 -9999 -9999 -9999 -9999 -9999 -9999 -9999 -9999 -9999 -9999 -9999 -9999 -9999 -9999
1.2023 1.2023 1.2023 1.2023 1.202524 1.212306 1.263644 1.32677 1.369487 1.390957 1.396352 1.397633 1.398078 1.398127 1.39813 1.39813 1.39813 1.39813 1.39813 1.39813 1.39813 1.39816 1.398936 1.401239 1.403375 1.405442 1.407822 1.411244 1.415866 1.382576 1.276252 1.210968 1.202732 1.209682 1.266543 1.371789 1.423911 1.431708 1.43196 1.43196 1.431896 1.431438 1.430989 1.4281 -9999 -9999 -9999 -9999 -9999 -9999 -9999 -9999 -9999 -9999 -9999 -9999 -9999 -9999 -9999 -9999 -9999 -9999 -9999 -9999 -9999 -9999 -9999 -9999
1.2023 1.2023 1.202301 1.202521 1.206871 1.244615 1.337148 1.388571 1.396871 1.39803 1.398126 1.39813 1.39813 1.39813 1.39813 1.39813 1.39813 1.39813 1.39813 1.39813 1.39813 1.398427 1.403657 1.415503 1.421411 1.424157 1.426167 1.428176 1.430026 1.421078 1.35029 1.243681 1.205314 1.202899 1.216314 1.28275 1.384561 1.428354 1.431941 1.431796 1.427645 1.412018 1.405748 1.388116 1.290938 1.210292 -9999 -9999 -9999 -9999 -9999 -9999 -9999 -9999 -9999 -9999 -9999 -9999 -9999 -9999 -9999 -9999 -9999 -9999 -9999 -9999 -9999 -9999
1.2023 1.2023 1.202466 1.208465 1.244301 1.317157 1.381208 1.397446 1.398123 1.39813 1.39813 1.39813 1.39813 1.39813 1.39813 1.39813 1.39813 1.39813 1.39813 1.398125 1.398002 1.398145 1.404961 1.420893 1.429567 1.431508 1.431789 1.431893 1.431939 1.430776 1.407044 1.31176 1.221021 1.202868 1.203307 1.225969 1.329076 1.418927 1.431676 1.427435 1.390658 1.315861 1.291226 1.28426 1.233231 1.204941 1.202321 1.202355 1.202399 1.202365 1.2023 1.2023 1.2023 1.2023 -9999 -9999 -9999 -9999 -9999 -9999 -9999 -9999 -9999 -9999 -9999 -9999 -9999 -9999
1.2023 1.202309 1.204695 1.238681 1.32485 1.382002 1.396624 1.398103 1.39813 1.39813 1.39813 1.39813 1.39813 1.39813 1.39813 1.39813 1.39813 1.39813 1.39813 1.398013 1.393624 1.383179 1.392794 1.407534 1.420658 1.429515 1.43181 1.43196 1.43196 1.431922 1.427811 1.377859 1.26766 1.210764 1.204039 1.231396 1.337094 1.420189 1.427248 1.391651 1.302853 1.226677 1.210525 1.209811 1.204296 1.202408 1.203422 1.209543 1.211785 1.206174 1.203334 1.202666 1.202427 1.202346 1.202312 1.20231 1.202305 1.202305 -9999 -9999 -9999 -9999 -9999 -9999 -9999 -9999 -9999 -9999
1.2023 1.202348 1.210706 1.282838 1.37541 1.397117 1.39811 1.39813 1.39813 1.39813 1.39813 1.39813 1.39813 1.39813 1.39813 1.39813 1.39813 1.39813 1.39813 1.397404 1.374556 1.318111 1.35033 1.394579 1.406061 1.420539 1.430508 1.431942 1.43196 1.43196 1.431571 1.41922 1.353768 1.260249 1.230909 1.290784 1.393277 1.427585 1.401172 1.306891 1.2265 1.204264 1.202359 1.202334 1.202305 1.202451 1.212866 1.266134 1.294066 1.263425 1.237994 1.225379 1.21687 1.211684 1.208192 1.207804 1.20572 1.20248 -9999 -9999 -9999 -9999 -9999 -9999 -9999 -9999 -9999 -9999
1.2023 1.202372 1.213692 1.299302 1.38608 1.398034 1.39813 1.39813 1.39813 1.39813 1.39813 1.39813 1.39813 1.39813 1.39813 1.39813 1.39813 1.39813 1.39813 1.396721 1.35832 1.263033 1.296754 1.382226 1.399362 1.410953 1.427713 1.43186 1.43196 1.43196 1.431953 1.431049 1.416126 1.367543 1.341812 1.382666 1.423987 1.414395 1.333601 1.236357 1.20466 1.202334 1.2023 1.2023 1.2023 1.202496 1.21631 1.295712 1.376387 1.381154 1.358213 1.337158 1.316621 1.297088 1.282959 1.282347 1.297891 -9999 -9999 -9999 -9999 -9999 -9999 -9999 -9999 -9999 -9999 -9999
1.2023 1.202397 1.214665 1.302003 1.386957 1.398058 1.39813 1.39813 1.39813 1.39813 1.39813 1.39813 1.39813 1.39813 1.39813 1.39813 1.39813 1.39813 1.39813 1.397006 1.364388 1.27256 1.290658 1.378794 1.3982 1.406198 1.424701 1.431667 1.43196 1.43196 1.43196 1.431945 1.431161 1.426714 1.423406 1.428194 1.429102 1.386339 1.279236 1.215746 1.202962 1.2023 1.2023 1.2023 1.202382 1.203658 1.210133 1.251609 1.354334 1.418239 1.422642 1.418899 1.413629 1.40511 1.398017 1.396766 1.407619 1.42526 -9999 -9999 -9999 -9999 -9999 -9999 -9999 -9999 -9999 -9999
1.202364 1.203635 1.225642 1.319597 1.390435 1.398088 1.39813 1.39813 1.39813 1.39813 1.39813 1.39813 1.39813 1.39813 1.39813 1.39813 1.39813 1.39813 1.39813 1.397836 1.386722 1.346303 1.351962 1.390684 1.398162 1.403138 1.420752 1.431066 1.431955 1.43196 1.43196 1.43196 1.431959 1.431941 1.431907 1.431731 1.429127 1.400812 1.331511 1.247057 1.205745 1.202312 1.202302 1.202482 1.206107 1.229278 1.265644 1.311783 1.386566 1.423505 1.426973 1.426952 1.426783 1.425787 1.422905 1.421291 1.423442 1.424543 1.417755 -9999 -9999 -9999 -9999 -9999 -9999 -9999 -9999 -9999
1.209989 1.227666 1.281436 1.361514 1.395764 1.398121 1.39813 1.39813 1.39813 1.39813 1.39813 1.39813 1.39813 1.39813 1.39813 1.39813 1.39813 1.39813 1.39813 1.398115 1.397355 1.393664 1.394069 1.397594 1.398153 1.400334 1.414109 1.429087 1.431909 1.43196 1.43196 1.43196 1.431959 1.431781 1.429311 1.417641 1.396242 1.362042 1.305535 1.235952 1.204844 1.202456 1.203753 1.211186 1.242328 1.310733 1.367672 1.398992 1.421846 1.426356 1.426266 1.425549 1.423273 1.417851 1.409672 1.406256 1.407988 1.391559 1.383182 1.406992 1.423459 1.42517 -9999 -9999 -9999 -9999 -9999 -9999
1.280055 1.319536 1.366429 1.392741 1.397926 1.398129 1.39813 1.39813 1.39813 1.39813 1.39813 1.39813 1.39813 1.39813 1.39813 1.39813 1.39813 1.39813 1.39813 1.39813 1.398125 1.398108 1.39811 1.398126 1.398131 1.398747 1.407477 1.425344 1.431676 1.43196 1.43196 1.431959 1.431621 1.424514 1.390542 1.329873 1.277466 1.243459 1.219064 1.206328 1.204967 1.211729 1.234594 1.276107 1.333983 1.380799 1.40244 1.418806 1.423326 1.419371 1.416852 1.414162 1.409 1.403354 1.398846 1.397714 1.386205 1.313733 1.270587 1.340489 1.413392 1.406736 1.36591 -9999 -9999 -9999 -9999 -9999
1.376552 1.389251 1.396319 1.398026 1.398142 1.398145 1.398145 1.398143 1.398136 1.398131 1.39813 1.39813 1.39813 1.39813 1.39813 1.39813 1.39813 1.39813 1.39813 1.39813 1.39813 1.39813 1.39813 1.39813 1.39813 1.398274 1.403267 1.42127 1.43128 1.43196 1.431959 1.431621 1.423688 1.375787 1.28688 1.228168 1.208534 1.204756 1.210619 1.225523 1.248349 1.28275 1.330974 1.370512 1.390879 1.398419 1.408515 1.4101 1.39061 1.395361 1.401341 1.400623 1.399079 1.393799 1.37401 1.374101 1.373137 1.279101 1.216949 1.281668 1.394287 1.376751 1.268858 1.207593 -9999 -9999 -9999 -9999
1.397727 1.398251 1.3987 1.399036 1.399099 1.3991 1.3991 1.399067 1.398785 1.398379 1.398201 1.398137 1.39813 1.39813 1.39813 1.39813 1.39813 1.39813 1.39813 1.39813 1.39813 1.39813 1.39813 1.39813 1.39813 1.398198 1.402284 1.420099 1.431143 1.431959 1.431628 1.423698 1.375298 1.280583 1.217405 1.203456 1.203601 1.219363 1.268602 1.321334 1.352744 1.376533 1.391154 1.397053 1.398034 1.399105 1.399921 1.351539 1.298517 1.357946 1.395975 1.398158 1.397061 1.371209 1.295828 1.303538 1.364731 1.295843 1.216472 1.253644 1.371262 1.352496 1.235063 1.203223 1.207061 1.24197 -9999 -9999
1.398948 1.400597 1.402219 1.403131 1.403285 1.403287 1.403287 1.403205 1.402421 1.400991 1.399693 1.398578 1.398181 1.398132 1.39813 1.39813 1.39813 1.39813 1.39813 1.39813 1.39813 1.39813 1.39813 1.39813 1.39813 1.398184 1.401801 1.418986 1.430887 1.431851 1.425492 1.376972 1.280721 1.217154 1.20318 1.202544 1.212565 1.275886 1.357004 1.389349 1.395744 1.397445 1.397728 1.397956 1.398086 1.394136 1.353135 1.266554 1.240781 1.336923 1.394132 1.397663 1.394636 1.343746 1.248531 1.278262 1.366118 1.315355 1.221501 1.235797 1.350199 1.343874 1.229993 1.202837 1.208136 1.26726 1.378738 1.423009
1.402087 1.404528 1.405556 1.40584 1.405879 1.40588 1.40588 1.405857 1.405622 1.405014 1.403697 1.401251 1.39932 1.398422 1.398158 1.39813 1.39813 1.39813 1.39813 1.39813 1.39813 1.39813 1.39813 1.39813 1.39813 1.398153 1.400565 1.415997 1.430131 1.43038 1.398579 1.294184 1.218106 1.20319 1.203328 1.211186 1.246129 1.336203 1.391561 1.397386 1.393608 1.383939 1.377424 1.385657 1.3959 1.390145 1.318329 1.224884 1.228373 1.330878 1.387036 1.377789 1.382016 1.355986 1.299655 1.332397 1.376573 1.305168 1.218264 1.24363 1.355853 1.340084 1.228078 1.202727 1.204149 1.24408 1.352985 1.408075
