Code_and_data/Tas_Plant_GDM_Files/ASCII grids/isothermality_2100_1km.asc
ncols         470
nrows         479
xllcorner     143.8
yllcorner     -43.7425
cellsize      0.01
NODATA_value  -9999
[rows 261 to 289 of 479, columns 325 to 389 of 470]
0.5004375 0.5000625 0.5 0.4996875 0.499375 0.499125 0.499 0.499 0.499 0.499 0.499 0.49875 0.49875 0.49875 0.49875 0.4988751 0.499 0.499 0.499 0.49925 0.4994375 0.4998125 0.5 0.5 0.5000625 0.50025 0.5005 0.5006875 0.5007499 0.5007499 0.5005625 0.499625 0.4991875 0.497625 0.4973751 0.498 0.4951875 0.49725 0.4974375 0.5001875 0.501375 0.5011249 0.5005625 0.5006875 0.5007499 0.498875 0.4949375 0.4861875 0.4746875 0.4589375 0.4495625 0.452875 0.443625 0.4394375 0.4251875 0.4476875 0.458 0.4404375 0.4106875 0.415625 0.402125 0.39475 0.393625 0.392125 0.3885
0.5011874 0.501 0.5008125 0.5005 0.5001875 0.5 0.5 0.4998125 0.49975 0.4995625 0.4994375 0.49925 0.49925 0.49925 0.49925 0.4993125 0.4995 0.49975 0.4999375 0.5 0.5 0.5003125 0.500625 0.5008749 0.501 0.501 0.501 0.501 0.5011874 0.501 0.501 0.501 0.500375 0.4985625 0.4955 0.5 0.4994375 0.500375 0.4994375 0.5011249 0.5019999 0.5019999 0.5006875 0.4961875 0.496125 0.4999375 0.4988125 0.4916251 0.4923125 0.4825625 0.4745625 0.4719375 0.4575625 0.4521875 0.4452499 0.4486875 0.466125 0.4523125 0.407 0.4145625 0.412625 0.4058125 0.4003125 0.3941875 0.39525
0.5019999 0.5019374 0.5016249 0.5013124 0.501 0.5009375 0.5007499 0.5005 0.5003125 0.50025 0.5 0.5 0.5 0.5 0.5 0.5 0.5 0.500125 0.5004375 0.500625 0.5009375 0.501 0.501 0.50125 0.5015 0.5016874 0.5018124 0.5019999 0.5019999 0.5017499 0.5015624 0.5015 0.501375 0.5005 0.498125 0.4985 0.5016249 0.5023125 0.5025626 0.5029376 0.5030001 0.5025626 0.49975 0.4970625 0.4924375 0.48775 0.4981875 0.4994375 0.49925 0.4963751 0.4896875 0.4791875 0.4775625 0.46075 0.469625 0.47 0.4651875 0.4491875 0.4264375 0.4293125 0.412125 0.3866875 0.396 0.4016 0.4025624
0.5029376 0.5026251 0.502375 0.5020624 0.5019999 0.5017499 0.5015 0.50125 0.501125 0.501 0.501 0.501 0.501 0.5009375 0.501 0.501 0.501 0.501 0.501 0.501125 0.5013999 0.5017499 0.5019999 0.5019999 0.5019999 0.5020624 0.50225 0.50225 0.5024375 0.5023125 0.50225 0.50225 0.5020624 0.5017499 0.5008749 0.500625 0.5026876 0.5028751 0.5025625 0.5023125 0.5025625 0.5030625 0.5015625 0.4981875 0.492875 0.490375 0.4923126 0.48775 0.487375 0.4915 0.4901249 0.489875 0.4866875 0.48375 0.480875 0.477875 0.473 0.462625 0.455625 0.4348125 0.3996875 0.3874375 0.38975 0.3894375 0.3944667
0.5036876 0.5033751 0.5030626 0.5030001 0.5027501 0.5025001 0.50225 0.5020624 0.5019999 0.5019999 0.5017499 0.5017499 0.5016874 0.5015 0.5015 0.5015624 0.5015 0.5016874 0.5018749 0.5019999 0.5019999 0.5021249 0.502375 0.5025626 0.5028126 0.5030001 0.5030001 0.5030001 0.5030001 0.5030001 0.5029376 0.5030001 0.5030001 0.5028751 0.5026876 0.5034376 0.5032501 0.5016249 0.5011874 0.49975 0.5 0.5028126 0.50375 0.5029376 0.50025 0.4968125 0.49225 0.494125 0.4924375 0.488875 0.4778125 0.4706875 0.464375 0.4650624 0.46825 0.4679375 0.4559375 0.4546875 0.4535625 0.43525 0.3984375 0.3870625 0.3869375 0.390125 0.393375
0.5044376 0.5041251 0.5040001 0.5038126 0.5035626 0.5033126 0.5030626 0.5030001 0.5029376 0.5027501 0.5025001 0.5025001 0.5024375 0.50225 0.50225 0.50225 0.50225 0.50225 0.502375 0.5025626 0.5028126 0.5030001 0.5030001 0.5030001 0.5030626 0.5033751 0.5035626 0.5037501 0.5038751 0.5040001 0.5035 0.5031251 0.5033126 0.5035001 0.5038751 0.5038126 0.502375 0.502125 0.5030625 0.50125 0.499125 0.5 0.5025625 0.5038126 0.5018125 0.498 0.4945 0.492375 0.4983125 0.4965 0.49075 0.4849375 0.474 0.4759375 0.4664375 0.478 0.475625 0.48025 0.4788125 0.4630625 0.4430625 0.436625 0.4198125 0.39225 0.38875
0.505125 0.5050001 0.5048751 0.504625 0.504375 0.5041251 0.5040001 0.5039376 0.5037501 0.5035626 0.5033126 0.5032501 0.5031251 0.5030001 0.5030001 0.5030001 0.5030001 0.5030001 0.5030001 0.5030001 0.5031876 0.5034376 0.5035626 0.5038126 0.5040001 0.5040001 0.5040001 0.5040001 0.5041876 0.50425 0.50425 0.5040626 0.5045 0.5048751 0.5050001 0.5045626 0.5043126 0.5040626 0.5023125 0.5021874 0.50025 0.496625 0.498 0.502 0.50375 0.5028751 0.5014375 0.495125 0.49575 0.50025 0.493875 0.48125 0.4675625 0.4835625 0.49125 0.4933126 0.4925 0.4968125 0.4965 0.4919375 0.48325 0.468875 0.443875 0.401625 0.40575
0.506 0.505875 0.505625 0.505375 0.5051876 0.5050001 0.5049376 0.5047501 0.504625 0.5044376 0.50425 0.5040001 0.5040001 0.5040001 0.5038126 0.5037501 0.5037501 0.5037501 0.5039375 0.5040001 0.5040001 0.5040001 0.5040001 0.5040001 0.50425 0.5044376 0.5046875 0.5049376 0.5050001 0.5050001 0.5050001 0.5050001 0.50525 0.5050626 0.50525 0.5050626 0.5034376 0.5032501 0.5020626 0.5006875 0.4996875 0.4973751 0.4973751 0.4988751 0.50175 0.5021875 0.5028126 0.500625 0.496125 0.494 0.5013125 0.494625 0.4766875 0.4840625 0.4985 0.5008749 0.5005624 0.499375 0.4949375 0.489625 0.4871875 0.4754375 0.4601875 0.442875 0.4454375
0.5068125 0.5065625 0.506375 0.5061875 0.506 0.5059375 0.50575 0.5055625 0.5055 0.50525 0.5050626 0.5050001 0.5049376 0.5047501 0.5045626 0.5045 0.5044376 0.50425 0.50425 0.5045 0.5045 0.5045 0.5047501 0.5049376 0.5050001 0.5050001 0.5050001 0.505125 0.5054376 0.50575 0.505875 0.506 0.506 0.506 0.5061875 0.5060625 0.5054375 0.5054375 0.5045625 0.5039375 0.502625 0.501 0.49925 0.4985625 0.4995 0.5016875 0.5035626 0.5031875 0.5011249 0.4956875 0.4975625 0.503625 0.4975 0.4905625 0.4998125 0.5014374 0.5005 0.4950625 0.4899375 0.485625 0.485375 0.48075 0.4773125 0.47475 0.474875
0.5074375 0.50725 0.507 0.507 0.5069375 0.50675 0.506625 0.5065 0.50625 0.506 0.506 0.5059375 0.50575 0.5055 0.505375 0.50525 0.5050001 0.5050001 0.5050001 0.5050001 0.5050001 0.5050001 0.5050001 0.5050001 0.50525 0.5054376 0.5058125 0.506 0.506 0.506 0.50625 0.5063125 0.5066875 0.507 0.507 0.507 0.507 0.507 0.506375 0.5045625 0.5048751 0.5046875 0.5019374 0.5025001 0.5026876 0.5015624 0.5033126 0.50425 0.50325 0.502375 0.5011875 0.5041876 0.5049376 0.501875 0.5029375 0.4986875 0.495125 0.489875 0.4954375 0.491 0.4818125 0.4814375 0.4825625 0.4821875 0.4818125
0.508 0.508 0.508 0.50775 0.507625 0.5075 0.50725 0.5070625 0.507 0.507 0.5068125 0.506625 0.506375 0.5061875 0.506 0.506 0.506 0.505875 0.50575 0.50575 0.5055 0.5055 0.505625 0.5059375 0.506 0.506 0.506 0.50625 0.506625 0.5069375 0.507 0.507 0.5073125 0.5075625 0.50775 0.508 0.508 0.5080624 0.508 0.5076874 0.507 0.5061875 0.5045 0.5050001 0.5049376 0.5017499 0.5038126 0.5050625 0.5053126 0.5028126 0.5045 0.5044375 0.505125 0.5056875 0.5021875 0.4964375 0.4844375 0.4855625 0.4963125 0.498 0.4891875 0.4804375 0.4803125 0.484 0.48175
0.5085624 0.5083749 0.5081249 0.508 0.508 0.508 0.508 0.508 0.507875 0.507625 0.5073125 0.507 0.507 0.507 0.507 0.50675 0.5065 0.5061875 0.506 0.506 0.506 0.506 0.506 0.506 0.5060625 0.5065 0.506875 0.507 0.507 0.50725 0.507625 0.507875 0.508 0.508 0.5079374 0.5083124 0.50875 0.5081249 0.508 0.5078124 0.506125 0.506375 0.5063125 0.5054375 0.50675 0.5036875 0.5070624 0.506375 0.5051876 0.506375 0.5064999 0.50675 0.5075625 0.506625 0.502125 0.4935625 0.484125 0.48725 0.4983125 0.5007499 0.492 0.4816875 0.4830625 0.4850625 0.4826875
0.5089999 0.5089999 0.5089999 0.5088124 0.50875 0.5086249 0.5083749 0.5080624 0.508 0.508 0.508 0.5079374 0.5076874 0.5074375 0.5071875 0.507 0.507 0.507 0.507 0.50675 0.5065 0.5063125 0.50625 0.5064375 0.507 0.507 0.5070625 0.507375 0.5078124 0.508 0.5080624 0.5083749 0.5086874 0.50875 0.5088124 0.5089999 0.5089999 0.5086874 0.5081249 0.508375 0.5084999 0.5075625 0.5080624 0.505875 0.507625 0.5093126 0.508875 0.5084375 0.5075625 0.5088125 0.5093126 0.5086874 0.50925 0.5078124 0.5038125 0.49875 0.489125 0.49775 0.50275 0.501125 0.49825 0.483875 0.4891875 0.4846875 0.484375
0.5089999 0.5089999 0.5089999 0.5089999 0.5089999 0.5089999 0.5089999 0.5089999 0.5088124 0.5084374 0.5080624 0.508 0.508 0.508 0.508 0.507875 0.5075 0.5070625 0.507 0.507 0.507 0.507 0.507 0.507 0.507 0.507375 0.5079374 0.508 0.5081249 0.5085624 0.5089374 0.5089999 0.5089999 0.5091249 0.50925 0.5097501 0.5099376 0.5094376 0.509375 0.5089375 0.5098751 0.5086249 0.50925 0.50875 0.5086875 0.5110625 0.5107501 0.5103125 0.51 0.5101875 0.5093749 0.5099376 0.5100001 0.5095001 0.5069999 0.503875 0.497375 0.4995 0.50425 0.501625 0.4963751 0.493625 0.4923126 0.479625 0.4879375
0.5089999 0.5089999 0.5089999 0.5089999 0.5089999 0.5089999 0.5089999 0.5089999 0.5089999 0.5089999 0.5089374 0.5084375 0.508 0.508 0.508 0.508 0.508 0.5079374 0.5075625 0.5073125 0.50725 0.50725 0.507375 0.507625 0.507875 0.508 0.5081249 0.5086249 0.5089999 0.5089999 0.50925 0.5096251 0.5098126 0.5100001 0.5100001 0.5101876 0.5104375 0.5105001 0.5101876 0.510375 0.5104375 0.5095626 0.5103751 0.5103126 0.511375 0.511375 0.50875 0.507125 0.5075625 0.5073125 0.507875 0.5096875 0.5100626 0.5098751 0.5081874 0.506875 0.5025625 0.5017501 0.5025 0.504625 0.5015625 0.4951875 0.4834375 0.4798125 0.49325
0.5089999 0.5089999 0.5089999 0.5089999 0.5089999 0.5089999 0.5089999 0.5089999 0.5089999 0.5089999 0.5089999 0.5089999 0.5086249 0.508 0.508 0.508 0.508 0.5076874 0.507375 0.5075625 0.508 0.508 0.508 0.508 0.5080624 0.5084999 0.5089999 0.5089999 0.50925 0.5097501 0.5100001 0.5100001 0.5103126 0.5106251 0.5109375 0.511 0.511 0.511 0.511 0.511 0.511375 0.5115625 0.5116251 0.5116875 0.5116875 0.51 0.50875 0.506375 0.5066875 0.5066875 0.507875 0.5068125 0.5086875 0.5100625 0.5100001 0.5086875 0.50725 0.505375 0.5010625 0.505125 0.50375 0.5003751 0.4960625 0.4883125 0.499875
0.5089999 0.5089999 0.5089999 0.5089999 0.5089999 0.5089999 0.5089999 0.5089999 0.5089999 0.5089999 0.5089999 0.5089999 0.5085624 0.508 0.508 0.508 0.508 0.5076874 0.5055001 0.5066251 0.50775 0.508 0.5080624 0.5086249 0.5089999 0.5089999 0.5091249 0.5096251 0.5100001 0.5100001 0.5103126 0.510875 0.511 0.511 0.5113125 0.51175 0.511875 0.512 0.511875 0.5118126 0.512 0.512 0.5120625 0.5125 0.5126875 0.5120625 0.5104375 0.5103126 0.5088125 0.5066875 0.5048751 0.5037501 0.5048751 0.507875 0.510375 0.5101876 0.508875 0.5045625 0.5049375 0.5075624 0.505125 0.5010625 0.5041251 0.5006874 0.50525
0.5089999 0.5089999 0.5089999 0.5089999 0.5089999 0.5089999 0.5089999 0.5089999 0.5089999 0.5089999 0.5089999 0.5089999 0.5083124 0.508 0.5083749 0.50875 0.5080624 0.5079374 0.5071875 0.5059375 0.507625 0.5082499 0.5089374 0.5089999 0.5091249 0.5095626 0.5100001 0.5100001 0.5101251 0.5107501 0.511 0.511 0.5111876 0.5116875 0.512 0.512 0.512 0.5125 0.5123125 0.5123125 0.512625 0.5125 0.512875 0.513 0.5128125 0.5114375 0.5100625 0.5076875 0.507625 0.5088125 0.507125 0.506 0.5050001 0.5073749 0.5091875 0.5093749 0.5106875 0.5099376 0.510375 0.508375 0.50375 0.4974375 0.502625 0.5074375 0.508625
0.5089999 0.5089999 0.5089999 0.5089999 0.5089999 0.5089999 0.5089999 0.5089999 0.5089999 0.508875 0.5089999 0.5089999 0.508875 0.5083749 0.5088124 0.5089999 0.5083749 0.508 0.5078124 0.506625 0.5076874 0.50875 0.5090624 0.5095626 0.5100001 0.5100001 0.5100626 0.5105 0.5109375 0.511 0.5110626 0.511625 0.512 0.512 0.512 0.512 0.512 0.513 0.513 0.513 0.513 0.513 0.513 0.5134375 0.5131875 0.5126875 0.5118125 0.5096875 0.5075625 0.5051875 0.5063125 0.5059375 0.5053126 0.5071875 0.5066875 0.5073125 0.509875 0.5120001 0.5116875 0.510625 0.507125 0.5029375 0.498 0.5048125 0.507875
0.50875 0.5084375 0.5082499 0.508 0.508 0.5081875 0.5082499 0.5081874 0.508 0.508 0.5080624 0.5083125 0.508625 0.5089999 0.5089999 0.5089999 0.5088124 0.5080624 0.508 0.5080624 0.5084374 0.5090624 0.5098126 0.5100001 0.5100001 0.5103126 0.510875 0.511 0.511 0.5113125 0.5119376 0.512 0.512 0.512125 0.512625 0.512625 0.512 0.513 0.513 0.51325 0.51325 0.5135 0.51375 0.514 0.5133125 0.512625 0.5110626 0.508375 0.508625 0.508 0.505625 0.5049376 0.502 0.50375 0.5079374 0.5060624 0.5099376 0.5124375 0.5125625 0.511 0.5083125 0.5065625 0.5063125 0.5070624 0.5096876
0.508 0.508 0.508 0.508 0.508 0.508 0.508 0.508 0.508 0.508 0.508 0.508 0.508 0.5085 0.5089999 0.5089999 0.5089374 0.508875 0.5086874 0.5089999 0.5091249 0.5098126 0.5100001 0.5100001 0.5105 0.511 0.511 0.511 0.5115625 0.512 0.512 0.5120625 0.5126875 0.513 0.513 0.513 0.512875 0.5125625 0.513375 0.5138749 0.514 0.514 0.514 0.514 0.5139375 0.5133125 0.511375 0.5096875 0.5108125 0.508875 0.5075625 0.5071875 0.502 0.5000625 0.50675 0.51225 0.51325 0.5138125 0.5121251 0.5097499 0.5064375 0.5046875 0.5080625 0.5105625 0.5116251
0.508 0.508 0.5078124 0.507875 0.508 0.508 0.508 0.508 0.508 0.508 0.508 0.508 0.508 0.5082499 0.5089999 0.5089999 0.5089999 0.5089999 0.5089999 0.5091249 0.5100001 0.5100001 0.5103751 0.510875 0.511 0.511 0.511125 0.51175 0.512 0.512 0.5121875 0.5129375 0.513 0.513 0.513 0.513 0.512875 0.5124376 0.5134375 0.514 0.514 0.514 0.514 0.5144374 0.514625 0.5144374 0.5139375 0.5134375 0.512625 0.5115 0.5115 0.511 0.5079375 0.5018125 0.507 0.513375 0.514625 0.514625 0.5129375 0.509625 0.507125 0.5106251 0.5109376 0.5115 0.5122501
0.508 0.5078124 0.507 0.507 0.5074375 0.507625 0.50775 0.50775 0.507875 0.5079374 0.508 0.508 0.508 0.5081249 0.5089999 0.5089999 0.5089999 0.5089999 0.5090624 0.5096251 0.5100001 0.5105 0.511 0.511 0.5113125 0.5118126 0.512 0.512 0.512 0.5120625 0.512875 0.513 0.513 0.513 0.5131875 0.5135 0.5135625 0.51325 0.5131875 0.514 0.514 0.514 0.514125 0.5146874 0.5149999 0.5144374 0.5149999 0.5149374 0.5148124 0.5141875 0.5135625 0.5131875 0.5104375 0.5048125 0.5094375 0.5119375 0.5152499 0.5145624 0.5139375 0.512125 0.5108126 0.5134374 0.5138125 0.513375 0.5131875
0.5075625 0.5071875 0.507 0.507 0.507 0.507 0.507 0.507 0.507 0.5075 0.508 0.508 0.508 0.508 0.508625 0.5089999 0.5089999 0.509375 0.5099376 0.5100001 0.510125 0.511 0.511 0.51125 0.512 0.512 0.512 0.512125 0.51175 0.5112501 0.5124376 0.513 0.5130625 0.513625 0.514 0.514 0.514 0.5139375 0.5135625 0.514 0.5145 0.5147499 0.5148124 0.5149999 0.5149999 0.514375 0.5145624 0.5158124 0.5156874 0.5148124 0.5147499 0.513125 0.5106251 0.511 0.5146874 0.512625 0.5149999 0.5153749 0.5154374 0.5144999 0.5148124 0.5151874 0.5149999 0.5148749 0.5141875
0.507 0.507 0.507 0.507 0.507 0.507 0.507 0.507 0.507 0.507 0.5078124 0.508 0.508 0.508 0.508875 0.5089999 0.5089999 0.5097501 0.5100001 0.5100626 0.5108125 0.511 0.5115 0.512 0.512 0.5121875 0.5128125 0.513 0.5124375 0.511375 0.5124375 0.51325 0.5139375 0.514 0.514 0.514 0.514 0.514 0.51425 0.5147499 0.5149999 0.5149999 0.5149999 0.5149999 0.5149999 0.5149999 0.5147499 0.5159374 0.5159999 0.5160624 0.5163125 0.5155625 0.5154999 0.5160626 0.5165 0.5164375 0.5166876 0.5166875 0.5159999 0.5159999 0.5159999 0.5157499 0.5149999 0.5149999 0.5148124
0.506125 0.5061876 0.5068125 0.507 0.507 0.507 0.507 0.507 0.507 0.507 0.5076874 0.508 0.508 0.508 0.5089374 0.5089999 0.5089999 0.5099376 0.5100001 0.510625 0.511 0.51125 0.512 0.512 0.5122501 0.513 0.513 0.513 0.513 0.51275 0.5135625 0.514 0.514 0.514 0.514 0.514125 0.5149374 0.5149999 0.5149999 0.5149999 0.5149999 0.5149999 0.5149999 0.5149999 0.5149999 0.5149999 0.5153749 0.5159999 0.5152499 0.5151874 0.5160624 0.515375 0.515875 0.516125 0.5145 0.5150625 0.5160624 0.51525 0.5154999 0.5158749 0.5159374 0.5154999 0.514375 0.5145 0.5149999
0.505875 0.5049376 0.5065 0.507 0.507 0.507 0.507 0.507 0.507 0.507 0.5074375 0.508 0.508 0.508 0.5084375 0.5089999 0.50925 0.5100001 0.5100001 0.510875 0.511 0.5116875 0.512 0.5120625 0.5129375 0.513 0.513 0.513 0.51325 0.513625 0.514 0.514 0.5138125 0.513875 0.514 0.5147499 0.5149999 0.5149999 0.5149999 0.5150624 0.5153124 0.5154999 0.5156874 0.5157499 0.5156874 0.5153749 0.5158124 0.5158124 0.5149999 0.5131875 0.5135625 0.510875 0.5135 0.513625 0.5150625 0.5125 0.5108125 0.511875 0.5115 0.5120625 0.5151249 0.5146874 0.5131875 0.5125 0.5139375
0.506 0.5053126 0.5065625 0.506875 0.5068125 0.506875 0.507 0.507 0.507 0.507 0.507125 0.5079374 0.508 0.508 0.5080624 0.5089999 0.5096251 0.5100001 0.5101875 0.511 0.511 0.51175 0.512 0.5122501 0.513 0.513 0.513125 0.5139375 0.514 0.514 0.514 0.514 0.5133125 0.5134375 0.5141875 0.5149999 0.5150624 0.5154999 0.5153749 0.5159374 0.5159999 0.5159999 0.5159999 0.5159999 0.5159999 0.5159999 0.5159999 0.5146874 0.5138125 0.5113751 0.510875 0.51125 0.5111875 0.50875 0.5119376 0.5139999 0.5105 0.5095 0.5055 0.50775 0.5134375 0.5124375 0.5085 0.5055625 0.511125
0.506125 0.506 0.5065 0.50525 0.5045625 0.5056875 0.50675 0.507 0.5069375 0.5063125 0.506875 0.5074375 0.508 0.507375 0.5084374 0.5089999 0.5097501 0.5100001 0.5103126 0.511 0.511 0.5114375 0.512 0.5121875 0.513 0.513 0.5135 0.514 0.514 0.514 0.514 0.514 0.514 0.5143124 0.5146874 0.5151874 0.5158749 0.5159999 0.5159999 0.5159999 0.5159999 0.5159999 0.5159999 0.5159999 0.5159999 0.5159999 0.5163125 0.5159999 0.51425 0.511375 0.5095 0.5086249 0.5083749 0.503875 0.510625 0.511125 0.5104375 0.509125 0.500375 0.4994375 0.50825 0.5033751 0.49975 0.4991875 0.509125
