Code_and_data/Tas_Plant_GDM_Files/ASCII grids/isothermality_2100_1km.asc
ncols         470
nrows         479
xllcorner     143.8
yllcorner     -43.7425
cellsize      0.01
NODATA_value  -9999
[rows 290 to 318 of 479, columns 195 to 259 of 470]
0.5041538 0.5068 0.5075333 0.4973125 0.47875 0.47075 0.492875 0.5040625 0.5085 0.5094376 0.507625 0.50625 0.505125 0.4957501 0.49025 0.4900625 0.4878125 0.4851874 0.4755625 0.45675 0.4453125 0.4405 0.4235625 0.4429375 0.4454375 0.42425 0.425375 0.4288125 0.4400625 0.4444375 0.4458125 0.41525 0.432375 0.459625 0.4725 0.4850625 0.489125 0.4636875 0.42775 0.431375 0.45375 0.472375 0.4869375 0.4850625 0.4669999 0.4645556 0.4656875 0.4713636 0.4561875 0.4535333 0.4604 0.4512728 0.4424375 0.4482143 0.4502857 0.454625 0.4615999 0.466125 0.4602 0.45075 0.4526875 0.4562857 0.4612142 0.4614375 0.4635
0.5090625 0.5096923 0.50625 0.489375 0.4819375 0.4743125 0.4786249 0.4884375 0.501375 0.507125 0.509625 0.5080625 0.5060625 0.500125 0.49175 0.4820625 0.4738125 0.46375 0.456375 0.447875 0.463 0.4446875 0.4329375 0.4495625 0.4203125 0.4375 0.431375 0.3936875 0.396875 0.42175 0.435875 0.4404375 0.4526875 0.469625 0.4806875 0.491625 0.4736875 0.4349375 0.4223125 0.4299375 0.4467334 0.4588461 0.4679999 0.4704375 0.460125 0.458375 0.4555 0.469923 0.4556428 0.4565834 0.4611667 0.4539231 0.448125 0.4515625 0.4537333 0.4576876 0.4599375 0.465875 0.4694615 0.4698462 0.4636667 0.457125 0.4641876 0.4643334 0.4628667
0.5058125 0.5074999 0.502375 0.4893125 0.475125 0.479125 0.4738125 0.4804375 0.493625 0.4950625 0.5045 0.5101875 0.50975 0.50775 0.4956875 0.4875 0.480625 0.479875 0.4806875 0.47625 0.4645 0.4335625 0.4431875 0.4649375 0.4433125 0.4468126 0.45475 0.429875 0.3980625 0.4338 0.4476875 0.453625 0.4603125 0.47225 0.487625 0.4834375 0.451375 0.4238125 0.4305625 0.4407333 0.4486923 0.4521333 0.4513125 0.4516875 0.4552727 0.4566666 0.4572857 0.458625 0.4608666 0.4622307 0.4598125 0.4482667 0.4486923 0.4537143 0.4563749 0.4595 0.4615625 0.463375 0.4692 0.4699285 0.4714001 0.466875 0.4663125 0.4655 0.4615
0.496125 0.5040001 0.5051249 0.499375 0.493875 0.4813125 0.48625 0.4746875 0.4784375 0.4810625 0.492375 0.50575 0.507875 0.5101875 0.5074375 0.5 0.494625 0.4851875 0.4746875 0.4668125 0.467625 0.459625 0.4561875 0.4733125 0.476875 0.4785624 0.4748125 0.4619375 0.4470625 0.423625 0.45325 0.464 0.4699375 0.4770625 0.483875 0.470875 0.4143125 0.421375 0.430625 0.441875 0.449 0.4461875 0.4530714 0.453 0.4391666 0.4304 0.44075 0.4551875 0.4591818 0.461 0.4564375 0.4560769 0.45075 0.454 0.456375 0.4605384 0.4648125 0.46725 0.4675 0.4716875 0.4691875 0.4696429 0.4680625 0.4685 0.4640625
0.4731875 0.486375 0.494375 0.5010625 0.482625 0.465 0.472375 0.475875 0.467375 0.4680625 0.4748125 0.492375 0.5066875 0.5093125 0.510125 0.5051875 0.4970625 0.4900625 0.48725 0.48675 0.487625 0.4891875 0.487875 0.4939375 0.49525 0.4913125 0.4910625 0.483125 0.475375 0.4641875 0.4565625 0.4555625 0.457375 0.4563125 0.4705 0.48225 0.4573125 0.440375 0.4274667 0.4316875 0.43975 0.4439375 0.4478334 0.4534 0.4563749 0.4513125 0.4543846 0.4636667 0.4608 0.4491875 0.449125 0.4528125 0.4545625 0.4575 0.459 0.4617 0.4627692 0.4668126 0.468875 0.4710715 0.4686666 0.468 0.4722 0.4723 0.4698751
0.46325 0.482125 0.47275 0.4939375 0.4844375 0.4690625 0.4633749 0.4719375 0.4665624 0.4640625 0.472 0.4820625 0.4958125 0.50125 0.5053125 0.5106875 0.508625 0.5055625 0.5030625 0.502375 0.5007499 0.4983125 0.49675 0.485 0.4720625 0.4679375 0.482 0.468875 0.4483125 0.4525 0.42075 0.4043125 0.4173125 0.42025 0.4295 0.4558125 0.4815 0.469875 0.4371333 0.4299375 0.4454376 0.44425 0.4501875 0.464 0.4674374 0.4679374 0.4661 0.458875 0.4528751 0.4502858 0.4531875 0.4554 0.455625 0.4577143 0.458875 0.460125 0.4633636 0.465125 0.464625 0.4716154 0.4711818 0.4706154 0.4717273 0.4748 0.4760626
0.461375 0.4740625 0.461 0.460875 0.489125 0.4925 0.4678125 0.4611875 0.464125 0.4561875 0.46675 0.475125 0.4864375 0.4945625 0.4925 0.5085 0.506 0.492 0.4640625 0.47525 0.4751875 0.4683125 0.474375 0.456625 0.452625 0.4689375 0.4813125 0.4576875 0.413875 0.409375 0.4119375 0.4451875 0.4546874 0.4483125 0.438375 0.4463125 0.4675625 0.4763125 0.4712501 0.465 0.464125 0.4706875 0.4720625 0.4714286 0.4711334 0.4656667 0.4549375 0.448875 0.4521539 0.4510714 0.4521667 0.4553333 0.4582667 0.4594001 0.4608124 0.4609999 0.4611818 0.464 0.4646667 0.4711539 0.4714616 0.4723572 0.4733333 0.473375 0.477125
0.4655 0.4615625 0.4625 0.4539375 0.4614375 0.4734375 0.4898125 0.457375 0.444625 0.448 0.4640625 0.4724375 0.4804375 0.49225 0.495625 0.5074375 0.50775 0.4939375 0.4725 0.462 0.45625 0.4448749 0.4383126 0.4486875 0.4634375 0.4648125 0.463875 0.4615 0.4323125 0.4273334 0.4159375 0.447375 0.4661875 0.4696876 0.4570625 0.4315625 0.44325 0.45275 0.463 0.45525 0.4465625 0.4471875 0.4524375 0.4641875 0.459 0.4534667 0.4444375 0.4455715 0.4490625 0.452 0.4547142 0.4558571 0.4588751 0.46175 0.4648571 0.4657143 0.460077 0.4579375 0.4635625 0.4713572 0.4685625 0.4711334 0.4748461 0.4753334 0.478125
0.49125 0.4718125 0.463 0.450875 0.4449375 0.4660625 0.4895625 0.4665625 0.43375 0.4490625 0.463875 0.47625 0.4824375 0.499 0.5018125 0.503 0.508875 0.5043125 0.4965625 0.4840626 0.4777499 0.4704375 0.4525 0.4288125 0.4349375 0.4264375 0.4119375 0.440125 0.4430667 0.4404285 0.4440625 0.422375 0.4628125 0.478 0.465375 0.4328125 0.433 0.4332857 0.4345625 0.44125 0.44425 0.4471429 0.4472857 0.4338125 0.4438462 0.4466667 0.4454375 0.4488571 0.4494615 0.4509375 0.458077 0.4589375 0.4619231 0.465 0.46875 0.4663125 0.4591875 0.463125 0.467 0.468 0.4674286 0.469 0.47425 0.4750625 0.4780626
0.491 0.4810625 0.4589375 0.444125 0.43875 0.4601875 0.482125 0.4657499 0.4441875 0.459875 0.4696 0.468375 0.4846875 0.4958125 0.4838125 0.4905625 0.5029376 0.50725 0.5086874 0.5043125 0.5003125 0.4948125 0.4781875 0.463375 0.4463125 0.4590625 0.4439375 0.4398126 0.439875 0.4441875 0.4576875 0.4542499 0.460125 0.478375 0.4771875 0.4516875 0.4351875 0.4353125 0.4376667 0.4384286 0.441125 0.4438333 0.4405333 0.435875 0.4348667 0.4476154 0.453875 0.4550667 0.4563846 0.4540667 0.4617857 0.4681 0.467 0.4694 0.47125 0.4685455 0.465375 0.4663077 0.4668334 0.4615625 0.4697692 0.4728571 0.4736 0.4749375 0.47425
0.4686875 0.48 0.467125 0.4565 0.44675 0.4463125 0.464125 0.4681875 0.4510625 0.4635625 0.4732143 0.4781875 0.483 0.4756875 0.4619375 0.4716251 0.4875 0.4975 0.5001251 0.5041251 0.5058125 0.50675 0.5009999 0.4941876 0.4889375 0.487375 0.4874375 0.483 0.4763125 0.4594375 0.4544375 0.47 0.451 0.4734375 0.4836251 0.4721875 0.4525625 0.437 0.4399167 0.4406666 0.4428 0.4449286 0.4466666 0.441 0.4399333 0.443125 0.4473125 0.4561818 0.4593333 0.4580769 0.4589286 0.4648461 0.458375 0.4656 0.471 0.47375 0.471875 0.469 0.4638125 0.460625 0.468375 0.4747143 0.4713125 0.4774375 0.4721875
0.4535625 0.4644375 0.47125 0.4636874 0.431125 0.4295625 0.4530666 0.45025 0.45225 0.464125 0.4720625 0.4753749 0.46675 0.45275 0.46075 0.4750625 0.4858125 0.4910625 0.4755625 0.4839375 0.4869375 0.496875 0.5046875 0.50725 0.50475 0.4951875 0.4725 0.4484375 0.4474375 0.4318125 0.455375 0.475 0.4695625 0.478625 0.4858125 0.4725625 0.4385334 0.4380769 0.44275 0.4419286 0.4440909 0.4453077 0.4463077 0.4419375 0.4460625 0.4492001 0.4495625 0.4558125 0.4606154 0.4593333 0.4536875 0.45875 0.460375 0.459 0.4716875 0.47425 0.4762501 0.4738125 0.464875 0.458125 0.465875 0.4724375 0.4754375 0.480375 0.4796875
0.418875 0.4248125 0.44675 0.4593125 0.4425 0.4171875 0.4300625 0.427375 0.454125 0.4613846 0.4633333 0.46325 0.446375 0.4499375 0.4754375 0.481 0.468625 0.4673124 0.4481875 0.4415 0.4404375 0.4721875 0.4855 0.5013125 0.5063125 0.4931251 0.45875 0.4335 0.4476666 0.44 0.4278125 0.459875 0.475625 0.48425 0.4873125 0.469625 0.4401538 0.4374286 0.440375 0.444625 0.4492 0.4465 0.4481538 0.4422666 0.4462667 0.451375 0.4568182 0.4565 0.4535 0.4603636 0.4583125 0.45825 0.4656154 0.4614001 0.471 0.4743333 0.4761875 0.4772308 0.4714375 0.4719999 0.4715 0.4734375 0.4729166 0.4786875 0.4838751
0.4491875 0.430625 0.4360625 0.43775 0.43125 0.431 0.4589375 0.451375 0.4558125 0.4385625 0.4496875 0.46425 0.4620625 0.451375 0.4560625 0.453625 0.433 0.4224667 0.43925 0.4488125 0.434125 0.4594375 0.472375 0.498625 0.5031875 0.4970625 0.4676875 0.4534375 0.4662667 0.4668667 0.4600625 0.46025 0.465875 0.48225 0.4876875 0.4733125 0.4480667 0.439875 0.44025 0.4491875 0.448 0.4523333 0.4523334 0.446125 0.4493637 0.4542 0.4504 0.4536875 0.4496154 0.4547143 0.4615625 0.4623571 0.4634615 0.4663334 0.4735 0.475 0.4754615 0.4779231 0.4798333 0.4786875 0.474125 0.4756875 0.4766154 0.480375 0.483875
0.477375 0.469125 0.457 0.4554375 0.4481875 0.429 0.4638125 0.481 0.469 0.454875 0.4597499 0.4720625 0.47075 0.4483125 0.447625 0.4535 0.45975 0.44925 0.4508125 0.467875 0.4719375 0.4741875 0.487125 0.50025 0.4918125 0.478125 0.4754375 0.473125 0.4721875 0.4752499 0.477125 0.476875 0.476625 0.4855625 0.4896875 0.4815625 0.453875 0.445077 0.4559334 0.4568667 0.453 0.4598 0.444 0.4481334 0.4510001 0.4521538 0.4485 0.4574167 0.4540714 0.4531429 0.4618667 0.4670625 0.469 0.4719167 0.474 0.4757143 0.4762308 0.4783846 0.48 0.4809375 0.476 0.4783125 0.482125 0.4833751 0.485125
0.502625 0.4981875 0.4879375 0.4806875 0.4530625 0.4438125 0.4778751 0.4895625 0.4904375 0.4905625 0.48825 0.4903125 0.4808125 0.4670625 0.4653125 0.474875 0.472 0.4718125 0.4569375 0.468125 0.460375 0.4604375 0.4881875 0.499875 0.4922501 0.4624375 0.4315625 0.44675 0.4676875 0.47 0.477125 0.4771875 0.482625 0.48875 0.4910001 0.4895 0.4816251 0.4759333 0.4760834 0.4510625 0.4554374 0.4671249 0.4514286 0.4516875 0.45325 0.4534167 0.46025 0.4601334 0.4559166 0.45975 0.4625714 0.4652 0.4685384 0.4715385 0.4704666 0.4746428 0.4775 0.4791875 0.4813333 0.4825625 0.4826249 0.4838126 0.48675 0.4871249 0.4879999
0.506125 0.5084375 0.505125 0.4951875 0.4808125 0.484 0.4996251 0.50025 0.5018125 0.497625 0.4966249 0.49725 0.4979375 0.4900625 0.48625 0.4775625 0.472 0.4763125 0.480125 0.482625 0.487 0.4879375 0.490875 0.4873125 0.4865 0.4811875 0.464 0.447125 0.461875 0.4720625 0.4739375 0.4764375 0.4816875 0.486 0.4893125 0.4916 0.4916 0.4893333 0.4871 0.479125 0.4804375 0.4689375 0.4600624 0.4505833 0.4496154 0.4485999 0.4558125 0.467625 0.4621333 0.4599334 0.4630714 0.4663333 0.4690666 0.4689375 0.4703125 0.4751875 0.476125 0.4784376 0.4801875 0.48125 0.481 0.4829375 0.4850626 0.48875 0.4906875
0.4871875 0.5035 0.506 0.5025625 0.503 0.50025 0.4938124 0.4686249 0.4751875 0.49025 0.46875 0.4734375 0.4849375 0.463375 0.473125 0.4485625 0.460625 0.474875 0.4605625 0.476625 0.47725 0.469125 0.478625 0.47025 0.4659375 0.48 0.467 0.43025 0.448 0.4610625 0.4428125 0.4479375 0.4588125 0.4508125 0.4670625 0.4751538 0.4823333 0.492 0.493 0.4927143 0.4837143 0.47675 0.4520625 0.4493333 0.4503334 0.454 0.4598667 0.4704286 0.460875 0.458125 0.46525 0.4686249 0.47 0.4696667 0.4704167 0.4712667 0.4719375 0.4762499 0.4791875 0.48125 0.48275 0.4848751 0.486625 0.4888124 0.490625
0.4833125 0.488625 0.5028125 0.484125 0.4725 0.4648125 0.4533125 0.4380625 0.4519375 0.4705625 0.4566874 0.45125 0.4577499 0.43575 0.4489375 0.4469375 0.44475 0.4610626 0.451375 0.45775 0.462875 0.4620625 0.4711875 0.4455625 0.4568125 0.4735 0.461125 0.443625 0.460375 0.46875 0.464125 0.466375 0.455125 0.4278125 0.421625 0.4296429 0.4525625 0.4726875 0.4858334 -9999 -9999 0.4893077 0.4603571 0.4498667 0.4521875 0.4589375 0.4672667 0.4732 0.466625 0.4665625 0.471375 0.4713847 0.4701999 0.47 0.4718001 0.4716875 0.472875 0.4758124 0.4786876 0.4809999 0.483125 0.485625 0.4878749 0.4891874 0.489
0.497 0.4866875 0.4928125 0.4974375 0.4835625 0.460625 0.449375 0.454875 0.435875 0.443 0.453125 0.4346875 0.4429375 0.45825 0.4695625 0.4721875 0.4526875 0.451 0.4406875 0.44575 0.4705625 0.4778125 0.4635625 0.439375 0.440125 0.4488125 0.4459375 0.457 0.46875 0.4723125 0.4740666 0.4756874 0.47 0.463 0.453 0.43575 0.425625 0.444875 0.4744667 0.487 -9999 0.494 0.4809999 0.4531875 0.449125 0.45625 0.461875 0.4676 0.47425 0.4746875 0.4751874 0.4727333 0.468125 0.4688749 0.4710625 0.47325 0.4746875 0.476875 0.4789334 0.47925 0.4785 0.484 0.488875 0.4908126 0.4910625
0.5013125 0.4875625 0.47975 0.4920625 0.486625 0.4640625 0.470625 0.4691875 0.448375 0.445625 0.4733125 0.465 0.447375 0.4571875 0.4676875 0.4796875 0.477 0.4643125 0.4611875 0.4461875 0.465875 0.48825 0.4706874 0.4494375 0.4216875 0.4401875 0.46225 0.4716875 0.4775 0.4805625 0.470875 0.4694375 0.474125 0.4784375 0.4769375 0.4746875 0.464 0.4534376 0.4495 0.4796923 0.4926666 -9999 -9999 0.4822 0.46725 0.4553125 0.4606 0.4676875 0.4753636 0.476 0.4755625 0.473375 0.4705625 0.4699375 0.4719376 0.473625 0.4749375 0.4762499 0.4764999 0.473125 0.4691874 0.4779375 0.486 0.4895 0.4924375
0.4918125 0.48675 0.477 0.4814375 0.4845 0.48325 0.482125 0.4734375 0.4590625 0.4515001 0.4699375 0.4798125 0.4474375 0.4529375 0.47425 0.469625 0.4885 0.4806875 0.476375 0.45475 0.448125 0.479625 0.494125 0.473875 0.4349375 0.4315 0.4613125 0.482125 0.493125 0.4794375 0.455125 0.4575 0.4669375 0.4745625 0.479375 0.48175 0.4823125 0.4780625 0.471125 0.469375 0.4811333 0.494 -9999 -9999 0.4876364 0.463125 0.461625 0.4676875 0.47475 0.4768333 0.473125 0.4685 0.4673125 0.469 0.4725 0.4745625 0.4748749 0.4740625 0.4756666 0.47475 0.4695625 0.4715625 0.4840625 0.487625 0.48675
0.490125 0.4908126 0.4858125 0.4773749 0.4733125 0.4708125 0.4890625 0.483375 0.4676875 0.45875 0.4640625 0.483375 0.469 0.4533125 0.48125 0.48825 0.48425 0.4751875 0.486125 0.466375 0.447 0.4645625 0.49825 0.494875 0.4648125 0.460625 0.485625 0.49425 0.4829375 0.462375 0.45875 0.4526875 0.458375 0.46325 0.466875 0.4721875 0.475625 0.481 0.484 0.479875 0.47925 0.4878462 0.495 -9999 0.494 0.4759375 0.4715 0.4701875 0.4749376 0.47825 0.4728125 0.4659375 0.4645625 0.467125 0.4695625 0.4708125 0.4751818 0.4713125 0.4744375 0.4755625 0.4698125 0.4740625 0.4819375 0.483625 0.483375
0.49175 0.481625 0.46775 0.4763125 0.489875 0.4870625 0.493625 0.4929375 0.480875 0.474 0.4745625 0.4794375 0.4898125 0.46875 0.4786875 0.494125 0.482375 0.4724375 0.488875 0.48025 0.461625 0.45725 0.4891875 0.502125 0.4818125 0.4856875 0.4980625 0.4836875 0.4556875 0.4513125 0.461625 0.46625 0.459 0.43525 0.436625 0.4534375 0.4606 0.466625 0.4776875 0.4856875 0.48275 0.4750625 0.490875 -9999 0.496 0.4879375 0.488375 0.483375 0.4849375 0.485375 0.481 0.471625 0.464 0.4611875 0.468125 0.4699375 0.477375 0.479875 0.4790625 0.4788125 0.47525 0.48175 0.483625 0.4779375 0.4795001
0.4905 0.4805624 0.4780625 0.48425 0.495125 0.491625 0.4934375 0.4991875 0.4896875 0.487 0.4856875 0.49025 0.4946876 0.4815 0.4765 0.500625 0.4924375 0.4684375 0.4814375 0.490125 0.4775625 0.476125 0.48675 0.5048125 0.495 0.5008125 0.485 0.437875 0.4569375 0.4565625 0.4554375 0.4624667 0.4648125 0.42775 0.4420625 0.4609286 0.4689231 0.4729375 0.473875 0.4784375 0.4883125 0.48425 0.491 -9999 0.4917 0.494 0.49475 0.4925 0.4926875 0.4923125 0.4898751 0.4824375 0.47325 0.469125 0.475 0.478625 0.4874375 0.4893125 0.487 0.4825 0.4873125 0.4895625 0.489625 0.4845 0.4770625
0.4973125 0.4918751 0.4829375 0.488875 0.4938125 0.49775 0.494 0.499625 0.5008125 0.495125 0.5001875 0.4975 0.50225 0.4896875 0.4860625 0.5029375 0.4969375 0.4901875 0.49625 0.485625 0.484875 0.4955626 0.5011874 0.5079375 0.5045 0.4923125 0.462875 0.426 0.4403125 0.452875 0.4613751 0.4590625 0.4704375 0.4355625 0.4463125 0.463875 0.4644375 0.4684375 0.47575 0.482625 0.489875 0.49275 -9999 -9999 0.495 0.49625 0.4965455 0.4954999 0.4951249 0.4952499 0.4938125 0.492875 0.488375 0.48925 0.491125 0.490875 0.4928125 0.494 0.49325 0.48825 0.49075 0.4908125 0.4918126 0.4896875 0.4848125
0.4886875 0.4793125 0.4830626 0.4944375 0.4974375 0.499875 0.49975 0.49825 0.50125 0.5036876 0.5053126 0.5056875 0.506 0.50175 0.497125 0.506625 0.503875 0.4984375 0.4956875 0.5008125 0.502625 0.5061876 0.509125 0.501625 0.4984375 0.4735625 0.439125 0.4375625 0.44675 0.44825 0.4719375 0.466625 0.4780625 0.4508125 0.4340625 0.4334376 0.439375 0.4561875 0.460375 0.473625 0.4843125 0.4920667 0.4945 0.4954444 0.4957 0.495923 0.4969091 0.4960625 0.4966876 0.4961875 0.4956874 0.495 0.49375 0.492875 0.493125 0.4944375 0.4953749 0.4962501 0.4970001 0.4962501 0.4939375 0.4929375 0.49 0.4854375 0.4911875
0.477 0.4619375 0.455125 0.4715 0.484125 0.49375 0.497375 0.502125 0.5035 0.5035626 0.5045 0.5010625 0.501375 0.5031875 0.507875 0.507625 0.5005 0.4959375 0.503875 0.5099375 0.5107501 0.5095625 0.506375 0.4961251 0.484375 0.4650625 0.4369375 0.4480667 0.4669375 0.4805625 0.4853125 0.4889231 0.4759167 0.4646875 0.4388125 0.4216249 0.4341875 0.4375626 0.4491875 0.4661875 0.4744375 0.487875 0.493625 0.4948125 0.4940625 0.49525 0.496625 0.4970626 0.4972501 0.4965 0.4950624 0.4905625 0.487625 0.4880625 0.4874375 0.492 0.495125 0.4972501 0.4978751 0.4941875 0.491 0.488875 0.4910625 0.4915 0.4966875
0.4809375 0.4763125 0.4584375 0.4425 0.447375 0.4740625 0.4840625 0.4985 0.5005 0.5019375 0.5010625 0.49675 0.4905625 0.4995 0.507125 0.50975 0.5078125 0.507125 0.5078124 0.5110625 0.509 0.5046875 0.5066875 0.5035 0.4958125 0.4778125 0.434875 0.4295 0.455 0.471625 0.47525 0.47525 0.4831333 0.489125 0.480375 0.4515625 0.4494375 0.4549375 0.46225 0.4715625 0.4775 0.4868125 0.492375 0.494 0.490375 0.4889375 0.492375 0.4963751 0.4971875 0.4943125 0.489375 0.4864375 0.4894375 0.4895625 0.4898125 0.4921875 0.4944374 0.4970625 0.49875 0.491375 0.4930625 0.487375 0.49175 0.497875 0.5011874
