Code_and_data/Tas_Plant_GDM_Files/ASCII grids/isothermality_2010_1km.asc
ncols         470
nrows         479
xllcorner     143.8
yllcorner     -43.7425
cellsize      0.01
NODATA_value  -9999
[rows 319 to 347 of 479, columns 260 to 324 of 470]
0.50675 0.5083124 0.5089999 0.508875 0.5094376 0.5108125 0.5125 0.5129375 0.5125 0.511 0.5093125 0.50025 0.4983847 0.4996 0.4995625 0.4894375 0.4888125 0.4905 0.4835625 0.4877857 0.491 -9999 -9999 -9999 -9999 -9999 -9999 0.4889333 0.48625 0.48675 0.4888749 0.49375 0.4945625 0.497375 0.5105 0.5095 0.4940625 0.498 0.4919375 0.4883125 0.4881875 0.4911875 0.4896875 0.496375 0.49875 0.503625 0.50525 0.5049375 0.5050625 0.499875 0.4949375 0.4929375 0.5001875 0.4956875 0.492125 0.4925625 0.491875 0.4935 0.4904375 0.487125 0.4828125 0.4803125 0.4814375 0.4769999 0.4774375
0.506 0.5085624 0.5097501 0.5104375 0.5106875 0.511 0.51325 0.5123125 0.510875 0.5116251 0.5094375 0.50125 0.497875 0.4996875 0.5 0.4965625 0.499625 0.499 0.491125 0.4808125 0.484 0.4870909 0.486625 0.4905 -9999 -9999 0.4896 0.487875 0.4858125 0.489625 0.49075 0.4920625 0.4975625 0.4969375 0.5063125 0.513625 0.51425 0.5083125 0.4969375 0.4969375 0.496875 0.4955625 0.49025 0.492 0.50125 0.5038125 0.507125 0.5084375 0.508 0.5029375 0.5015 0.501125 0.49725 0.4891875 0.4871875 0.4905 0.4904374 0.490875 0.4892499 0.4865 0.4845625 0.4829375 0.4843126 0.4821875 0.4778125
0.5066875 0.5084375 0.5101251 0.5106875 0.512125 0.512875 0.5129375 0.510375 0.508625 0.5094375 0.50625 0.5015625 0.5003125 0.5008999 0.5011429 0.503 0.50125 0.5021876 0.4976875 0.488625 0.484125 0.482 0.4856154 -9999 -9999 -9999 0.4886667 0.4865625 0.4866875 0.4878125 0.4930625 0.4941874 0.4974375 0.5 0.5017499 0.5033749 0.502 0.513625 0.5045624 0.5055 0.50375 0.4993125 0.4938751 0.490375 0.4971875 0.502875 0.5071875 0.50875 0.5093125 0.5043125 0.5051875 0.5041875 0.4978125 0.491125 0.48375 0.4840625 0.48625 0.4879375 0.4884374 0.4863125 0.485 0.4846875 0.4878749 0.4885624 0.4891251
0.507375 0.5078124 0.5109375 0.5111875 0.51275 0.512875 0.5136875 0.5115626 0.509375 0.5089999 0.5041333 0.4976251 0.4996875 0.502 0.5011333 0.5041875 0.5025625 0.4995 0.4945625 0.4886875 0.48625 0.486 0.4896 -9999 -9999 -9999 0.4893001 0.4886874 0.4888124 0.4890625 0.492875 0.4963126 0.4959999 0.498125 0.5018125 0.5000625 0.504 0.5122499 0.5176875 0.517125 0.503125 0.5015 0.500125 0.4988125 0.4980625 0.500625 0.502125 0.5044375 0.50875 0.5073749 0.5055625 0.4988125 0.494875 0.49425 0.4859375 0.4800625 0.4805625 0.483 0.48675 0.482875 0.4771875 0.475625 0.4825625 0.487 0.4904375
0.5065 0.5086875 0.5109375 0.5135625 0.5141874 0.5105 0.5094374 0.5093 0.5086667 0.509 0.5055 0.4985625 0.4985625 0.5017142 0.502125 0.5038126 0.5005 0.4886875 0.48575 0.4860625 0.486875 0.4869375 0.489 -9999 -9999 0.489 0.4881333 0.4905625 0.4899999 0.4905625 0.494125 0.497125 0.4950624 0.4960625 0.5016249 0.502 0.504375 0.5084375 0.5106876 0.5138125 0.5148125 0.507125 0.5060625 0.5053126 0.5038125 0.5023125 0.501125 0.5024999 0.51 0.5098125 0.503375 0.499375 0.501625 0.504375 0.49875 0.49125 0.4879375 0.4885624 0.485625 0.4824375 0.481125 0.4787499 0.48125 0.482875 0.490875
0.506 0.5064375 0.5070625 0.5129375 0.5135625 0.5043126 0.5060625 0.508 0.508 0.5075 0.505125 0.494 0.4982 0.5012 0.5015385 0.502875 0.5021875 0.4891875 0.4850001 0.4886875 0.489875 0.4875625 0.4887143 -9999 -9999 0.48875 0.4886875 0.4906251 0.4910001 0.491125 0.4941875 0.4976875 0.4965001 0.498375 0.5023749 0.5039375 0.5020624 0.504625 0.5106875 0.5129375 0.5209375 0.515875 0.512 0.5098751 0.50875 0.5081249 0.5078124 0.5041875 0.509375 0.5111875 0.50775 0.5106875 0.50925 0.5088125 0.506875 0.504625 0.501875 0.491625 0.4831875 0.484125 0.48575 0.4878125 0.4875624 0.485875 0.4954375
0.5066875 0.506125 0.5081249 0.5145625 0.5145625 0.506375 0.506875 0.5078666 0.5069231 0.5064545 0.5044 0.4955625 0.4943125 0.4985625 0.499625 0.5036875 0.5043125 0.4926875 0.4868125 0.491375 0.4910625 0.491 0.48875 -9999 0.4895 0.4882 0.489375 0.4918126 0.4916876 0.48925 0.4943125 0.4979376 0.499375 0.499375 0.50075 0.5045001 0.5033125 0.50525 0.513375 0.5138125 0.5194375 0.516125 0.512 0.5104375 0.5115625 0.5111876 0.5064375 0.5029376 0.5088125 0.5143124 0.5140625 0.514625 0.5134374 0.5120625 0.5113125 0.5103125 0.5071875 0.499375 0.488375 0.486 0.4886875 0.4904375 0.4929375 0.4936875 0.498
0.5075625 0.5085 0.5080625 0.514875 0.516625 0.5079374 0.5051876 0.5063125 0.5065 0.5050667 0.5051538 0.5022143 0.495875 0.5001875 0.5028124 0.505125 0.5055625 0.501125 0.497 0.493375 0.4967501 0.4980625 0.4951875 0.4925 0.4872857 0.4858126 0.4894375 0.4918751 0.49025 0.4883125 0.496125 0.5010625 0.502125 0.5015625 0.5036875 0.5039375 0.506375 0.5055625 0.51175 0.520375 0.5206249 0.521625 0.5133125 0.5109375 0.5133125 0.5115001 0.5083749 0.5086874 0.511875 0.5123751 0.5152499 0.5159374 0.5149374 0.5136875 0.5116875 0.5106875 0.5069375 0.50125 0.494875 0.4895625 0.4873125 0.48625 0.4884375 0.4921875 0.5
0.509 0.511 0.506375 0.5131875 0.5185 0.5085625 0.5066875 0.5085 0.507923 0.5077778 -9999 0.508 0.5046923 0.4993125 0.5001875 0.5015 0.5036875 0.5072 0.5038 0.495875 0.4974375 0.50075 0.4990624 0.4945 0.4829375 0.486375 0.4923125 0.49125 0.48925 0.489125 0.50025 0.501375 0.5055 0.5041875 0.503625 0.506625 0.5083125 0.513625 0.5103125 0.518375 0.524875 0.5215001 0.5129375 0.5116875 0.512875 0.511125 0.51125 0.5082499 0.5126875 0.5146875 0.515875 0.5154374 0.5131875 0.5093125 0.5108125 0.5106875 0.5085 0.501875 0.491375 0.4940625 0.49675 0.4936875 0.4905 0.495125 0.503875
0.5060624 0.5126874 0.5114999 0.5115625 0.518375 0.5102499 0.51225 0.51125 0.5096875 0.5087 -9999 0.507 0.502 0.5019375 0.50025 0.5011249 0.5026875 0.5068461 0.504 0.4963125 0.4934375 0.4991875 0.502 0.4951875 0.487125 0.490875 0.4948125 0.4971875 0.4960625 0.49525 0.50325 0.5031875 0.5060625 0.5108125 0.507875 0.507625 0.5086874 0.5159375 0.5208125 0.52175 0.5234375 0.5225 0.5176875 0.5160625 0.515875 0.513 0.5111875 0.5085625 0.5150625 0.5158125 0.513 0.5123125 0.5125 0.5110625 0.5091249 0.5096875 0.5100626 0.5049375 0.4958125 0.492875 0.49675 0.501875 0.5029375 0.5016875 0.5048125
0.5033125 0.511 0.5181875 0.5164375 0.514625 0.508625 0.506875 0.5079375 0.5081875 0.5073749 0.507 0.5048888 0.489 0.4925 0.4995625 0.5014375 0.5057858 0.5075001 0.5057273 0.4981875 0.4954375 0.5021875 0.5011875 0.492625 0.4930625 0.496 0.4981875 0.4973751 0.5018125 0.499125 0.502875 0.506625 0.50875 0.5113125 0.5144374 0.513125 0.5066875 0.508375 0.515125 0.5215625 0.525 0.522375 0.51775 0.516 0.518125 0.5160625 0.512625 0.514125 0.51675 0.514625 0.5120625 0.5141875 0.5156875 0.5153124 0.5131249 0.512875 0.5138125 0.5095 0.5054375 0.4994375 0.498875 0.4983125 0.505875 0.509 0.50125
0.5061875 0.5081249 0.5173125 0.5171875 0.5018125 0.499625 0.5032501 0.504125 0.508 0.5065 0.5065833 0.5043637 0.486875 0.4819375 0.49425 0.4985625 0.5035 0.5068889 0.507 0.503375 0.5023571 0.5055 0.497125 0.4958125 0.4993125 0.4995 0.5011875 0.499125 0.50375 0.5041875 0.503875 0.502875 0.5045626 0.506 0.5119375 0.5179375 0.5146875 0.510625 0.51425 0.5231251 0.5245625 0.5206875 0.51675 0.5174375 0.52 0.51875 0.5178751 0.5170625 0.5164374 0.5139999 0.513 0.5134375 0.5151249 0.5168125 0.5168126 0.5161875 0.515625 0.5162501 0.5130625 0.510875 0.508875 0.5064375 0.5095625 0.5080625 0.5050001
0.5051876 0.5073125 0.5154375 0.5212499 0.509125 0.5050625 0.5045 0.504375 0.5063334 0.507 0.5059231 0.5053125 0.499125 0.482125 0.476375 0.487125 0.4965 0.504625 0.5061429 0.5064545 -9999 0.5058572 0.498375 0.4959375 0.5016875 0.50325 0.50325 0.5016249 0.5040626 0.507875 0.5081875 0.502375 0.5027499 0.5074375 0.510375 0.5156875 0.5231875 0.5175625 0.512875 0.52475 0.5216875 0.519375 0.5176875 0.5179375 0.5203125 0.5165625 0.5168125 0.51425 0.514375 0.5114376 0.5136875 0.5154374 0.5160624 0.516875 0.5171251 0.5165624 0.5171875 0.5179376 0.5178126 0.5170001 0.51125 0.50825 0.51275 0.510375 0.5041875
0.5041251 0.505875 0.5080625 0.5158125 0.5231875 0.5124375 0.506125 0.50425 0.5044615 0.506 0.504 0.5028126 0.5085626 0.501875 0.492625 0.494625 0.49375 0.5005 0.5048751 0.5087273 0.5065 0.5048889 0.4991875 0.4991875 0.501875 0.5051876 0.506 0.5035626 0.5036251 0.50675 0.5096875 0.5031875 0.4996875 0.507 0.5101876 0.5119375 0.5225625 0.5236875 0.517875 0.5226875 0.5238751 0.519875 0.5204375 0.5215625 0.52 0.5164375 0.511 0.5103125 0.512125 0.5080625 0.5100625 0.512 0.514 0.5158749 0.5154999 0.5149999 0.5165 0.5175626 0.5184376 0.5178125 0.507625 0.5058125 0.511625 0.5151875 0.507875
0.5035 0.5071875 0.5103126 0.515875 0.52375 0.5173125 0.5078124 0.504375 0.5011875 0.5000625 0.5008125 0.4980626 0.5029375 0.510375 0.5076249 0.50925 0.5018125 0.502875 0.5056875 0.5086875 0.5066875 0.5073333 0.500375 0.50275 0.50475 0.5057501 0.5058125 0.5033125 0.5046251 0.508 0.5106875 0.5069375 0.5030625 0.5065001 0.5150625 0.5197499 0.5224375 0.523125 0.5253125 0.525625 0.52275 0.5240626 0.5233125 0.5170625 0.5145 0.5163125 0.51375 0.507375 0.50075 0.5038126 0.506125 0.5083125 0.5106875 0.5128751 0.5136875 0.5145624 0.516125 0.5164999 0.5166249 0.5171876 0.5169375 0.5099375 0.513875 0.51475 0.514375
0.5021874 0.505625 0.5079375 0.509 0.514375 0.524375 0.5150625 0.5060626 0.5043125 0.5026875 0.4975 0.4998125 0.5018125 0.508 0.5129375 0.5141249 0.5111875 0.5066875 0.506875 0.5101875 0.5091251 0.5083749 0.5029375 0.5059375 0.5068125 0.5074999 0.5055 0.5041876 0.505375 0.5093125 0.5109375 0.509625 0.5029376 0.5004375 0.5091875 0.5154375 0.5150625 0.5146875 0.5172499 0.5243125 0.5255 0.5234375 0.5181875 0.5184375 0.51275 0.5054375 0.5064999 0.508625 0.50275 0.5030625 0.5099375 0.5120625 0.5075625 0.5114999 0.5160625 0.516875 0.5148125 0.5105625 0.512125 0.511625 0.5155625 0.516125 0.517875 0.51575 0.5123125
0.5015624 0.5043125 0.5069375 0.5086875 0.5090001 0.516875 0.5220714 0.50725 0.49925 0.496375 0.4938751 0.4973125 0.5031875 0.507125 0.51 0.514 0.5140625 0.5085 0.506875 0.5108749 0.5109375 0.510125 0.5046875 0.507125 0.5104375 0.509375 0.5046251 0.5058125 0.5059375 0.5089375 0.510125 0.5073125 0.5000625 0.502125 0.506875 0.5086875 0.5141875 0.5195 0.52225 0.5253125 0.5218125 0.5218125 0.5140625 0.5080625 0.5054375 0.4993125 0.4938125 0.4980625 0.5046875 0.5075 0.5125625 0.515375 0.514625 0.51325 0.516875 0.519125 0.517875 0.5106875 0.50725 0.5118125 0.51775 0.5206875 0.5198125 0.51675 0.5188125
0.5084375 0.509375 0.5061875 0.506375 0.5100625 0.515375 0.5240625 0.5241874 0.5145625 0.5084375 0.496625 0.495875 0.5016875 0.5064999 0.5095001 0.510875 0.5138125 0.512 0.5100626 0.5109375 0.510875 0.510625 0.506125 0.50875 0.5105 0.5066875 0.505625 0.5085625 0.50575 0.5100001 0.511 0.512 0.504125 0.508875 0.51425 0.51325 0.515875 0.52325 0.52625 0.5215 0.5173125 0.5166875 0.5169375 0.5138125 0.509 0.500375 0.4953125 0.49325 0.5025625 0.5094374 0.513 0.5147499 0.5173751 0.51875 0.5193125 0.51975 0.5201875 0.515625 0.5108125 0.5170625 0.5214374 0.521125 0.5199375 0.52 0.5195625
0.513875 0.51825 0.511375 0.5079375 0.507 0.5114375 0.5136876 0.5151249 0.526875 0.5214375 0.4995625 0.493625 0.4996876 0.503875 0.5080625 0.5104375 0.51225 0.5143124 0.513 0.51275 0.512625 0.5136875 0.5110625 0.51125 0.5070626 0.5055625 0.511375 0.514 0.5135625 0.512875 0.5148749 0.518625 0.514375 0.5197499 0.522 0.5200625 0.5195624 0.52275 0.52325 0.5179375 0.522375 0.5226251 0.51975 0.513875 0.50375 0.48925 0.490625 0.4930625 0.497875 0.5028124 0.508 0.5126874 0.5130625 0.5181875 0.5166875 0.5156875 0.5193125 0.5175625 0.5193125 0.5206875 0.5223125 0.5215624 0.5218124 0.5213125 0.5203125
0.504375 0.511375 0.5194375 0.5178126 0.5116875 0.5085 0.51075 0.508375 0.518625 0.52575 0.510125 0.5035 0.49675 0.4961875 0.50175 0.50875 0.512 0.51275 0.5151874 0.51125 0.51125 0.5138125 0.51675 0.512125 0.5105625 0.5115625 0.5150624 0.5184375 0.5203125 0.5204375 0.5185001 0.5236875 0.524 0.5241876 0.5230624 0.520375 0.5215 0.526375 0.525 0.524375 0.5245 0.5223124 0.520125 0.5165625 0.5085625 0.4903125 0.4844376 0.4925625 0.502125 0.508625 0.5073125 0.5104375 0.5144374 0.516875 0.513375 0.5155 0.5193125 0.5204375 0.517625 0.521125 0.5229999 0.5228124 0.5229999 0.5219375 0.5216249
0.499875 0.51025 0.5148125 0.5201875 0.5185625 0.51325 0.51275 0.5128125 0.5166875 0.526 0.5279375 0.5188125 0.5050625 0.4964375 0.50075 0.5064375 0.5118125 0.5155 0.5141875 0.5136875 0.5120624 0.51175 0.5206251 0.51525 0.5171875 0.514125 0.5145 0.518125 0.5236875 0.5226876 0.5212499 0.5256875 0.5249375 0.5239376 0.5237501 0.5235626 0.5240625 0.5246875 0.525625 0.5256875 0.521875 0.520375 0.5187501 0.5211875 0.5168125 0.5033751 0.493625 0.4881875 0.4991875 0.511875 0.5083125 0.5141875 0.5156249 0.515375 0.5123125 0.512125 0.5169375 0.5194376 0.5212499 0.5226874 0.5229999 0.5229999 0.5229999 0.52275 0.5219374
0.50925 0.5065 0.5063751 0.5136876 0.5216875 0.522875 0.5163125 0.5159375 0.5140625 0.517875 0.525 0.5316875 0.51925 0.50575 0.504625 0.5110625 0.510125 0.517625 0.5165625 0.5128125 0.51125 0.5144374 0.52025 0.5159375 0.52 0.5140625 0.5164375 0.522 0.5245 0.5213125 0.5244375 0.527125 0.5244375 0.5248126 0.525375 0.5246875 0.5258125 0.5233125 0.5216874 0.52525 0.525375 0.5234375 0.51975 0.5212499 0.5183125 0.5159375 0.508 0.4954375 0.4974375 0.5128126 0.50825 0.50875 0.51175 0.5118751 0.51425 0.517625 0.5209374 0.5224375 0.5222499 0.52325 0.5233126 0.5235626 0.5229999 0.5224999 0.5211874
0.504625 0.50725 0.5082501 0.5103125 0.51325 0.5231875 0.5195 0.522375 0.5163125 0.5186251 0.5250625 0.5335 0.5280625 0.5230001 0.51775 0.5183125 0.513875 0.5150625 0.520625 0.5157501 0.50925 0.5126875 0.523375 0.51875 0.51975 0.514625 0.51825 0.5246875 0.5236251 0.5228125 0.5268125 0.526875 0.5256875 0.525375 0.5265625 0.525375 0.5255625 0.525625 0.523125 0.51975 0.524125 0.525875 0.52275 0.5217499 0.5229375 0.51925 0.5143126 0.5121875 0.51275 0.517625 0.5170625 0.515 0.5139375 0.5104375 0.51475 0.517375 0.5205 0.522875 0.5237501 0.524 0.524 0.524 0.5229999 0.5220625 0.520125
0.5036875 0.507 0.49725 0.5000625 0.50775 0.5194375 0.524625 0.5270625 0.5231875 0.522 0.5313125 0.5346249 0.5315 0.5260625 0.52625 0.5253125 0.5228751 0.5215 0.5245 0.51925 0.51275 0.5103126 0.5184375 0.523875 0.51475 0.5156875 0.5208125 0.5256875 0.5226875 0.5244375 0.5271875 0.527375 0.5261875 0.52575 0.52675 0.5265625 0.5259376 0.52575 0.5245625 0.5229375 0.52225 0.5255001 0.5248125 0.522875 0.521375 0.516875 0.5185 0.5199375 0.5208749 0.5209374 0.5223125 0.520125 0.5164375 0.514125 0.51625 0.51925 0.519875 0.521875 0.52375 0.5238125 0.524 0.5239376 0.5229999 0.5215625 0.5193125
0.506 0.500125 0.4884375 0.492625 0.50275 0.513125 0.5171875 0.5281875 0.5275 0.52925 0.5343846 0.535 0.5307333 0.521375 0.52175 0.521875 0.5205625 0.52075 0.525125 0.5253749 0.5178125 0.5153125 0.515 0.5254375 0.52275 0.5178125 0.52425 0.52475 0.520125 0.5246251 0.526625 0.527125 0.526625 0.5265625 0.5264375 0.526 0.526 0.5256875 0.5259376 0.525125 0.5239375 0.5250626 0.5225624 0.51925 0.5160625 0.5153125 0.5205625 0.52175 0.5226874 0.52325 0.5236251 0.5231251 0.5213125 0.5203124 0.5199999 0.52075 0.5218124 0.5220625 0.5231874 0.5238125 0.5239376 0.5228124 0.5210625 0.5190625 0.518875
0.49725 0.4890625 0.4816875 0.484625 0.4989375 0.50725 0.5083125 0.5196875 0.5309375 0.533857 0.534 0.534 0.5311334 0.5218125 0.5208125 0.5215625 0.52625 0.5269375 0.526375 0.5283749 0.523375 0.52425 0.5213125 0.526125 0.525625 0.523375 0.5254375 0.526375 0.52425 0.5268125 0.527 0.527 0.52675 0.5265625 0.526 0.526 0.5259376 0.526 0.5255625 0.5247501 0.52425 0.5246875 0.5214999 0.5204374 0.5214999 0.5214375 0.5213749 0.5195625 0.5215625 0.5224375 0.5228124 0.52375 0.5229375 0.5204375 0.5234375 0.5220625 0.52225 0.52375 0.5235626 0.5236875 0.5232499 0.5213749 0.51825 0.518875 0.519125
0.4830625 0.4815 0.4830625 0.4854375 0.487125 0.4966874 0.498375 0.5115 0.528 0.532375 0.5298125 0.5270625 0.5278749 0.5229375 0.5222501 0.5199375 0.5212501 0.5299375 0.53 0.526375 0.5212499 0.5250625 0.5280624 0.5278749 0.5210625 0.52325 0.5264375 0.5275624 0.5270625 0.5270625 0.526875 0.525 0.52325 0.5251875 0.5259376 0.526 0.5256875 0.5252501 0.525 0.525 0.524375 0.5248125 0.5232499 0.52075 0.522625 0.5238125 0.523375 0.5211874 0.5220625 0.52325 0.5225624 0.523375 0.5235625 0.5221249 0.5238125 0.5231875 0.522875 0.5232499 0.5231249 0.5229999 0.5228124 0.521875 0.5197499 0.5201874 0.518375
0.4741875 0.47525 0.48525 0.4924375 0.49625 0.4994375 0.5058125 0.514375 0.5279375 0.5323125 0.528875 0.5293125 0.53225 0.5305 0.525875 0.5200626 0.519125 0.5264375 0.5306875 0.52325 0.5211875 0.522 0.5264375 0.5286249 0.5235625 0.5236875 0.5268125 0.5265625 0.5270625 0.527 0.5265 0.5230626 0.5165625 0.5215625 0.5251876 0.5251876 0.525 0.525 0.5246876 0.5245626 0.524375 0.5238751 0.5214375 0.5205625 0.5200625 0.5225625 0.5238125 0.5237501 0.5231251 0.5233124 0.5231875 0.5234374 0.5234374 0.5231249 0.5223749 0.5225 0.5222499 0.5224375 0.5227499 0.52225 0.5216874 0.5210624 0.5199375 0.5187501 0.5139375
0.45775 0.4683125 0.481125 0.490875 0.495 0.501 0.5058125 0.5088125 0.517125 0.5285 0.531875 0.5320625 0.5324667 0.5324167 0.5304667 0.5245625 0.524 0.5261875 0.53075 0.5280624 0.526375 0.5219375 0.524875 0.5284374 0.5268125 0.5255625 0.527 0.527 0.5269375 0.5263125 0.5260625 0.525375 0.5208125 0.5238125 0.525 0.525 0.524875 0.5238125 0.5230625 0.5219375 0.5224375 0.52075 0.519875 0.5218749 0.5221874 0.5224999 0.52375 0.5232499 0.5233749 0.5232499 0.5231249 0.5223125 0.521375 0.5205625 0.5208125 0.521625 0.52025 0.519 0.5213125 0.5212499 0.5206875 0.51925 0.518375 0.515375 0.5123751
