Code_and_data/Tas_Plant_GDM_Files/ASCII grids/isothermality_2010_1km.asc
ncols         470
nrows         479
xllcorner     143.8
yllcorner     -43.7425
cellsize      0.01
NODATA_value  -9999
[rows 406 to 434 of 479, columns 260 to 324 of 470]
0.4491875 0.4325 0.4465334 0.433375 0.439375 0.45225 0.4628125 0.4540625 0.452375 0.455375 0.4570625 0.4654375 0.4740625 0.4793125 0.4798125 0.4833125 0.4749999 0.44 0.4118125 0.41725 0.4342143 0.4508125 0.469625 0.483 0.498125 0.5089375 0.516 0.5191875 0.5193124 0.51025 0.5086875 0.51575 0.5176875 0.5158125 0.516 0.494875 0.4843125 0.4898126 0.4880625 0.5031875 0.5093125 0.5159999 0.5108125 0.5080625 0.5178126 0.5240626 0.521125 0.5138125 0.50375 0.4998749 0.5024375 0.5105 0.5180625 0.519875 0.522875 0.52375 0.521375 0.522625 0.5226876 0.5235626 0.5247501 0.525 0.525 0.5250626 0.525
0.4746876 0.4466875 0.4517333 0.4615 0.4633125 0.4715625 0.457375 0.4400626 0.4529333 0.4566875 0.4560625 0.4511875 0.4549375 0.46125 0.4688125 0.4916875 0.4864375 0.4668125 0.4373125 0.417125 0.41975 0.4419375 0.4605 0.479125 0.493 0.5025625 0.5095 0.5116875 0.5099375 0.5174375 0.51975 0.5183125 0.52175 0.5190625 0.5184376 0.5061876 0.506625 0.5061874 0.493875 0.504125 0.51325 0.5190625 0.5175 0.5156875 0.5203125 0.523 0.520625 0.5164999 0.5128124 0.510875 0.5094375 0.5085625 0.506 0.511125 0.5198125 0.5238125 0.5245626 0.5248126 0.5245625 0.523625 0.5198125 0.5205625 0.51975 0.5238125 0.525625
0.4930625 0.4844375 0.481125 0.4740625 0.4818124 0.4890625 0.46875 0.470125 0.48425 0.4763125 0.459875 0.4566875 0.4625625 0.468 0.4823125 0.497 0.50125 0.4906875 0.4724375 0.457 0.429375 0.4299375 0.4514375 0.469125 0.477875 0.4849375 0.486875 0.4855625 0.4811875 0.49925 0.5145 0.517875 0.519625 0.5230625 0.520625 0.515125 0.5189375 0.514375 0.5058125 0.512 0.5194375 0.5218124 0.5233126 0.5225 0.522375 0.516 0.5121875 0.510375 0.5054375 0.502375 0.5035625 0.503125 0.4958124 0.5060625 0.5175626 0.518375 0.5176875 0.52 0.5164375 0.5131875 0.505375 0.5009375 0.5091251 0.5163125 0.5245
0.4854375 0.4998125 0.498 0.4955 0.482875 0.499625 0.4978125 0.49825 0.482 0.4745625 0.463875 0.4555625 0.457375 0.479625 0.5031875 0.5074375 0.5063125 0.49875 0.495125 0.4846875 0.457875 0.43625 0.42725 0.4479375 0.4590625 0.4540625 0.4616875 0.4746249 0.4775625 0.4894376 0.5074375 0.5105625 0.51 0.516875 0.521 0.5225625 0.5231251 0.5201875 0.5180625 0.5185 0.522375 0.5239375 0.522875 0.5126874 0.5123125 0.5168126 0.51325 0.50275 0.4938751 0.492125 0.5005625 0.5013126 0.491375 0.50275 0.5048125 0.5065625 0.502625 0.5049375 0.49825 0.4967499 0.499 0.5105625 0.5136875 0.5224375 0.5253333
0.4814375 0.4783125 0.4789375 0.5005624 0.4985625 0.5044375 0.4935 0.4968125 0.4925625 0.4840625 0.461625 0.4520625 0.4624375 0.496 0.5048751 0.50925 0.51375 0.5148125 0.5091875 0.4978125 0.48225 0.4675 0.4378125 0.447125 0.4595 0.4555625 0.4631875 0.47575 0.482625 0.485625 0.495125 0.5011875 0.5105625 0.5155625 0.5203125 0.5233751 0.52375 0.5239375 0.5239375 0.5235 0.523875 0.5248126 0.521 0.5075 0.5014375 0.5099375 0.5123125 0.5041875 0.4939375 0.489875 0.4969375 0.494875 0.4875 0.4860625 0.483375 0.494 0.4939375 0.503875 0.5085625 0.5083125 0.511125 0.5147499 0.5233126 0.5257143 0.5235385
0.4576875 0.461875 0.476375 0.496625 0.502875 0.50975 0.5078125 0.4988125 0.4965 0.48075 0.454375 0.4599375 0.4723125 0.4820625 0.4885 0.494375 0.510625 0.5176876 0.5149375 0.5125 0.5038125 0.483375 0.4626875 0.462875 0.469625 0.475375 0.4771875 0.483 0.4883125 0.4905 0.4969375 0.506 0.516 0.52225 0.5243126 0.520625 0.516875 0.5200625 0.5176875 0.5144375 0.518375 0.5225624 0.5227501 0.5164375 0.5121875 0.5056251 0.5045624 0.5049375 0.4960625 0.484 0.489125 0.4900625 0.480125 0.4786251 0.478 0.487125 0.4934375 0.499875 0.5089375 0.516875 0.520875 0.5239375 0.5257692 0.5259167 0.523875
0.4666874 0.4650625 0.46775 0.4671875 0.4765625 0.5025001 0.501625 0.496875 0.482125 0.4684375 0.4738125 0.476625 0.4774375 0.468125 0.4745 0.4929375 0.50625 0.5159375 0.519375 0.518125 0.5115625 0.5011876 0.4954375 0.492 0.4801875 0.481125 0.4950625 0.4979375 0.4884375 0.49025 0.4989375 0.5091251 0.5185626 0.5230625 0.5236875 0.517 0.5060625 0.5122499 0.504625 0.5020625 0.51375 0.521125 0.5235625 0.521625 0.5183125 0.5140625 0.5049375 0.498 0.4940625 0.495 0.498375 0.49475 0.48625 0.4869375 0.4856875 0.49175 0.4975625 0.4980625 0.5094375 0.5148749 0.51575 0.5231333 0.526 0.5244167 0.5205625
0.475375 0.4941876 0.4921875 0.4798751 0.487625 0.5083125 0.5003125 0.494875 0.4800625 0.4753125 0.4868125 0.491 0.494125 0.485 0.496875 0.50925 0.5114375 0.51775 0.5201874 0.52075 0.519375 0.5183125 0.5158749 0.5124375 0.5091875 0.503625 0.50925 0.5125 0.503375 0.50375 0.510625 0.5148751 0.520625 0.5238125 0.52325 0.519 0.50375 0.4988125 0.4991875 0.506375 0.5171875 0.5221249 0.5234374 0.5199375 0.511625 0.5049375 0.5064375 0.4985 0.4865 0.496375 0.505375 0.49725 0.4985 0.4978125 0.4876875 0.496 0.5006875 0.5000001 0.5071875 0.5155 0.522875 0.5263636 0.5253847 0.5200624 0.50925
0.4674375 0.4858125 0.4986875 0.5094375 0.5066875 0.49275 0.4999375 0.5074375 0.4992499 0.5050625 0.499 0.507625 0.4926875 0.503875 0.5180625 0.51825 0.5175625 0.5194376 0.5200625 0.520125 0.5211875 0.5215 0.521875 0.5205625 0.5216874 0.5214999 0.5210625 0.522 0.5188749 0.51875 0.5215625 0.5230625 0.5240626 0.521875 0.516625 0.51125 0.503625 0.4903125 0.493625 0.5105625 0.521375 0.5228125 0.5216875 0.5201875 0.51375 0.5060625 0.5044375 0.4999375 0.4863125 0.4963125 0.50925 0.5028125 0.504625 0.4980625 0.494375 0.497375 0.5085 0.508875 0.5075 0.5166875 0.5246154 0.527 0.5261875 0.5245001 0.5195
0.47625 0.4795 0.4913125 0.5100625 0.4934375 0.4745 0.479375 0.47275 0.4896875 0.5069375 0.51375 0.5143125 0.5039375 0.515 0.51375 0.5169375 0.5101874 0.514125 0.5145625 0.5165 0.517625 0.51775 0.5181875 0.513875 0.5190625 0.5175 0.5100625 0.5093125 0.516 0.5199375 0.522875 0.524 0.5224375 0.516125 0.5068125 0.4988125 0.502375 0.503625 0.49575 0.5115 0.5213749 0.5211875 0.51775 0.519 0.51575 0.5098749 0.5055625 0.4980625 0.490625 0.499625 0.512 0.5085625 0.5058751 0.5074374 0.5055 0.503375 0.5111875 0.5179375 0.52125 0.5237334 0.5268571 0.527 0.52625 0.525125 0.5211875
0.4918125 0.502875 0.5015625 0.4953749 0.493125 0.480875 0.4896875 0.491375 0.49625 0.4964375 0.5140626 0.5124375 0.514 0.511625 0.511625 0.5054376 0.508875 0.5049375 0.5066875 0.51175 0.5105 0.5084375 0.5075 0.5054375 0.50575 0.4937499 0.4934375 0.48375 0.50125 0.515 0.5214999 0.52375 0.52125 0.5090625 0.4955 0.501125 0.507 0.5147499 0.5143751 0.51825 0.5219374 0.51625 0.51125 0.514875 0.5145624 0.50975 0.5035625 0.4965 0.5008125 0.5069375 0.5136875 0.5135625 0.5043125 0.5069375 0.5133125 0.5158125 0.5160625 0.5165625 0.521875 0.5262 0.527 0.5250834 0.5245625 0.5245626 0.519
0.50875 0.4998125 0.4805625 0.48425 0.4886875 0.4925625 0.503 0.488625 0.492875 0.5090625 0.5141876 0.5035625 0.507125 0.5071875 0.5068125 0.4821875 0.49125 0.4960625 0.49225 0.493625 0.49375 0.4818125 0.4828125 0.48875 0.4734375 0.4648125 0.4815 0.4910625 0.50475 0.5166875 0.5223125 0.5223125 0.515625 0.503 0.4793125 0.495125 0.5109375 0.5139375 0.5180625 0.52075 0.5212499 0.5133125 0.5081251 0.513 0.5116251 0.5066875 0.5016249 0.502875 0.50675 0.5124375 0.5174375 0.5170625 0.5028125 0.503125 0.5121875 0.5221875 0.523375 0.5208125 0.5237501 0.526 0.5268333 0.5230625 0.5193751 0.5213125 0.5184376
0.5055 0.5035625 0.4960625 0.504 0.5075625 0.5094375 0.5084375 0.4990625 0.5054376 0.5091875 0.5019375 0.510375 0.508 0.4966876 0.5038126 0.4804375 0.4665 0.4700625 0.46575 0.466 0.4640625 0.4588125 0.4534374 0.4590625 0.448 0.4568125 0.484 0.5001249 0.511875 0.5176875 0.52075 0.51775 0.5016875 0.4895 0.472625 0.488375 0.5064375 0.5065625 0.5143125 0.5194376 0.52025 0.5133749 0.50775 0.5104375 0.5105001 0.5070625 0.5048125 0.5056875 0.5111875 0.515375 0.51775 0.5208125 0.5140001 0.50525 0.5106875 0.520375 0.5243125 0.5258 -9999 -9999 0.5261111 0.5229375 0.515625 0.514375 0.51925
0.5015625 0.5055625 0.5046875 0.5025625 0.5061875 0.512125 0.5138125 0.5144374 0.5123125 0.501 0.4975 0.5010625 0.4945 0.4836251 0.489125 0.4949375 0.4696875 0.44825 0.4478125 0.4418124 0.4285625 0.4313125 0.4251875 0.436125 0.43825 0.4578125 0.48275 0.498875 0.5090625 0.5154999 0.5212499 0.5155 0.499875 0.48275 0.466375 0.4739375 0.4996875 0.5085 0.515 0.518625 0.5189375 0.5138124 0.508875 0.507625 0.5109375 0.5110625 0.5125 0.5121875 0.5123125 0.516625 0.5200626 0.5235 0.518625 0.5058125 0.50975 0.5186875 0.52375 0.5252667 -9999 0.526 0.5246875 0.520625 0.5126875 0.5099375 0.5145625
0.4979375 0.5039375 0.50525 0.50225 0.5023751 0.509625 0.5115001 0.5129374 0.511625 0.506375 0.5016875 0.499 0.500375 0.4880626 0.4658124 0.4750625 0.4710625 0.442625 0.4336875 0.422375 0.4004375 0.4293125 0.4402142 0.4392 0.4539286 0.47475 0.483125 0.492625 0.5058125 0.5150625 0.5209374 0.5111875 0.4976875 0.4810626 0.4568125 0.4717499 0.496375 0.5095 0.5116875 0.5145 0.517625 0.5119375 0.5066875 0.50025 0.509375 0.5124375 0.5130625 0.5138749 0.519875 0.521625 0.5228125 0.5246875 0.5234375 0.51825 0.5191875 0.5246875 0.5265 0.5259 -9999 0.526 0.5243125 0.5210625 0.511625 0.50975 0.5185624
0.4833125 0.481 0.491125 0.5020625 0.506375 0.5097499 0.5109375 0.5011875 0.5078125 0.5110625 0.508625 0.507125 0.5032501 0.498 0.4826875 0.466625 0.446375 0.447375 0.4455625 0.4448125 0.4381875 0.448875 0.46225 0.4716924 0.47825 0.4859375 0.4964375 0.5054376 0.5156875 0.5210625 0.511125 0.507 0.505 0.4824375 0.46275 0.47475 0.4949375 0.502875 0.505375 0.5117499 0.5093125 0.5085 0.4953125 0.487375 0.5045 0.5122501 0.5160625 0.517875 0.5171875 0.5173125 0.5203125 0.5234375 0.5255001 0.5239999 0.5255 0.520125 0.5231334 0.526 -9999 0.5248572 0.5229999 0.5203125 0.5138125 0.50975 0.5158125
0.4558125 0.43775 0.451625 0.480625 0.4974375 0.5075625 0.511375 0.5096875 0.5038125 0.5109375 0.51375 0.508625 0.5084375 0.497375 0.4774375 0.4715626 0.4514375 0.45775 0.4683125 0.477875 0.4734375 0.4736875 0.486375 0.4865625 0.490625 0.499 0.5049375 0.51125 0.5199375 0.5194375 0.510875 0.5044374 0.5045625 0.4874375 0.4671875 0.471375 0.4869375 0.4963125 0.5004376 0.502875 0.488875 0.4940625 0.484125 0.4775 0.49025 0.501625 0.5145 0.516375 0.510875 0.5195624 0.5223125 0.5226875 0.524125 0.51675 0.519375 0.5209374 0.5236875 -9999 0.526 0.5237142 0.516625 0.5171875 0.5099376 0.505125 0.515125
0.435 0.43775 0.469 0.474375 0.4759375 0.488875 0.503875 0.512 0.513375 0.5143124 0.5147499 0.513875 0.5085625 0.4980625 0.4910625 0.4890625 0.46625 0.4378125 0.4590625 0.4810625 0.4860625 0.4938125 0.50175 0.5040625 0.5074375 0.510375 0.5146875 0.518625 0.52075 0.5146875 0.503375 0.4976875 0.493375 0.4799376 0.4504375 0.4546875 0.4660625 0.485375 0.48925 0.494875 0.4779375 0.484 0.473 0.46725 0.47975 0.4900625 0.50775 0.5183125 0.5195 0.5150625 0.51475 0.5148125 0.5220625 0.5185625 0.5148125 0.5226875 0.5258333 0.527 0.526 0.5247143 0.525 0.5236 0.513125 0.5066875 0.5161875
0.4419375 0.43225 0.47475 0.4923125 0.493875 0.497 0.5049375 0.5051875 0.5113751 0.5128125 0.5125 0.5118125 0.5118125 0.508125 0.5013125 0.4844375 0.457 0.429375 0.438625 0.4561251 0.467875 0.48375 0.4815625 0.4903125 0.499625 0.5045 0.512375 0.5179375 0.5209375 0.517875 0.510375 0.495625 0.486 0.4654375 0.44275 0.4420625 0.457 0.4686875 0.481375 0.4909375 0.474 0.4759375 0.4661875 0.4685 0.4803125 0.4976875 0.50775 0.5111875 0.516125 0.515625 0.5097499 0.5120625 0.51625 0.5226875 0.5186875 0.5215625 0.526125 0.528 -9999 -9999 -9999 0.5262 0.5245385 0.5130625 0.515375
0.460375 0.464 0.480875 0.4880625 0.4824375 0.4914375 0.50025 0.5020625 0.5089375 0.507125 0.500375 0.498625 0.5050625 0.5016875 0.5014375 0.4856876 0.4671875 0.44075 0.42475 0.447375 0.4646875 0.4513751 0.457125 0.4736875 0.4724375 0.482375 0.5020625 0.514875 0.519 0.5186875 0.51 0.4975 0.4779375 0.4496875 0.4325 0.435125 0.4495 0.462625 0.4783125 0.4854375 0.4796875 0.4661875 0.4674375 0.47275 0.480875 0.4806251 0.4885625 0.492375 0.504625 0.509875 0.503375 0.505125 0.5151875 0.5198125 0.5141875 0.5148749 0.5246875 0.52575 0.5256667 0.527 -9999 -9999 0.5262 0.5232307 0.52
0.4815625 0.4911875 0.4838125 0.462625 0.458375 0.4575625 0.48875 0.4830625 0.4965 0.4918125 0.491875 0.49575 0.50225 0.4834375 0.49125 0.4846875 0.46225 0.4357499 0.428875 0.4496666 0.4435625 0.4390624 0.4505625 0.4630625 0.4708125 0.4815 0.5001251 0.5131875 0.5184375 0.5164375 0.503375 0.4848125 0.470625 0.4465 0.4289375 0.417923 0.4309375 0.4441875 0.460625 0.4746875 0.4683125 0.4621249 0.4724375 0.477375 0.48075 0.4698125 0.4645 0.4700625 0.49125 0.4985625 0.500375 0.4945 0.504875 0.5155625 0.51025 0.5070625 0.513125 0.5205625 0.52575 0.5260001 0.5275 -9999 -9999 -9999 0.524
0.503 0.4951875 0.4839375 0.4553125 0.4273334 0.4328667 0.4740625 0.4643125 0.46675 0.4648125 0.4823126 0.4995625 0.5056875 0.4945 0.49075 0.492375 0.47575 0.446125 0.4254375 0.44625 0.46275 0.4615625 0.4685625 0.4835625 0.494875 0.5028125 0.512 0.516875 0.5198125 0.51625 0.5056875 0.4954375 0.4850625 0.4729375 0.459125 0.4365 0.416 0.4301875 0.4430625 0.47075 0.476375 0.4701875 0.4745 0.4741875 0.477625 0.474625 0.479375 0.472375 0.468875 0.477625 0.4904375 0.4928125 0.5078125 0.5129375 0.5043125 0.484125 0.4970625 0.51925 0.52525 0.5179375 0.522375 0.5247144 0.527 -9999 -9999
0.5005 0.4945625 0.486375 0.451125 0.4273125 0.4555 0.466625 0.4644375 0.4380625 0.4412501 0.4651251 0.4815625 0.4933125 0.5010625 0.5044375 0.4991875 0.4905 0.476 0.4608125 0.4456875 0.4576667 0.4750625 0.4899375 0.49975 0.5058751 0.50775 0.5057501 0.5118124 0.5171875 0.5171875 0.5036875 0.491 0.4731875 0.446 0.425875 0.4231667 0.4166875 0.432625 0.4526875 0.4665 0.4709375 0.488375 0.4853125 0.4730625 0.4786874 0.4855 0.4935625 0.48975 0.4754375 0.471875 0.48425 0.4926875 0.5083125 0.5070626 0.5046875 0.501375 0.487375 0.50825 0.5206875 0.5221875 0.5191876 0.52 0.5205 0.522 -9999
0.4979376 0.487875 0.467 0.4530625 0.434125 0.4301333 0.4516 0.461375 0.4635625 0.4409375 0.4241875 0.4419375 0.4728125 0.4900625 0.5009375 0.5039375 0.5023125 0.497625 0.4909375 0.47575 0.469375 0.4809375 0.4925625 0.493125 0.4880626 0.484625 0.48375 0.495875 0.509875 0.5158125 0.50125 0.490375 0.4776875 0.4590625 0.43975 0.426625 0.4154375 0.41475 0.434375 0.452625 0.4635 0.4744375 0.4915 0.4888125 0.4904375 0.4943125 0.4955625 0.4967501 0.4938751 0.4896251 0.4859375 0.4944375 0.5061875 0.5055625 0.5106251 0.510375 0.5010625 0.5040625 0.5095 0.5180625 0.5131875 0.517125 0.5213125 0.5238125 0.5231429
0.5034375 0.5026875 0.4885 0.4734375 0.438125 0.4369375 0.4493125 0.474 0.4824376 0.478875 0.466 0.4745 0.4904375 0.4966875 0.5001875 0.4949375 0.4964375 0.5020625 0.50125 0.49775 0.4899375 0.481 0.4802499 0.4723125 0.4660625 0.47525 0.485625 0.49175 0.4991875 0.5038125 0.5074375 0.5029375 0.4810625 0.469375 0.4639375 0.451875 0.4450001 0.4258125 0.438375 0.4479375 0.465375 0.467375 0.4915 0.5008125 0.504 0.5004376 0.4949375 0.4968125 0.5001875 0.49825 0.4909375 0.4925 0.4998125 0.5106875 0.518625 0.5165 0.5109376 0.5054376 0.506125 0.51275 0.514 0.507875 0.50775 0.514125 0.5178125
0.5095625 0.501375 0.4965 0.4798125 0.4585 0.4415 0.428 0.4293571 0.454375 0.47625 0.4910626 0.4906875 0.482125 0.4835625 0.478375 0.4741875 0.488875 0.498625 0.49875 0.4879375 0.4811876 0.465375 0.46375 0.461375 0.4714375 0.4720625 0.4775 0.4775 0.48325 0.482625 0.4966875 0.5103125 0.4930625 0.4809375 0.47275 0.467375 0.4620625 0.4554375 0.4506875 0.462125 0.4783125 0.487875 0.4959375 0.5034375 0.508 0.5100626 0.505625 0.5006875 0.5065 0.508375 0.5024375 0.500375 0.5045625 0.5168125 0.519375 0.50975 0.5031875 0.5015 0.5035 0.516125 0.52025 0.5175625 0.5038126 0.4970625 0.504
0.510875 0.5056249 0.4893125 0.4832501 0.4735 0.443125 0.4225625 0.444 0.4553334 0.47075 0.4576875 0.4535 0.45 0.4685625 0.451375 0.458 0.4851251 0.4968125 0.4898125 0.465875 0.44675 0.4534375 0.4527272 0.4425 0.4488125 0.455625 0.4685625 0.477875 0.4770625 0.4803125 0.4998125 0.5105 0.50125 0.4814375 0.475875 0.4697499 0.4683125 0.4691875 0.4586875 0.4513125 0.45775 0.470625 0.4903125 0.50025 0.5044376 0.5035 0.51075 0.5165625 0.5155625 0.500125 0.498625 0.5085625 0.512625 0.5204375 0.5193124 0.516125 0.5068125 0.4958125 0.49675 0.512 0.5230625 0.5144375 0.5086875 0.50225 0.5098125
0.5031875 0.5108125 0.507375 0.5 0.4813749 0.4643125 0.4509376 0.4623125 0.471125 0.45775 0.4359375 0.4310625 0.452875 0.440375 0.437875 0.4668125 0.483375 0.493625 0.4781875 0.43375 0.4392 0.4438 0.4338125 0.4439375 0.4648125 0.4725625 0.4780625 0.48 0.4826875 0.4855 0.4920625 0.5044375 0.5055 0.491625 0.479375 0.47525 0.477625 0.475375 0.4678125 0.4579375 0.443625 0.4559999 0.4809375 0.49075 0.4975 0.4915 0.496625 0.5105625 0.5189375 0.508375 0.5100625 0.5148751 0.522875 0.51975 0.515625 0.5109375 0.4979375 0.4995001 0.5029376 0.5123125 0.52475 0.5230625 0.5140625 0.5170625 0.515625
0.4866875 0.50975 0.510625 0.50625 0.4921875 0.4756875 0.454125 0.4644375 0.4616875 0.43975 0.4337143 0.4542 0.4655 0.4459375 0.4483125 0.4643125 0.4773125 0.4885 0.4659375 0.414375 0.4280626 0.4186875 0.4358751 0.4549375 0.4634375 0.462125 0.4570625 0.4570625 0.46625 0.4715625 0.484875 0.5019375 0.50525 0.4865625 0.4698125 0.47175 0.471125 0.460375 0.462875 0.4561875 0.4325625 0.435125 0.4525625 0.4768749 0.4924375 0.4807501 0.475375 0.4965625 0.5168126 0.522125 0.523625 0.5219375 0.5241875 0.516125 0.5085 0.5049376 0.504125 0.5113125 0.5064374 0.509875 0.524875 0.5190625 0.5036875 0.513 0.522625
