Code_and_data/Tas_Plant_GDM_Files/ASCII grids/isothermality_2010_1km.asc
ncols         470
nrows         479
xllcorner     143.8
yllcorner     -43.7425
cellsize      0.01
NODATA_value  -9999
[rows 377 to 405 of 479, columns 325 to 389 of 470]
0.5048749 0.5081875 0.5115 0.5086875 0.5000625 0.4835625 0.484 0.501 0.50725 0.51125 0.5116875 0.5136874 0.5155625 0.516143 0.516 0.517 0.51575 0.515875 0.5160624 0.5165625 0.5165625 0.5168125 0.5143124 0.5132501 0.5143124 0.5129375 0.5121875 0.5122501 0.5125 0.5130625 0.5109375 0.509375 0.5111875 0.5161875 0.5189375 0.516875 0.5148125 0.5188751 0.52 0.5200624 0.519625 0.5181251 0.5154375 0.514 0.5155 0.5176876 0.51825 0.5189375 0.518875 0.51825 0.5161875 0.515 0.5123749 0.51675 0.5171875 0.5139375 0.5065625 0.5033125 0.504375 0.5075 0.5064375 0.5059375 0.502625 0.497375 0.5020625
0.512875 0.5141249 0.5133125 0.50975 0.5006875 0.4908125 0.49275 0.499875 0.5091875 0.5125 0.5120624 0.5141875 0.5169231 0.518 0.5165 0.517 0.5167143 0.5169167 0.5161999 0.5160624 0.5160666 0.5164 0.512875 0.5130625 0.5149999 0.5133125 0.5116875 0.5099375 0.5079375 0.510875 0.5131875 0.5138125 0.5148749 0.515625 0.5180001 0.5186875 0.5176876 0.5183126 0.519375 0.5197143 0.5183126 0.5173751 0.5139375 0.5139375 0.5143125 0.51625 0.5175626 0.5189375 0.519 0.518625 0.5188125 0.5179375 0.517875 0.5176251 0.515875 0.515125 0.5134374 0.5080625 0.504625 0.5104375 0.50575 0.5037501 0.5045625 0.507125 0.5019375
0.5155624 0.5147499 0.50975 0.504875 0.496875 0.4961875 0.5045 0.5011875 0.510375 0.5139374 0.5163077 0.5165555 0.5151429 0.5146428 0.5139999 0.5145 0.5148333 0.5162 -9999 0.5162857 0.5165834 0.5160624 0.5156249 0.5157499 0.5148124 0.5139999 0.5109375 0.505375 0.5000625 0.5053125 0.511125 0.5129375 0.5154999 0.5158749 0.5171875 0.5178126 0.5180001 0.515 0.5156875 0.5188667 0.51825 0.5175626 0.5151875 0.515875 0.5178751 0.5165625 0.5168124 0.5186875 0.518875 0.5184376 0.5183126 0.518375 0.5180001 0.5166875 0.512875 0.514875 0.5171251 0.515625 0.5100625 0.5120625 0.5128125 0.5063125 0.5033751 0.50425 0.5111876
0.514625 0.5120625 0.5070625 0.5009375 0.5032499 0.5100625 0.5116251 0.5126875 0.5148125 0.5167273 0.5154666 0.5148125 0.509125 0.51075 0.5086875 0.509125 0.5118125 0.5148125 0.5158333 0.516 0.517 0.5157999 0.5156874 0.5154999 0.5140625 0.5133125 0.511 0.5055625 0.503875 0.5083125 0.5048751 0.5095625 0.5132501 0.5156249 0.5163749 0.5170626 0.5176876 0.516 0.5134374 0.5178182 0.51875 0.5180001 0.515625 0.5135624 0.516875 0.5179376 0.5173751 0.5181251 0.5180626 0.5175626 0.5154999 0.516875 0.5180001 0.5174376 0.5156875 0.5158125 0.5172501 0.5164999 0.5164999 0.51625 0.5159374 0.5143124 0.5123125 0.5116875 0.5131875
0.51525 0.5151875 0.51375 0.5111875 0.5111876 0.5153124 0.5153333 0.5166429 0.5169167 0.515 0.5079375 0.5076876 0.502 0.502875 0.4995 0.5018125 0.51025 0.5131875 0.514625 0.5151666 0.5154999 0.5156666 0.5144999 0.5139999 0.5134375 0.5120625 0.509375 0.50225 0.5035626 0.504125 0.4996875 0.508 0.5118126 0.5143124 0.5153124 0.5163749 0.5169376 0.5173126 0.5155333 0.5159333 0.5180001 0.5180001 0.5161875 0.5106875 0.514 0.5173125 0.5180001 0.5180001 0.5180001 0.5174376 0.5151249 0.5161875 0.5176876 0.5169376 0.5174376 0.516625 0.5152499 0.5141249 0.513125 0.513125 0.5130625 0.51275 0.5141249 0.51025 0.50775
0.5181251 0.5180001 0.5177501 0.517077 0.5165001 0.5170001 0.5177858 0.51625 0.51275 0.5075001 0.5024375 0.4936875 0.4915 0.482375 0.4833125 0.501 0.509 0.5108126 0.5120001 0.5131875 0.5146363 0.5156667 0.513625 0.5140768 0.512875 0.510875 0.5091875 0.508 0.5084375 0.503875 0.4983751 0.507625 0.5103125 0.5107501 0.513 0.5149375 0.5159999 0.5166875 0.5168462 0.5166364 0.5178 0.5172728 0.5165625 0.513125 0.510625 0.5161875 0.5178126 0.5177501 0.5179232 0.5173751 0.5175626 0.5173126 0.5173751 0.517 0.5175001 0.5154375 0.5149375 0.5154374 0.5146249 0.513375 0.511875 0.5095625 0.512625 0.509875 0.505125
0.51625 0.5173751 0.5154375 0.51625 0.5162 0.5155625 0.515375 0.5165001 0.5115 0.5084375 0.5045 0.5038125 0.501125 0.47975 0.4705625 0.496125 0.508125 0.5115625 0.5134375 0.514125 0.5149999 0.5149999 0.515 0.515 0.5118572 0.50575 0.508125 0.51075 0.5078125 0.506375 0.5059375 0.509375 0.5049375 0.5081875 0.510875 0.5115 0.5144375 0.5157499 0.5162142 0.5166667 0.517 0.5170001 0.5166875 0.5154374 0.513625 0.5164 0.517 0.5169286 0.517 0.5175 0.517143 0.5174668 0.5168126 0.5159374 0.5174546 0.5155625 0.5113125 0.5145 0.5129375 0.5116875 0.5116251 0.510375 0.509 0.511125 0.5098749
0.51575 0.5165 0.51225 0.513125 0.5133125 0.5125 0.5135 0.5156875 0.5148125 0.5133125 0.5109375 0.5088125 0.4990625 0.4828125 0.471 0.4953125 0.5045624 0.5099375 0.511875 0.51325 0.5142857 0.5146666 0.5145 0.5138889 0.5118125 0.504 0.504375 0.5105 0.51125 0.510875 0.5104375 0.5104375 0.5058125 0.5085 0.5106875 0.511625 0.511625 0.514625 0.5155624 0.5157999 0.516 -9999 0.5156667 0.5154285 0.5158572 -9999 -9999 0.516625 0.5165 -9999 0.517 0.517 0.517 0.5163333 0.5172501 0.5168667 0.5159376 0.5160626 0.514625 0.5142499 0.5138124 0.5110001 0.5093126 0.5100626 0.5083124
0.5156875 0.5138749 0.5115001 0.508625 0.5065 0.5080625 0.51425 0.512625 0.513375 0.5135625 0.5124375 0.512125 0.5076875 0.4894375 0.485 0.4958125 0.5015625 0.5080625 0.5105 0.51325 0.5134 0.514 -9999 0.5135 0.5117273 0.5103334 0.5093126 0.510625 0.5118126 0.512 0.512 0.5100626 0.506375 0.508625 0.509875 0.505125 0.5091875 0.5126875 0.514375 0.5149375 0.5156922 0.516 -9999 0.516 -9999 -9999 -9999 0.517 0.5165 -9999 -9999 -9999 -9999 -9999 0.517 0.51675 0.5170001 0.51675 0.5156249 0.513875 0.5114375 0.5094375 0.5090625 0.5120001 0.50975
0.5156874 0.513625 0.51 0.5070625 0.5038125 0.512875 0.5095 0.510625 0.50825 0.5109375 0.50375 0.4981875 0.5071875 0.50225 0.5019376 0.504375 0.5081875 0.509625 0.509625 0.5110625 0.5129286 0.5138333 -9999 0.513 0.513 0.5115 0.511 0.5109333 0.5108125 0.511 0.5109376 0.5107501 0.5105 0.5079375 0.503 0.5030625 0.5081875 0.511875 0.5131875 0.5130625 0.5144374 0.5154999 0.5157778 0.516 -9999 0.5159999 0.516 -9999 -9999 -9999 -9999 -9999 -9999 -9999 0.517 0.51575 0.5161249 0.5156249 0.5148749 0.5146874 0.51425 0.5113125 0.5103751 0.5120625 0.513125
0.51325 0.51075 0.511 0.5090625 0.5015625 0.5111876 0.50725 0.5045626 0.5015625 0.5010625 0.4969375 0.489 0.50025 0.50875 0.5030625 0.5021876 0.501875 0.4936875 0.502375 0.50925 0.5115001 0.5128125 0.5133846 0.513 0.5125 0.5112857 0.5105714 0.5101667 0.5098751 0.5103751 0.5100001 0.5105625 0.5101876 0.5040625 0.5071875 0.509375 0.5100001 0.5095 0.5088125 0.5126876 0.514 0.5148124 0.5149999 0.5149999 0.5150908 0.5152499 0.5157691 0.516 0.516 0.5159999 0.5159999 0.5163333 0.5170001 0.517 0.517 0.5155999 0.5145 0.5159374 0.5136875 0.5126875 0.51275 0.5105 0.5105625 0.510875 0.5113126
0.5133125 0.509625 0.5025 0.4978125 0.50025 0.507375 0.506375 0.4999375 0.4918749 0.484625 0.4838125 0.4951875 0.4998125 0.5025 0.504375 0.4985625 0.4845625 0.48925 0.5021875 0.50875 0.5109375 0.5121251 0.5123125 0.5120625 0.512 0.5103751 0.5100667 0.511 0.5107778 0.5109286 0.5106876 0.5100626 0.509875 0.5058125 0.5061875 0.5079375 0.5083124 0.510875 0.5109376 0.5121251 0.5128125 0.5136875 0.51425 0.5149374 0.5149999 0.5149999 0.5150624 0.5154374 0.5159999 0.5159999 0.5159999 0.516 0.517 0.517 0.5170001 0.5168334 0.515 0.5156875 0.5149999 0.5135 0.512375 0.5100625 0.512875 0.512 0.5106251
0.50775 0.5025 0.497625 0.483 0.4841874 0.4858125 0.4969375 0.4970625 0.485 0.4795625 0.4775 0.490125 0.4959375 0.500375 0.501 0.48875 0.4826875 0.4935 0.5001875 0.5085 0.5111876 0.5118126 0.51075 0.510375 0.5109375 0.5113125 0.5110715 0.5116667 0.51 0.5101667 0.511 0.5101876 0.5101875 0.509625 0.508375 0.5063125 0.5084375 0.509375 0.5069375 0.5095625 0.511 0.51275 0.5138125 0.514125 0.5149374 0.5149999 0.5149999 0.5154 0.516 -9999 -9999 -9999 -9999 -9999 -9999 0.5165 0.5163333 0.5159284 0.5151249 0.511 0.51025 0.5106251 0.513625 0.5105 0.5103126
0.4998751 0.48 0.4746251 0.487 0.4765 0.4775625 0.480375 0.4806874 0.4601875 0.4615 0.477125 0.4888125 0.496125 0.495875 0.4900625 0.475625 0.4850625 0.501375 0.5086875 0.5093125 0.509 0.5099375 0.5095 0.5096251 0.5107501 0.511125 0.5103126 0.510875 -9999 -9999 0.5111818 0.5098751 0.5107501 0.5106251 0.5105 0.5100001 0.509 0.5085 0.50675 0.5033125 0.5050625 0.5091875 0.5125 0.51375 0.5146874 0.5149999 0.515 -9999 -9999 -9999 -9999 -9999 -9999 -9999 -9999 0.516 0.5156428 0.5157499 0.5149999 0.5116875 0.5124375 0.5140625 0.5146874 0.513 0.511625
0.485875 0.4644375 0.4582499 0.47725 0.4703124 0.46875 0.4741875 0.46825 0.4529375 0.4506875 0.461125 0.4755 0.479 0.47475 0.4658125 0.4739375 0.4904375 0.498625 0.5028126 0.5001251 0.5019375 0.5085 0.509 0.5098126 0.5090625 0.51 0.510125 0.5100001 0.511125 -9999 0.5106923 0.5112001 0.5106875 0.5096876 0.5104375 0.5093126 0.508625 0.5103126 0.5101875 0.5074375 0.5030625 0.5065 0.5114375 0.5131875 0.5124376 0.5123333 -9999 -9999 -9999 -9999 -9999 -9999 -9999 -9999 -9999 0.516 0.515625 0.5154999 0.5155332 0.51375 0.5145 0.5152141 0.5155556 0.5155384 0.514625
0.467875 0.453875 0.4525 0.4548125 0.4356875 0.43575 0.4593124 0.4608125 0.451125 0.4298125 0.4252499 0.4526249 0.4405 0.437875 0.4398125 0.4515 0.463125 0.4608125 0.4850625 0.496625 0.5014375 0.5045625 0.5084375 0.5075625 0.5043125 0.50825 0.5105001 0.5114375 0.5118462 0.513 0.512 0.5122858 0.5121667 0.5122308 0.5125 0.5120625 0.50975 0.510625 0.5113125 0.5088125 0.5080625 0.5069376 0.5113125 0.5125 0.5113125 0.5100667 -9999 -9999 -9999 -9999 -9999 -9999 -9999 -9999 -9999 -9999 -9999 -9999 -9999 0.5142667 0.5154286 0.5149166 0.5153571 0.51325 0.5104666
0.468125 0.4522499 0.441125 0.44575 0.438875 0.438 0.4436875 0.4320625 0.441 0.4306875 0.4314375 0.4558125 0.446 0.44325 0.4326875 0.4180625 0.4135625 0.42425 0.447625 0.4670625 0.4886875 0.5023125 0.5065626 0.5079375 0.505125 0.5082499 0.5109375 0.5118126 0.5120909 -9999 -9999 -9999 -9999 -9999 -9999 0.51275 0.5108125 0.5100626 0.5116876 0.5118126 0.5100001 0.5064375 0.5099375 0.512875 0.5133125 0.5124 -9999 -9999 -9999 -9999 -9999 -9999 -9999 -9999 -9999 -9999 -9999 -9999 -9999 0.5121428 0.5148572 0.5158181 0.514375 0.5135 0.5112143
0.461125 0.4605625 0.443875 0.447875 0.4604375 0.4500625 0.4455625 0.456875 0.4801875 0.469 0.4754376 0.4874375 0.457125 0.4291875 0.4133125 0.406 0.4145 0.4069375 0.40675 0.4485625 0.4895 0.5026875 0.506875 0.5090625 0.5083125 0.5105 0.511125 0.5116876 0.5124 -9999 -9999 -9999 -9999 -9999 -9999 -9999 0.5112308 0.509625 0.512125 0.5126876 0.5115 0.5076875 0.5095625 0.512875 0.514 0.514 -9999 -9999 -9999 -9999 -9999 -9999 -9999 -9999 -9999 -9999 -9999 -9999 -9999 -9999 -9999 -9999 0.5143333 0.5141428 -9999
0.4724375 0.4752499 0.462875 0.4673125 0.4654375 0.4555 0.459 0.48475 0.498375 0.49575 0.4986875 0.487125 0.4598126 0.4376875 0.417875 0.42325 0.4130625 0.4081875 0.4128125 0.4601875 0.4895625 0.4995625 0.50375 0.5060624 0.5071875 0.50525 0.507875 0.5093125 0.5114667 0.512625 0.5133333 -9999 -9999 -9999 -9999 -9999 0.5126001 0.5106875 0.5130909 0.51325 0.5129231 0.5118 0.51275 0.514 0.514 -9999 -9999 -9999 -9999 -9999 -9999 -9999 -9999 -9999 -9999 -9999 -9999 -9999 -9999 -9999 -9999 -9999 -9999 -9999 -9999
0.4942501 0.499 0.4945 0.481375 0.4574375 0.473375 0.482375 0.4998125 0.5081875 0.506375 0.493875 0.466625 0.4535625 0.4506875 0.446 0.4361875 0.427375 0.419375 0.4319375 0.4681875 0.48625 0.4959375 0.49825 0.4983125 0.5032501 0.5044375 0.5047501 0.50475 0.5058751 0.5073125 0.5101333 -9999 -9999 -9999 -9999 -9999 0.5117273 0.5106249 0.5128571 -9999 -9999 -9999 0.51325 0.514 0.5139333 0.5129 0.512 -9999 -9999 -9999 -9999 -9999 -9999 -9999 -9999 -9999 -9999 -9999 -9999 -9999 -9999 -9999 -9999 -9999 -9999
0.5113125 0.5054375 0.4870625 0.469875 0.473 0.4904375 0.4959375 0.5048125 0.5105625 0.505625 0.496125 0.4721875 0.4505 0.465125 0.46575 0.4686875 0.4681875 0.454375 0.465125 0.4830625 0.4953125 0.5010625 0.5001875 0.5001875 0.5026249 0.5073125 0.5068125 0.5030625 0.499625 0.5028125 0.5090625 0.514 -9999 -9999 -9999 -9999 0.5098462 0.5100714 0.513 -9999 -9999 0.51125 0.509375 0.5128334 0.5132143 0.513 0.5138571 0.5125556 -9999 -9999 -9999 -9999 -9999 -9999 -9999 -9999 -9999 -9999 -9999 -9999 -9999 -9999 -9999 -9999 -9999
0.5133125 0.5106875 0.4978125 0.4883126 0.4946875 0.5018125 0.5022501 0.51175 0.51325 0.5094375 0.5023125 0.4878125 0.4725625 0.4591875 0.474875 0.4914375 0.4846874 0.4743125 0.480875 0.4933125 0.5000625 0.5058125 0.5000625 0.50375 0.505125 0.5054376 0.5103126 0.5064999 0.500625 0.5048125 0.51175 -9999 -9999 -9999 -9999 0.513 0.5118 0.51125 -9999 -9999 0.5135 0.510375 0.5090625 0.512625 0.513 0.5137333 0.513875 0.5120625 0.5118334 -9999 -9999 -9999 -9999 -9999 -9999 -9999 -9999 -9999 -9999 -9999 -9999 0.5145 0.5115834 0.50975 0.5095
0.5064375 0.5120625 0.5155625 0.5075625 0.50725 0.5106876 0.512125 0.515125 0.5121875 0.5086875 0.500625 0.4835625 0.4765 0.474375 0.4775625 0.4925 0.4928125 0.4855001 0.4915 0.4935625 0.4975 0.5078125 0.5060626 0.506625 0.5091875 0.50725 0.5104375 0.5041875 0.5045626 0.5105625 0.5131111 -9999 -9999 -9999 -9999 -9999 -9999 -9999 -9999 -9999 0.51375 0.510875 0.5111875 0.5126875 0.5125 0.51325 0.513375 0.5109375 0.5111111 -9999 -9999 -9999 -9999 -9999 -9999 -9999 -9999 -9999 0.5145 0.5139091 -9999 0.51475 0.5137143 0.5125625 0.5114667
0.502875 0.50625 0.5146875 0.5179375 0.5151874 0.5164376 0.5175 0.5133125 0.5089999 0.5020625 0.486625 0.4873125 0.4905625 0.4978125 0.49575 0.5035 0.5013125 0.5013751 0.5013751 0.503375 0.5065625 0.5088125 0.5115001 0.5107501 0.5125625 0.51075 0.5126875 0.5064999 0.50675 0.5126666 -9999 -9999 -9999 -9999 -9999 -9999 -9999 -9999 -9999 -9999 0.5134166 0.5112501 0.512375 0.5101875 0.5098749 0.5122501 0.51325 0.51325 0.5136666 0.514 -9999 -9999 -9999 -9999 -9999 -9999 -9999 -9999 -9999 0.512 -9999 -9999 0.514125 0.5138182 0.5144615
0.515875 0.511375 0.5169375 0.5214374 0.5201875 0.519375 0.5174376 0.5144374 0.509125 0.497625 0.490125 0.496875 0.4966875 0.506125 0.507625 0.5078125 0.5080624 0.5053125 0.50325 0.502125 0.50475 0.5078125 0.510375 0.512 0.5133125 0.5145 0.5142499 0.5085626 0.5096 -9999 -9999 -9999 -9999 -9999 -9999 0.5135714 -9999 -9999 -9999 0.512 0.5129375 0.5112143 0.512875 0.5086875 0.509 0.5116875 0.513 -9999 0.5134444 0.5122308 -9999 -9999 -9999 -9999 -9999 -9999 -9999 -9999 -9999 -9999 -9999 -9999 0.5136666 0.51225 0.5115
0.5208125 0.5203124 0.5220624 0.5221874 0.5204375 0.515625 0.5148125 0.5131875 0.50875 0.502875 0.500125 0.5019375 0.5063125 0.5091875 0.510875 0.50975 0.5098125 0.5073124 0.5066875 0.5033125 0.506125 0.5098125 0.5118125 0.513125 0.5142499 0.5135 0.5141875 0.514909 0.514 -9999 -9999 -9999 -9999 -9999 0.51275 0.5138571 -9999 -9999 -9999 0.5135 0.514 -9999 0.5132857 0.512 0.5116875 0.5105 0.5128571 -9999 0.513 0.5128126 -9999 -9999 -9999 -9999 -9999 -9999 -9999 -9999 -9999 -9999 -9999 -9999 -9999 0.5148749 0.513375
0.5194374 0.5235625 0.5233125 0.5201875 0.519625 0.5165625 0.5131875 0.512875 0.5088125 0.4959375 0.4911875 0.4945626 0.498875 0.50875 0.5115 0.5134375 0.5138749 0.510875 0.5083125 0.5095 0.5038126 0.509 0.5123125 0.5138125 0.5133125 0.5104375 0.5098749 0.5132307 -9999 -9999 -9999 -9999 -9999 -9999 -9999 0.5131111 0.5123077 -9999 -9999 -9999 -9999 -9999 0.51325 0.5130625 0.511875 0.5095625 0.511 0.5133636 0.514 0.5134286 0.513 -9999 -9999 -9999 -9999 -9999 -9999 -9999 -9999 -9999 -9999 -9999 -9999 0.5149999 0.5144374
0.5237501 0.5238125 0.5206875 0.5115625 0.5150625 0.5130625 0.4970625 0.499625 0.4958125 0.492 0.492875 0.49775 0.5046251 0.503875 0.5096874 0.5124376 0.5141875 0.512625 0.5145625 0.51125 0.5055 0.510125 0.5110626 0.5144374 0.5145 0.5115625 0.511875 0.5147142 -9999 -9999 -9999 -9999 -9999 -9999 0.515 0.5121875 0.5108668 -9999 -9999 -9999 -9999 -9999 0.5111429 0.512875 0.5118126 0.511 0.5094374 0.5100001 -9999 -9999 -9999 -9999 -9999 -9999 -9999 -9999 -9999 0.5095 0.513 0.511 0.513 0.5136667 0.5147499 0.5130625 0.5131875
0.5247501 0.5233125 0.5191875 0.5121875 0.506625 0.506 0.50175 0.494 0.4760625 0.4725 0.4906875 0.4953124 0.493625 0.499 0.509625 0.513 0.51175 0.50425 0.510875 0.516125 0.5159375 0.515625 0.515875 0.5167144 0.5147499 0.5123125 0.5129375 0.5148181 -9999 -9999 -9999 -9999 -9999 -9999 0.515 0.5134 0.5133571 0.514 -9999 -9999 -9999 -9999 0.5111538 0.5119375 0.5121875 0.5120625 0.50825 0.5066364 -9999 -9999 -9999 -9999 -9999 -9999 -9999 -9999 -9999 0.5028666 0.509875 0.5054376 0.5094374 0.51275 0.5126876 0.5115625 0.5106875
