Code_and_data/Tas_Plant_GDM_Files/ASCII grids/isothermality_2010_1km.asc
ncols         470
nrows         479
xllcorner     143.8
yllcorner     -43.7425
cellsize      0.01
NODATA_value  -9999
[rows 232 to 260 of 479, columns 195 to 259 of 470]
0.476375 0.478 0.478625 0.4811249 0.479625 0.4804375 0.4777501 0.4790001 0.478 0.478 0.4785626 0.4795625 0.4801875 0.4829375 0.48325 0.4795 0.4844376 0.4836875 0.4826875 0.4831875 0.4831875 0.4830625 0.4853126 0.487125 0.4875625 0.488125 0.489875 0.4909375 0.4908125 0.490875 0.4907499 0.4902499 0.4874375 0.4866875 0.489125 0.4899999 0.4895625 0.4914376 0.4916875 0.4903124 0.4912501 0.4914376 0.4926875 0.4930625 0.49325 0.495 0.49875 0.4980625 0.4995625 0.5008125 0.49975 0.4980625 0.49575 0.496625 0.4963126 0.4958124 0.4971251 0.49975 0.4983125 0.4935625 0.4916875 0.4983126 0.5014374 0.50275 0.5033125
0.476 0.4754375 0.4778751 0.480375 0.477875 0.4791251 0.4765626 0.4779375 0.476875 0.477375 0.4773125 0.4813125 0.4831875 0.4830625 0.4794375 0.4771875 0.4830625 0.4841875 0.481625 0.4824375 0.4823749 0.48375 0.4873124 0.4893749 0.4898125 0.4905 0.4904374 0.4898125 0.4898124 0.4891875 0.4874375 0.4885 0.4873125 0.4881874 0.48975 0.4886875 0.4898124 0.4906875 0.4908125 0.4903125 0.4910001 0.4911876 0.493125 0.495 0.4974375 0.4993125 0.495875 0.4958125 0.4966876 0.49975 0.4988125 0.4965 0.496375 0.4958125 0.4963125 0.4965625 0.4991875 0.4993125 0.4989375 0.4931251 0.4898125 0.496125 0.4999375 0.50225 0.5031875
0.4771251 0.477375 0.4813124 0.47875 0.4761874 0.477375 0.4769375 0.4767501 0.4774376 0.4767501 0.478375 0.4811874 0.483125 0.4784375 0.478875 0.4808125 0.481125 0.4844376 0.481 0.4818749 0.4843751 0.4869375 0.4898749 0.4899999 0.4901249 0.4899999 0.489 0.48775 0.4876875 0.487375 0.487125 0.4875 0.4875625 0.4889374 0.4894375 0.4885625 0.4893749 0.4898124 0.4901875 0.4903124 0.4909375 0.4909375 0.4922501 0.4921875 0.49775 0.49775 0.494875 0.4950625 0.4977501 0.4995714 0.5002857 0.49625 0.4963125 0.4957499 0.496125 0.4968125 0.4990625 0.4974375 0.4994375 0.495875 0.4895 0.493375 0.4986875 0.5015625 0.5035626
0.478875 0.4794375 0.4799375 0.4766875 0.47325 0.475875 0.4751875 0.4773125 0.4785001 0.480125 0.4816249 0.4826874 0.48325 0.478875 0.47775 0.48075 0.4813124 0.4843751 0.4843751 0.4823125 0.4825 0.4875 0.4899999 0.4900624 0.4900624 0.4899999 0.4898124 0.48825 0.48475 0.484375 0.4863125 0.4870625 0.4885625 0.4896874 0.4900625 0.4891874 0.489875 0.4906875 0.4899375 0.48925 0.4901249 0.491625 0.493875 0.4945 0.497625 0.498375 0.4941875 0.4931251 0.4973125 0.5002 0.5003571 0.4965625 0.4961875 0.4959999 0.4967501 0.498375 0.4988125 0.496375 0.497625 0.4975001 0.4936875 0.4948125 0.499875 0.5033126 0.5040001
0.4754375 0.475 0.477625 0.4735625 0.47 0.474125 0.4741875 0.475625 0.4765 0.480125 0.480875 0.480375 0.4791875 0.481625 0.4806875 0.4805625 0.48375 0.4843751 0.4828125 0.48175 0.4741875 0.4814375 0.4880625 0.490375 0.4905626 0.4902501 0.4878125 0.4861875 0.482875 0.481375 0.48575 0.4883749 0.488125 0.4895625 0.48825 0.4874375 0.489375 0.4899375 0.4875 0.4885 0.488 0.490375 0.4943125 0.498375 0.4974375 0.49575 0.4944374 0.4936875 0.493125 0.5000833 0.4983751 0.4964375 0.4968126 0.4961875 0.4965625 0.4973751 0.4996875 0.498875 0.4970626 0.49525 0.49925 0.5006875 0.5023125 0.5038126 0.503125
0.471 0.47425 0.4777501 0.4759375 0.4701875 0.4729375 0.4733125 0.4766876 0.4778126 0.47925 0.4789376 0.476 0.4773125 0.4799375 0.480375 0.4805625 0.482375 0.4840626 0.4823125 0.4814374 0.478 0.4781875 0.4843124 0.48825 0.491 0.4913125 0.4900626 0.4895625 0.489 0.4864375 0.4866875 0.4864375 0.4854375 0.4870625 0.4884375 0.4878124 0.4881874 0.4894375 0.4881874 0.48825 0.4883749 0.4896874 0.4938125 0.4973125 0.4926875 0.4939375 0.495125 0.4974376 0.4975625 0.501 0.4997333 0.4973125 0.4970626 0.4974376 0.4976875 0.4984375 0.4998125 0.4995625 0.4994375 0.4974375 0.4945625 0.500875 0.5031875 0.5029376 0.50125
0.467375 0.4699375 0.475625 0.47475 0.4716251 0.4724376 0.473625 0.4763749 0.4770001 0.4782501 0.4779376 0.477125 0.4775625 0.4769375 0.4794375 0.4819375 0.4837501 0.481 0.4770625 0.4805625 0.4776874 0.4821876 0.4847501 0.4876875 0.491125 0.4918751 0.4916876 0.49125 0.4898125 0.4889999 0.4834375 0.4840001 0.4845 0.48575 0.487375 0.487375 0.4875 0.4894375 0.491 0.4910625 0.493125 0.494125 0.4971251 0.4954375 0.493125 0.4918126 0.4915 0.4935625 0.494625 0.4992857 0.5012857 0.4996875 0.4983125 0.4980001 0.4984375 0.5 0.4993125 0.49975 0.499875 0.498125 0.492125 0.495375 0.5006875 0.502625 0.5020624
0.44575 0.46325 0.473875 0.4745 0.4720625 0.4718125 0.4735625 0.4741875 0.47625 0.4770001 0.475625 0.469875 0.4721875 0.478375 0.4796875 0.482 0.4816875 0.478125 0.4734375 0.480875 0.4819375 0.4828749 0.48225 0.484 0.4906875 0.4884375 0.4820625 0.4823125 0.4845 0.48575 0.4833125 0.482375 0.4841875 0.486625 0.4895 0.490125 0.4915625 0.4931875 0.4941874 0.4923751 0.49475 0.4976875 0.494625 0.493875 0.4935625 0.4918751 0.4923125 0.4918125 0.4895625 0.4934375 0.5009286 0.5006924 0.4997333 0.4980001 0.4985625 0.50025 0.4992501 0.4985 0.4995 0.4980001 0.49475 0.496375 0.50025 0.5028125 0.5021874
0.4378125 0.4629374 0.475125 0.4767501 0.47575 0.4734375 0.4721875 0.4744374 0.4761875 0.4760625 0.4708125 0.45675 0.4713125 0.473875 0.472 0.4750625 0.4766875 0.47625 0.477125 0.4806875 0.4829375 0.483375 0.48525 0.4894376 0.49125 0.49125 0.486875 0.485 0.4860624 0.4856251 0.4839376 0.4808125 0.4846875 0.4876875 0.4896874 0.4908126 0.4921251 0.493625 0.4961875 0.49575 0.4970625 0.4949375 0.4935 0.4939375 0.4926875 0.494 0.49475 0.4954375 0.4959375 0.4959286 0.4975834 0.4982857 0.4997693 0.4981875 0.4998125 0.5008749 0.4995625 0.49825 0.4993125 0.4977501 0.49225 0.494625 0.498625 0.5001251 0.5020624
0.4636875 0.4705625 0.4748124 0.476625 0.4719374 0.4705625 0.4713125 0.475875 0.4735 0.4729376 0.465375 0.4645 0.46825 0.4695 0.474375 0.4761876 0.4783125 0.4798125 0.4801875 0.47775 0.4840625 0.4868125 0.489125 0.49 0.4884375 0.49225 0.492 0.490875 0.488625 0.48525 0.483875 0.4845626 0.4858125 0.487125 0.4889375 0.4905625 0.4944375 0.4961875 0.4966875 0.4965625 0.4921876 0.492375 0.4956875 0.496125 0.4951249 0.49725 0.498125 0.5005384 0.4987 0.5005714 0.5001667 0.498125 0.4976875 0.499375 0.4996875 0.5010625 0.500375 0.4990625 0.49925 0.4989375 0.494375 0.49475 0.500875 0.50125 0.5043126
0.470125 0.4716876 0.47225 0.472 0.4713126 0.4721875 0.4736875 0.475125 0.4733125 0.473875 0.4759375 0.477125 0.477125 0.4801249 0.4831875 0.4800625 0.4839375 0.4826875 0.4751875 0.4764375 0.4805 0.4808125 0.4799375 0.4825625 0.481125 0.48825 0.4923125 0.4899375 0.484625 0.479625 0.48325 0.4837501 0.485875 0.4870625 0.4901876 0.4938125 0.496625 0.49525 0.4915 0.49275 0.491875 0.495125 0.4976251 0.498125 0.4968751 0.4994666 0.5009999 0.5013999 0.5018333 0.49975 0.4971875 0.4975001 0.4983125 0.4996875 0.500125 0.50125 0.501 0.5005625 0.500625 0.500375 0.500375 0.5008125 0.5016249 0.50225 0.5038126
0.4716251 0.4710626 0.4706874 0.4702501 0.4726875 0.4753749 0.4750625 0.4730625 0.4729375 0.475625 0.478375 0.4808125 0.4821875 0.4851251 0.48675 0.48675 0.4869375 0.480875 0.469875 0.467125 0.462125 0.465 0.469875 0.479375 0.476875 0.4775625 0.4845625 0.4925 0.4788125 0.4776875 0.48375 0.4855626 0.4855001 0.48575 0.4906875 0.49475 0.4960625 0.49475 0.491625 0.4945624 0.4960625 0.4960625 0.4968125 0.4988126 0.499 0.5003333 0.501 0.501 0.5010625 0.4990625 0.4970626 0.498875 0.4991876 0.5004375 0.5011874 0.5017499 0.5011874 0.501 0.5016249 0.5021249 0.501375 0.500625 0.500375 0.5 0.5031251
0.4703124 0.4694999 0.4693124 0.4722501 0.473 0.4735625 0.4721875 0.4730625 0.47575 0.4762499 0.476625 0.4779375 0.48125 0.4826249 0.4840626 0.4851251 0.4881249 0.4866875 0.4856875 0.486 0.4825625 0.4815625 0.479875 0.4835 0.488 0.4906251 0.4905626 0.491875 0.48725 0.4815625 0.4842501 0.4860625 0.48375 0.4855626 0.491625 0.4963125 0.4921875 0.489125 0.493875 0.4953749 0.4940625 0.4951249 0.4963124 0.4966875 0.4982143 0.5006 0.4986875 0.498625 0.49925 0.4970001 0.4985001 0.49975 0.5000625 0.5011874 0.501 0.5018124 0.5010625 0.5008125 0.5014374 0.5026876 0.5020624 0.5021874 0.50125 0.4975 0.502125
0.46975 0.46975 0.4715001 0.4723751 0.4730625 0.47075 0.4715626 0.4733125 0.4744999 0.4754375 0.4766875 0.479875 0.48575 0.4861875 0.486625 0.487375 0.488 0.4875 0.4893749 0.4898125 0.4895625 0.4884374 0.4871874 0.4891251 0.490875 0.4893125 0.4905626 0.4878125 0.4864375 0.4840001 0.4841251 0.4855626 0.4839375 0.48975 0.49425 0.491 0.487875 0.4920625 0.4943125 0.4933125 0.49275 0.4950625 0.49525 0.4985333 0.4995385 0.4988751 0.4953749 0.4968125 0.4968124 0.4970625 0.4982501 0.4993125 0.500375 0.5008749 0.5023125 0.5033126 0.5023125 0.5013124 0.50275 0.5035625 0.5044375 0.5050625 0.505125 0.5048125 0.5054375
0.4700625 0.4709376 0.4714375 0.4695625 0.4713126 0.4675625 0.4724375 0.473125 0.4739375 0.4768125 0.4793125 0.4830625 0.4785 0.477 0.4685625 0.47625 0.4854375 0.48575 0.4873125 0.4879375 0.489125 0.4910001 0.491125 0.4903125 0.4868125 0.485875 0.4899375 0.4855625 0.4852501 0.486375 0.484375 0.4828749 0.4835 0.492 0.4885 0.485 0.4888125 0.4896875 0.4895 0.49225 0.4946249 0.496125 0.4994285 0.5021666 0.49975 0.494375 0.493625 0.4961875 0.4979375 0.49925 0.4999375 0.4998125 0.5015 0.501875 0.5030625 0.5044376 0.504375 0.503625 0.5050001 0.5056875 0.5055 0.505625 0.505125 0.5056251 0.5055625
0.4705001 0.4701875 0.4701874 0.47025 0.472875 0.4746874 0.475375 0.4754375 0.4748749 0.474 0.477625 0.4823749 0.4753125 0.46025 0.4396875 0.4685 0.481375 0.481875 0.4745001 0.4795625 0.486125 0.4844375 0.482375 0.4859375 0.4820625 0.4855625 0.487125 0.4836875 0.4834999 0.4855001 0.48575 0.4843751 0.485 0.4918125 0.4861875 0.4839376 0.4856876 0.4853126 0.490125 0.4911875 0.49525 0.498375 0.5011818 0.5009333 0.49725 0.4930625 0.49375 0.494125 0.4966875 0.5001875 0.5014375 0.5031876 0.5037501 0.5041251 0.5044375 0.5050001 0.5050001 0.505375 0.5050626 0.5048751 0.503 0.504125 0.5027499 0.5031875 0.5040626
0.4707501 0.4701251 0.4711251 0.4734375 0.47575 0.4768125 0.4771875 0.4777501 0.478375 0.477375 0.4805 0.4783125 0.4744375 0.4609374 0.4476875 0.4691875 0.477375 0.4700625 0.45225 0.465 0.4745625 0.462 0.472625 0.4821875 0.4825 0.4813125 0.4816875 0.4825625 0.4840001 0.4843125 0.485 0.4822499 0.4839375 0.4894375 0.491375 0.4840625 0.4859375 0.489125 0.49575 0.498625 0.5002 0.5007272 0.4998667 0.4950625 0.4913125 0.4905625 0.4942501 0.4983125 0.50025 0.5023751 0.50275 0.5030625 0.503 0.5030625 0.5031875 0.5045001 0.5031875 0.503875 0.5024375 0.5020624 0.5030625 0.5038126 0.5034376 0.5043125 0.5053126
0.4714376 0.4720626 0.47325 0.4748124 0.4761875 0.474875 0.4757499 0.4780626 0.479375 0.479 0.479375 0.478125 0.4764374 0.4645 0.45325 0.46275 0.458875 0.4590625 0.4344375 0.4178125 0.4323125 0.4554 0.4731875 0.4780625 0.4774375 0.4734375 0.4781875 0.4818125 0.4838125 0.4834375 0.4860625 0.4818125 0.4825625 0.4874375 0.492875 0.4875625 0.4865625 0.4901876 0.495625 0.5003333 0.502 0.499625 0.49525 0.49025 0.4884375 0.4928125 0.49525 0.50175 0.5026875 0.5016875 0.4978125 0.4958749 0.4965 0.4968125 0.4963125 0.5019374 0.500125 0.5017499 0.5033751 0.5033751 0.5054376 0.5051876 0.5055625 0.5050001 0.5060625
0.4702499 0.4725626 0.4749374 0.4753125 0.4757499 0.473375 0.476 0.4777501 0.47925 0.4758125 0.4780626 0.473625 0.46925 0.45975 0.439875 0.443875 0.429125 0.43425 0.41225 0.4093125 0.4141875 0.4343126 0.45525 0.455875 0.461875 0.445375 0.46375 0.477 0.4800625 0.4814999 0.4823125 0.48 0.4833125 0.4914375 0.487 0.4843125 0.48725 0.4946875 0.4986875 0.5018 0.499625 0.4943751 0.491625 0.489125 0.489875 0.496375 0.5009375 0.502125 0.5005625 0.4983125 0.4813125 0.456875 0.461125 0.4689375 0.4835625 0.4961875 0.4988751 0.5029375 0.50525 0.5063125 0.506875 0.5055 0.5053126 0.506625 0.5073749
0.471875 0.4738125 0.4727501 0.4735625 0.4751875 0.4739375 0.475125 0.4764375 0.4786876 0.4750625 0.4770625 0.4718125 0.4584375 0.445125 0.4448751 0.4363125 0.4305 0.4226875 0.41925 0.4244375 0.422375 0.4308125 0.4404375 0.43925 0.4419375 0.44425 0.4556875 0.4658125 0.471375 0.479 0.4799375 0.4832143 0.4907333 0.4893125 0.484875 0.4829375 0.4904375 0.496625 0.5012 0.5024666 0.498875 0.4918125 0.4914375 0.4933125 0.4955001 0.4998125 0.5027501 0.5025001 0.49825 0.4935625 0.4778125 0.4420625 0.4509375 0.453 0.462875 0.4838125 0.4974375 0.503875 0.5058125 0.5040625 0.506 0.50775 0.507875 0.507875 0.5082499
0.4700625 0.4731875 0.4726875 0.4724376 0.4743125 0.473125 0.47225 0.4748124 0.4774375 0.473 0.4725 0.47075 0.464125 0.4538125 0.4435625 0.438 0.42875 0.4285625 0.4394375 0.43775 0.438125 0.44525 0.45175 0.451625 0.4450625 0.4510625 0.4636875 0.4751875 0.4823125 0.487 0.4870625 0.4901818 0.4909091 0.4890625 0.4865 0.487625 0.4944375 0.5003125 0.5024375 0.50125 0.4953749 0.4949375 0.4968125 0.4983125 0.49975 0.50025 0.5004375 0.5010625 0.5000625 0.4950625 0.4829375 0.458875 0.463125 0.4656875 0.4648125 0.4844375 0.5009375 0.50525 0.504375 0.5033125 0.504875 0.5075625 0.50675 0.507625 0.507875
0.4712501 0.47325 0.473 0.4712501 0.4723751 0.47275 0.472625 0.4760625 0.4771875 0.47125 0.459375 0.46475 0.465 0.45025 0.4465625 0.4404375 0.4321875 0.4364375 0.4491251 0.454375 0.454625 0.459625 0.4639375 0.4594375 0.4581251 0.466875 0.467875 0.4775625 0.4836251 0.4855 0.488875 0.491 0.4904374 0.4858125 0.482125 0.485 0.491125 0.5001875 0.5017499 0.4983125 0.49825 0.49175 0.484 0.480375 0.4748125 0.47675 0.47575 0.488625 0.490625 0.4806875 0.46175 0.459375 0.47275 0.4791875 0.4808125 0.4865626 0.5016875 0.5005 0.496625 0.5026875 0.503375 0.5060625 0.5048125 0.5069375 0.507625
0.4708125 0.4716251 0.4725001 0.4719376 0.471625 0.4718125 0.4756874 0.4754375 0.47375 0.4646875 0.4579375 0.466625 0.461875 0.45325 0.440625 0.4378125 0.4438125 0.4513125 0.456125 0.4604375 0.4694375 0.469 0.4726875 0.4736875 0.4735625 0.47725 0.478125 0.473375 0.4743125 0.4741876 0.4835 0.4885625 0.4850625 0.4794374 0.478875 0.48725 0.4941875 0.502 0.5001111 0.4900625 0.4919375 0.4893125 0.4873125 0.473875 0.47325 0.4733125 0.47225 0.4775 0.470875 0.4719375 0.4784375 0.4788125 0.4875625 0.495375 0.5020001 0.501875 0.5034375 0.5045625 0.5015625 0.5016251 0.4956251 0.5021875 0.50325 0.501625 0.5030625
0.468 0.4696249 0.4713751 0.4724376 0.4738125 0.4739375 0.475125 0.46875 0.4620625 0.4668125 0.4660625 0.4649375 0.4530625 0.447875 0.444375 0.4465625 0.4586923 0.4596875 0.460875 0.4648125 0.4573125 0.453875 0.4649375 0.4753125 0.470875 0.46375 0.461 0.4613125 0.46375 0.471125 0.4825625 0.485625 0.4818125 0.4770625 0.4849375 0.493 0.4971875 0.5026667 0.50075 0.48525 0.4815625 0.4855625 0.4880626 0.48675 0.4849375 0.4895 0.4925625 0.4905625 0.4928125 0.498125 0.5009375 0.501875 0.5029376 0.50475 0.5064375 0.5073749 0.508 0.5081249 0.5079374 0.5054375 0.501625 0.4986875 0.4951875 0.4883749 0.49125
0.4679375 0.4689375 0.4698124 0.4716251 0.4736875 0.4739375 0.4736875 0.4699375 0.46975 0.4708751 0.4671249 0.4588749 0.4526875 0.448375 0.4526875 0.4593572 0.462 0.4581819 0.4544375 0.454625 0.4613749 0.4643125 0.4666875 0.4704375 0.4686875 0.46375 0.4638125 0.467625 0.4718125 0.4833125 0.4853125 0.4789375 0.47825 0.4868125 0.494375 0.4982501 0.5013333 0.5034 0.4999286 0.4855 0.4786875 0.4821875 0.481625 0.483375 0.4888125 0.4907501 0.483375 0.493 0.50025 0.502 0.5055 0.5048125 0.5063125 0.5079374 0.5083124 0.5081875 0.5089999 0.50925 0.5096251 0.5088125 0.5080625 0.507 0.5030625 0.4986875 0.5006875
0.467125 0.4671875 0.4680625 0.4700625 0.4725001 0.473625 0.47375 0.47275 0.4726875 0.4715 0.46775 0.46175 0.4489375 0.4565 0.4608 0.4617143 0.4568 0.4455 0.450125 0.4599375 0.4630625 0.4653125 0.467 0.4693125 0.4696875 0.473625 0.4749374 0.4783125 0.48175 0.475875 0.4746875 0.4773125 0.481375 0.4880625 0.4949375 0.499625 0.502625 0.503 0.5014375 0.4986875 0.493625 0.483125 0.4811874 0.4834374 0.4853125 0.485125 0.484875 0.487375 0.5000625 0.5038125 0.498125 0.4955 0.4981875 0.50575 0.50725 0.5064375 0.509375 0.5100001 0.5100001 0.5100626 0.5098125 0.509875 0.5095626 0.5081875 0.50975
0.4670625 0.4655625 0.467 0.4699375 0.4703124 0.47125 0.4718125 0.4703749 0.4718751 0.4695 0.462125 0.45475 0.456125 0.463875 0.4621875 0.4580625 0.45125 0.451125 0.457875 0.461125 0.4643125 0.4671875 0.4704376 0.472875 0.4739375 0.47275 0.4709374 0.471125 0.4771875 0.4730625 0.4763125 0.48025 0.478 0.488625 0.4956875 0.4994375 0.502375 0.505 0.5041334 0.5025 0.4988125 0.491125 0.4835625 0.4824375 0.4824375 0.4824375 0.49225 0.5021875 0.504 0.4956875 0.4948125 0.4973125 0.4949375 0.4968125 0.4998125 0.5058125 0.5091875 0.5091249 0.5096875 0.5099375 0.51075 0.5105625 0.5111876 0.5108125 0.510375
0.4684374 0.4679375 0.4676875 0.4698749 0.4684375 0.4674375 0.469875 0.474875 0.47425 0.4604375 0.448375 0.4499375 0.46375 0.464625 0.45725 0.45375 0.4558749 0.4581875 0.46075 0.4629375 0.46725 0.469125 0.4691875 0.470625 0.4714375 0.4708125 0.4705626 0.47275 0.475 0.4753124 0.4768749 0.4776875 0.4745625 0.478 0.49175 0.4984376 0.5021876 0.5046666 0.5041875 0.5013125 0.49625 0.4834999 0.4825625 0.4849375 0.4880625 0.4929375 0.4996875 0.50525 0.505875 0.4993125 0.4955 0.499375 0.5030625 0.503 0.5005 0.5015 0.504375 0.5063125 0.5082499 0.507875 0.5099375 0.5107501 0.5106875 0.5104375 0.50925
0.4706875 0.46675 0.4691875 0.468 0.4671251 0.4745 0.4808125 0.4865625 0.4694375 0.4566875 0.4486875 0.4615625 0.4649374 0.4629375 0.4578125 0.457375 0.459625 0.4613124 0.464125 0.4665 0.468375 0.4669375 0.4642499 0.46725 0.4666251 0.468875 0.4715 0.4726876 0.4725001 0.473875 0.47575 0.4768125 0.481875 0.47525 0.48725 0.49375 0.498875 0.5040001 0.5025625 0.5005 0.4946875 0.4825625 0.4829375 0.485875 0.4955625 0.5008125 0.503125 0.5065625 0.5058125 0.5031875 0.5035626 0.5038751 0.5048751 0.5025625 0.5055625 0.50775 0.5078124 0.5076874 0.5066875 0.505125 0.507125 0.5103126 0.5094374 0.5103751 0.5114375
