Code_and_data/Tas_Plant_GDM_Files/ASCII grids/isothermality_2100_1km.asc
ncols         470
nrows         479
xllcorner     143.8
yllcorner     -43.7425
cellsize      0.01
NODATA_value  -9999
[rows 232 to 260 of 479, columns 390 to 454 of 470]
0.4935625 0.4920626 0.4918126 0.4913126 0.4903749 0.4900625 0.4918126 0.4925625 0.4928125 0.4895625 0.491125 0.4926875 0.4918751 0.4883125 0.486125 0.4829375 0.4635625 0.4573125 0.469625 0.474 0.47525 0.473625 0.4768749 0.4854375 0.4911875 0.4918125 0.4938125 0.4959375 0.4981875 0.49925 0.497875 0.4979376 0.4941875 0.4966875 0.4970625 0.4993125 0.499125 0.5000625 0.4999375 0.499375 0.4990001 0.4987501 0.4995 0.499125 0.4995625 0.4995 0.4986875 0.4981875 0.4983125 0.4987501 0.4984376 0.4979375 0.497375 0.4981251 0.4986875 0.4978125 0.4951875 0.498125 0.5009999 0.5005625 0.4993125 0.5017333 0.5041 -9999 0.5068334
0.494 0.4914375 0.4900625 0.4871875 0.4851875 0.486625 0.4898749 0.4917501 0.4931875 0.489875 0.4873751 0.488625 0.4909376 0.4896875 0.4901249 0.483125 0.4646875 0.469625 0.478125 0.4805 0.48125 0.47875 0.4711875 0.4798125 0.490625 0.4889375 0.4914375 0.494875 0.498375 0.50025 0.5007499 0.5003124 0.4990624 0.49925 0.499 0.4983125 0.496375 0.4980625 0.4975625 0.4939375 0.4919375 0.4965 0.49975 0.4980625 0.4984376 0.4990625 0.4986251 0.499 0.4986876 0.498125 0.4985625 0.499375 0.499625 0.499875 0.4998125 0.4995625 0.4976875 0.5010908 -9999 0.5024286 0.5019374 0.5036666 0.506 0.5061334 0.5068001
0.492875 0.4894375 0.4893125 0.4820625 0.4736875 0.4790625 0.4846875 0.48675 0.4904375 0.4910625 0.4766251 0.4739375 0.488625 0.4844375 0.4853125 0.479375 0.4611875 0.471 0.4799375 0.4841875 0.4843751 0.4798125 0.474375 0.47975 0.4906875 0.4983125 0.498875 0.4996875 0.5001249 0.4994375 0.49975 0.4991875 0.493625 0.4936875 0.491625 0.4930625 0.490125 0.4935625 0.496625 0.49675 0.4954375 0.49875 0.5000625 0.4965625 0.496 0.4990625 0.499625 0.5 0.4983125 0.498125 0.4989375 0.4994375 0.500125 0.50025 0.5 0.5015 0.49875 0.502125 -9999 0.5016363 0.50275 0.505 0.5061 0.5066 -9999
0.49325 0.484375 0.4819376 0.483125 0.47625 0.4711875 0.4725625 0.474125 0.4895 0.4921875 0.4865 0.469125 0.4816875 0.474625 0.4686249 0.4634375 0.46025 0.4703125 0.481875 0.4849376 0.485875 0.4870625 0.4893125 0.49225 0.4963751 0.4939375 0.494375 0.496625 0.498375 0.4973125 0.49725 0.4949375 0.4956875 0.4959999 0.496375 0.498 0.4956875 0.49875 0.5000625 0.4994376 0.5003125 0.49975 0.4963125 0.4965 0.4991875 0.5001875 0.501375 0.5015 0.5006875 0.5007499 0.5010625 0.4998125 0.5005 0.502 0.5025626 0.5024667 0.501 0.503 -9999 0.5025 0.503 0.505077 0.5060909 -9999 -9999
0.493375 0.4891875 0.4711875 0.4641875 0.46425 0.4625625 0.464125 0.480375 0.4815625 0.4855625 0.492 0.475125 0.459875 0.4508125 0.4501249 0.4583125 0.46875 0.478375 0.4855 0.4860626 0.486375 0.489625 0.4940625 0.4915 0.4939375 0.486875 0.48475 0.492 0.49225 0.4944375 0.4926875 0.4928125 0.4956875 0.495625 0.4945 0.4960625 0.494125 0.4975 0.4984375 0.4966875 0.5010625 0.5008125 0.497375 0.4976251 0.5008125 0.5015 0.5010625 0.50025 0.5025 0.5028751 0.5030626 0.5028751 0.5026876 0.5034001 0.5037334 0.5038572 0.5040001 0.504 -9999 -9999 0.506 0.5062 0.507 -9999 -9999
0.4896875 0.4920625 0.484 0.4684375 0.4635625 0.4626874 0.4625625 0.4649375 0.4695625 0.484125 0.4901875 0.4791875 0.454375 0.4285 0.434 0.446875 0.460625 0.4719375 0.4786875 0.4859375 0.4885624 0.491375 0.4924375 0.488625 0.485125 0.474125 0.4744375 0.4868125 0.48875 0.4920625 0.4858125 0.485 0.4873125 0.4915625 0.4955625 0.4945625 0.487625 0.495125 0.4973125 0.4994375 0.5016249 0.500125 0.49825 0.4996875 0.50025 0.4999375 0.5000625 0.5003125 0.501 0.5015625 0.502875 0.5035626 0.5038126 0.5038668 0.5037778 0.5042 -9999 -9999 0.505 0.5053077 0.506 0.5066 -9999 -9999 -9999
0.472375 0.4816875 0.4860625 0.4713125 0.460625 0.4605 0.45975 0.4611875 0.467875 0.478125 0.4755625 0.4685624 0.4563125 0.4365625 0.42775 0.4434375 0.4614375 0.4685625 0.477375 0.483125 0.4870625 0.4895625 0.4913125 0.487875 0.4810625 0.468625 0.471625 0.4745625 0.48375 0.4771875 0.473875 0.4723125 0.476625 0.4846875 0.4915 0.4901875 0.4903125 0.491125 0.494875 0.500375 0.5 0.4990625 0.49675 0.4988126 0.500375 0.5008749 0.5020624 0.5018749 0.4965625 0.49725 0.50275 0.5030625 0.50325 0.5028124 0.5019374 0.5038125 0.5051667 0.5045 0.50425 0.5055 0.506375 0.5075 -9999 -9999 -9999
0.4633749 0.4635 0.4635625 0.4675 0.4626875 0.4654375 0.4639375 0.4637501 0.464375 0.4675 0.4656875 0.467375 0.4699375 0.472625 0.4621875 0.4608125 0.4530625 0.43975 0.4564375 0.4685 0.4788125 0.4779375 0.487875 0.4848125 0.4699374 0.4684375 0.4685625 0.4676875 0.471625 0.468125 0.46925 0.47325 0.4749375 0.48025 0.4901249 0.4946875 0.4928125 0.4951875 0.4980626 0.5006875 0.4989376 0.496875 0.4975625 0.5005625 0.5006875 0.5005 0.499375 0.499 0.502375 0.502625 0.5035 0.5014374 0.5025 0.5013125 0.500875 0.5038126 0.5048126 0.5050001 0.505375 0.506625 0.5075999 0.508 -9999 0.5105 0.5105
0.465125 0.4586875 0.4633125 0.4690625 0.4740625 0.46975 0.465125 0.4647501 0.467375 0.476625 0.4693125 0.476375 0.4833125 0.48575 0.4711875 0.4659375 0.4636875 0.46125 0.4624375 0.469375 0.47225 0.475875 0.4849375 0.48125 0.47125 0.4611875 0.467875 0.474 0.47 0.4713125 0.4721875 0.4776875 0.4800625 0.4868125 0.49375 0.4965 0.4996875 0.49925 0.4960625 0.5003125 0.49825 0.4973125 0.4980001 0.4986876 0.49975 0.5006874 0.5019374 0.5029376 0.501875 0.5000625 0.5017499 0.499375 0.5006875 0.4935625 0.49975 0.5030625 0.5044376 0.5053126 0.5061876 0.507625 0.508 -9999 -9999 -9999 -9999
0.4688125 0.475 0.4834375 0.477875 0.47075 0.4664375 0.4651251 0.467875 0.4700625 0.4786875 0.482875 0.479125 0.4896876 0.4905 0.4733125 0.4691875 0.4683125 0.471 0.470625 0.471875 0.4720001 0.473125 0.4739375 0.4743125 0.4729375 0.46725 0.4721876 0.4785624 0.47375 0.477375 0.4746875 0.4815 0.4866875 0.4895625 0.4945625 0.4975 0.499375 0.50125 0.498625 0.5010625 0.497625 0.498 0.4951875 0.4975001 0.49925 0.5024375 0.502875 0.5008125 0.498375 0.4983125 0.4978125 0.49475 0.4965625 0.4954375 0.5008125 0.503125 0.5059375 0.5068125 0.5073845 0.5083333 0.509 -9999 -9999 -9999 -9999
0.485375 0.4874375 0.4785625 0.4688125 0.4684375 0.4653125 0.4669375 0.4704375 0.4745625 0.4815 0.4845 0.4885 0.4914375 0.4949375 0.4858125 0.4768125 0.4755 0.4708125 0.47375 0.4718125 0.4739375 0.475625 0.4773126 0.4795625 0.4778125 0.47625 0.48275 0.4794375 0.479375 0.4794375 0.4745626 0.4774375 0.4871875 0.4915625 0.494625 0.497 0.4989375 0.501125 0.5025 0.5016875 0.5013125 0.4984375 0.494125 0.4986875 0.500875 0.4999375 0.4998125 0.500375 0.496 0.4925 0.4924375 0.4979375 0.49625 0.495625 0.50075 0.5046251 0.5065625 0.5078124 0.5086667 0.5088 -9999 -9999 -9999 -9999 -9999
0.4928125 0.4834375 0.47925 0.48 0.469875 0.4403124 0.451125 0.4675625 0.4726875 0.4776874 0.4879375 0.4864374 0.491125 0.495375 0.495375 0.491125 0.4901875 0.4761875 0.473625 0.4780625 0.47575 0.4756875 0.4776875 0.4818125 0.48525 0.4779375 0.486 0.48225 0.4795626 0.4869375 0.47825 0.47625 0.4855 0.493375 0.496875 0.498375 0.498875 0.5015625 0.5033126 0.5027501 0.5031875 0.4985625 0.497 0.4999375 0.49675 0.49625 0.5010625 0.5005 0.4976875 0.49175 0.496375 0.5039375 0.5005 0.50125 0.5004376 0.50525 0.5071875 0.5081249 0.5090624 -9999 -9999 -9999 -9999 -9999 -9999
0.49525 0.49125 0.492125 0.488875 0.468125 0.4231875 0.4318125 0.4641875 0.47375 0.474 0.4790626 0.4855625 0.4943125 0.4974375 0.49775 0.496875 0.4901875 0.466875 0.4723125 0.48725 0.4786875 0.47575 0.47525 0.479375 0.4830625 0.483375 0.4840626 0.4899375 0.4886875 0.48575 0.47975 0.4810625 0.4895 0.4965 0.499 0.4991249 0.4993125 0.5018125 0.503625 0.5048125 0.5041875 0.502 0.50375 0.503625 0.49825 0.5019375 0.5003125 0.4973751 0.4988125 0.496 0.5029375 0.505375 0.5055625 0.5036875 0.5019375 0.5046875 0.5073749 0.5085624 0.5096 -9999 -9999 -9999 -9999 -9999 -9999
0.492 0.4969375 0.49075 0.4758125 0.464875 0.4406875 0.4609375 0.4686875 0.4805625 0.4876875 0.4809375 0.4780625 0.4906251 0.49675 0.498 0.4988126 0.4948125 0.478375 0.4778125 0.4925 0.4855625 0.4773124 0.4740625 0.4779375 0.4815626 0.4895 0.4869375 0.4925625 0.492875 0.4890625 0.4863751 0.4856875 0.4836251 0.489625 0.49325 0.4959375 0.4974375 0.5005 0.5016875 0.5030625 0.50575 0.5060625 0.5058125 0.50675 0.503125 0.506125 0.5035 0.49575 0.49875 0.49925 0.5015 0.506125 0.5071875 0.5041875 0.503 0.5068125 0.5085624 0.5094376 0.5101429 -9999 -9999 -9999 -9999 -9999 -9999
0.4829375 0.4970626 0.49625 0.485125 0.4746875 0.4780625 0.484375 0.4816875 0.4785 0.4860625 0.4945625 0.4839375 0.4885 0.4955 0.4968751 0.4983125 0.49825 0.4939375 0.4915625 0.4945 0.485 0.478875 0.4805 0.481 0.485125 0.491 0.4929375 0.492625 0.4945624 0.49225 0.4890625 0.4875625 0.48575 0.4871875 0.49275 0.4985625 0.5011875 0.502875 0.5024999 0.5035625 0.5048751 0.506125 0.505625 0.5073749 0.507125 0.507125 0.5051876 0.5 0.5023125 0.505125 0.5054375 0.507625 0.50775 0.501375 0.5023125 0.5073125 0.509375 0.5102144 -9999 -9999 -9999 -9999 -9999 -9999 -9999
0.487375 0.4968126 0.499625 0.4963125 0.491375 0.4934375 0.4961875 0.494875 0.4886875 0.49525 0.4983125 0.493625 0.4878125 0.489 0.4941875 0.49675 0.4984376 0.4965625 0.4940625 0.4955625 0.4879375 0.4831875 0.4845626 0.490125 0.4836875 0.4901875 0.4952499 0.4953124 0.494625 0.4905625 0.4869375 0.48775 0.490375 0.4889374 0.49075 0.4939375 0.4989375 0.497375 0.500375 0.5023749 0.5019374 0.5045 0.504625 0.5069375 0.5084999 0.5051876 0.5048126 0.505875 0.50675 0.5050625 0.503375 0.5057501 0.5084375 0.5006875 0.50375 0.508 0.5098751 0.5109167 -9999 -9999 -9999 -9999 -9999 -9999 -9999
0.49175 0.49875 0.5001875 0.500375 0.5003124 0.5004374 0.5006875 0.50025 0.495875 0.4955 0.500375 0.4980625 0.488625 0.485125 0.4835625 0.4928125 0.4977501 0.49875 0.4974376 0.49725 0.4903125 0.4863125 0.487375 0.4931875 0.4928125 0.4938125 0.4963751 0.496125 0.492375 0.4885 0.489375 0.490125 0.4930626 0.491625 0.4930625 0.494 0.49825 0.4975625 0.49925 0.50275 0.5046875 0.5033751 0.505125 0.5068125 0.5082499 0.5076249 0.5078125 0.5086876 0.5084375 0.5096876 0.5071876 0.5056875 0.5094616 0.5040625 0.5055625 0.5097501 0.5106154 0.5112857 -9999 -9999 -9999 -9999 -9999 -9999 -9999
0.4935 0.49625 0.4954375 0.4990625 0.4991876 0.5003125 0.5019999 0.5025 0.501125 0.49975 0.501125 0.4975 0.4925626 0.4918125 0.48375 0.49325 0.4976876 0.4991875 0.4994375 0.498625 0.495625 0.492375 0.4926875 0.4955626 0.4963126 0.4968126 0.4971876 0.494625 0.4921251 0.4914376 0.492125 0.4928125 0.4980625 0.496875 0.4975 0.4955 0.4978125 0.50125 0.5000625 0.502875 0.5061875 0.50575 0.5044376 0.5056875 0.507125 0.5081875 0.5090625 0.50875 0.5095625 0.5089999 0.5100001 0.5100625 0.5104001 0.5075333 0.5070625 0.5102501 0.5114 -9999 -9999 -9999 -9999 -9999 -9999 -9999 -9999
0.488 0.4880625 0.4925625 0.49425 0.4960625 0.499875 0.5011874 0.501125 0.502625 0.50275 0.5022501 0.50075 0.4985 0.4950625 0.49025 0.4963751 0.4983125 0.49775 0.4996875 0.4996875 0.499125 0.4981875 0.4976875 0.498375 0.49825 0.4984375 0.498125 0.4969375 0.49475 0.4943125 0.493625 0.494125 0.4956875 0.499 0.5005625 0.4998125 0.499875 0.5026876 0.5051876 0.5053125 0.507625 0.5074999 0.5063125 0.506375 0.5089374 0.507625 0.5068125 0.5085 0.5081875 0.5088125 0.5091249 0.5104375 0.50925 0.51025 0.5104546 0.5115 0.5118889 -9999 -9999 -9999 -9999 -9999 -9999 -9999 -9999
0.4765625 0.4823125 0.4848125 0.48575 0.4973125 0.500375 0.4988751 0.5005625 0.5004375 0.4990001 0.501375 0.5028126 0.5016251 0.501375 0.5005624 0.5011874 0.501 0.5008125 0.5000625 0.4996875 0.4988751 0.4995625 0.4995625 0.499125 0.499 0.499 0.499 0.4978751 0.4970001 0.496125 0.4949375 0.493875 0.4963751 0.4992501 0.502 0.5038126 0.5036876 0.5055 0.5065 0.5061875 0.5070625 0.506125 0.5018749 0.505375 0.5079374 0.5083749 0.50725 0.5084375 0.5076875 0.5095001 0.5096874 0.5094374 0.508875 0.5098749 0.5118182 0.512 0.5121667 -9999 -9999 -9999 -9999 -9999 -9999 -9999 -9999
0.474375 0.4786251 0.4878125 0.4934375 0.493875 0.4963125 0.49575 0.4995625 0.497875 0.497875 0.50125 0.5029376 0.5024999 0.5018749 0.5007499 0.4996875 0.5001875 0.500125 0.499625 0.4992501 0.497375 0.497625 0.4983126 0.4989375 0.4988126 0.4995625 0.4996875 0.4986875 0.4970626 0.4980625 0.4965 0.4951875 0.4976875 0.5003125 0.5010625 0.5021875 0.504875 0.506375 0.5058125 0.5041251 0.506375 0.505375 0.5034375 0.5034375 0.5060625 0.5048125 0.5066875 0.5065625 0.5086874 0.50925 0.507875 0.506 0.5079374 0.5080625 0.5113125 0.5121539 0.512875 -9999 -9999 -9999 -9999 -9999 -9999 -9999 -9999
0.4791875 0.4865001 0.4916875 0.4975 0.496875 0.4941875 0.4881875 0.49425 0.4970624 0.49875 0.502125 0.50225 0.4996875 0.5000001 0.5 0.499375 0.4996875 0.4975625 0.4966875 0.4986876 0.4963125 0.493875 0.4944375 0.4971875 0.4972501 0.4986875 0.4998125 0.49975 0.49925 0.4985625 0.4973751 0.4979375 0.4983751 0.5003124 0.5032501 0.5041251 0.504875 0.5045001 0.5048125 0.5035 0.5059375 0.50425 0.5029374 0.5029375 0.506 0.5040625 0.5016875 0.5055 0.5076874 0.5071875 0.50725 0.5073125 0.505875 0.5081875 0.51125 0.5122728 0.513 -9999 -9999 -9999 -9999 -9999 -9999 -9999 -9999
0.4710625 0.487875 0.492625 0.489875 0.4885625 0.49925 0.4959375 0.4985625 0.498875 0.4991249 0.502125 0.501375 0.4973125 0.4974375 0.4973125 0.4989375 0.496375 0.4969375 0.4921875 0.49675 0.4973125 0.49275 0.492125 0.49425 0.4971875 0.4994375 0.5 0.5000625 0.5 0.4996875 0.499375 0.4995 0.4998125 0.5015 0.5025625 0.5034375 0.5043125 0.50475 0.5043126 0.5040001 0.5055 0.5050625 0.502125 0.5020625 0.5034375 0.5035 0.5033751 0.504375 0.5061875 0.508 0.505 0.5070625 0.5088125 0.5096875 0.5111875 0.5124286 0.513 -9999 -9999 -9999 -9999 -9999 -9999 -9999 -9999
0.4708125 0.476875 0.4781875 0.4871875 0.493 0.4985 0.501375 0.5012499 0.5018749 0.5025001 0.5008125 0.496375 0.4951875 0.4949375 0.49075 0.494 0.49275 0.49525 0.4925001 0.4954375 0.493375 0.492875 0.493 0.4949375 0.497 0.499625 0.4999375 0.5005 0.5008125 0.5008125 0.5007499 0.5008125 0.50025 0.5006875 0.50125 0.5011875 0.5041251 0.5033125 0.503125 0.5036875 0.50225 0.505 0.5026875 0.5005625 0.5029375 0.500375 0.501125 0.50125 0.5028125 0.5035 0.501625 0.5063125 0.5103126 0.5116251 0.5120625 0.513 0.513 0.513125 -9999 -9999 -9999 -9999 -9999 -9999 -9999
0.4493125 0.471375 0.48525 0.490875 0.4865624 0.4949375 0.4980626 0.499375 0.501625 0.5016249 0.4985625 0.4945625 0.487 0.48825 0.4875 0.4930625 0.4898125 0.491125 0.4920625 0.4935625 0.493125 0.494625 0.4957499 0.49725 0.4969375 0.49875 0.499875 0.500375 0.501 0.501 0.501 0.5008749 0.5004375 0.5006875 0.5013124 0.50225 0.5042501 0.5016875 0.4990625 0.4995624 0.4914375 0.4995625 0.501875 0.5016874 0.4995 0.4965625 0.4978125 0.4923126 0.4990624 0.50075 0.503625 0.5063125 0.5090625 0.5110625 0.511875 0.51275 0.512625 0.5134 -9999 -9999 -9999 -9999 -9999 -9999 -9999
0.444375 0.4660625 0.4821875 0.4845 0.4875625 0.4978125 0.4993125 0.5009999 0.5016874 0.5005625 0.4925625 0.4824375 0.48325 0.476375 0.4795 0.487625 0.484625 0.4885 0.49025 0.4915626 0.4924376 0.493 0.493 0.4935625 0.4945625 0.4949375 0.4980626 0.4999375 0.5008749 0.501 0.5001875 0.5003125 0.5009375 0.5009375 0.500875 0.5005 0.501375 0.500125 0.4934375 0.4880625 0.48625 0.492375 0.49475 0.4960625 0.495125 0.4924375 0.4881875 0.4808125 0.49 0.4926875 0.4980625 0.5018125 0.5055625 0.5101875 0.5115626 0.5104375 0.510625 0.512 0.515 -9999 -9999 -9999 -9999 -9999 -9999
0.4376251 0.46375 0.481 0.489375 0.492625 0.4966875 0.4993125 0.5006875 0.500375 0.500375 0.4955625 0.48175 0.4716875 0.449 0.4589375 0.4733125 0.466375 0.477625 0.48625 0.4906876 0.4925625 0.4951875 0.49525 0.497625 0.4968125 0.4966875 0.498125 0.5004375 0.501125 0.5018124 0.5008125 0.5006875 0.5001875 0.5001875 0.4975625 0.4935625 0.4926875 0.4936875 0.485375 0.473375 0.470125 0.4753125 0.48025 0.478625 0.47475 0.4786875 0.4755 0.4729375 0.481625 0.4885 0.4980625 0.5046875 0.5083749 0.5074375 0.5095 0.5050625 0.5075 0.5115 0.5141667 -9999 -9999 -9999 -9999 -9999 -9999
0.4340625 0.4593124 0.46925 0.48425 0.4950626 0.4973125 0.496625 0.4991876 0.4981875 0.499875 0.49325 0.4875 0.4764375 0.46025 0.4496875 0.4395 0.4538125 0.4786875 0.4859375 0.4895 0.493 0.4960625 0.4958125 0.4958125 0.49725 0.4993125 0.5 0.5009375 0.5015 0.5019999 0.500875 0.500625 0.5005625 0.499375 0.496625 0.484625 0.4778751 0.4829375 0.4803125 0.4755 0.4705625 0.4690625 0.469625 0.4771875 0.4783125 0.485875 0.4904375 0.490375 0.490125 0.4880625 0.4959375 0.5025 0.5039375 0.507375 0.5058125 0.504 0.5095 0.51325 0.5148571 -9999 -9999 -9999 -9999 -9999 -9999
0.421 0.4389375 0.45825 0.4743125 0.4813125 0.4855625 0.496 0.4936876 0.49625 0.4971875 0.492875 0.4902499 0.4884375 0.48275 0.46725 0.45875 0.473875 0.486125 0.4895 0.4880624 0.491375 0.4923125 0.492625 0.49475 0.4965625 0.4975001 0.4986875 0.501375 0.5019999 0.5019999 0.5005 0.5004374 0.5 0.498375 0.499375 0.4949375 0.4921875 0.4945 0.4949375 0.49325 0.4919375 0.494125 0.492125 0.4946875 0.49525 0.4961875 0.499375 0.4981875 0.4955 0.4984375 0.499125 0.4973125 0.5016875 0.5035 0.5043126 0.5056251 0.509375 0.5128126 0.5149999 0.5153333 0.517 -9999 -9999 -9999 -9999
