Code_and_data/Tas_Plant_GDM_Files/ASCII grids/isothermality_2100_1km.asc
ncols         470
nrows         479
xllcorner     143.8
yllcorner     -43.7425
cellsize      0.01
NODATA_value  -9999
[rows 203 to 231 of 479, columns 260 to 324 of 470]
-9999 -9999 -9999 -9999 -9999 -9999 -9999 -9999 -9999 -9999 -9999 -9999 -9999 -9999 -9999 -9999 -9999 -9999 -9999 -9999 -9999 -9999 -9999 -9999 -9999 -9999 -9999 -9999 -9999 -9999 -9999 -9999 -9999 -9999 -9999 -9999 -9999 -9999 -9999 -9999 -9999 -9999 -9999 -9999 -9999 -9999 -9999 -9999 -9999 -9999 -9999 -9999 -9999 -9999 -9999 -9999 -9999 -9999 -9999 0.471 0.4708 0.4696666 0.4697692 0.472 0.4722
-9999 -9999 -9999 -9999 -9999 -9999 -9999 -9999 -9999 -9999 -9999 -9999 -9999 -9999 -9999 -9999 -9999 -9999 -9999 -9999 -9999 -9999 -9999 -9999 -9999 -9999 -9999 -9999 -9999 -9999 -9999 -9999 -9999 -9999 -9999 -9999 -9999 -9999 -9999 -9999 -9999 -9999 -9999 -9999 -9999 -9999 -9999 -9999 -9999 -9999 -9999 -9999 -9999 -9999 -9999 -9999 -9999 -9999 0.471 0.4710001 0.4707501 0.4703125 0.4703124 0.4715001 0.4725626
-9999 -9999 -9999 -9999 -9999 -9999 -9999 -9999 -9999 -9999 -9999 -9999 -9999 -9999 -9999 -9999 -9999 -9999 -9999 -9999 -9999 -9999 -9999 -9999 -9999 -9999 -9999 -9999 -9999 -9999 -9999 -9999 -9999 -9999 -9999 -9999 -9999 -9999 -9999 -9999 -9999 -9999 -9999 -9999 -9999 -9999 -9999 -9999 -9999 -9999 -9999 -9999 -9999 -9999 -9999 -9999 0.47 0.4703333 0.4710001 0.4710001 0.4710001 0.4708751 0.4698124 0.470625 0.4725001
-9999 -9999 -9999 -9999 -9999 -9999 -9999 -9999 -9999 -9999 -9999 -9999 -9999 -9999 -9999 -9999 -9999 -9999 -9999 -9999 -9999 -9999 -9999 -9999 -9999 -9999 -9999 -9999 -9999 -9999 -9999 -9999 -9999 -9999 -9999 -9999 -9999 -9999 -9999 -9999 -9999 -9999 -9999 -9999 -9999 -9999 -9999 0.4653333 0.465 -9999 -9999 -9999 -9999 -9999 -9999 0.47 0.4699999 0.4701875 0.4710001 0.4710001 0.4710001 0.4708125 0.4692499 0.469875 0.4725626
-9999 -9999 -9999 -9999 -9999 -9999 -9999 -9999 -9999 -9999 -9999 -9999 -9999 -9999 -9999 -9999 -9999 -9999 -9999 -9999 -9999 -9999 -9999 -9999 -9999 -9999 -9999 -9999 -9999 -9999 -9999 -9999 -9999 -9999 -9999 -9999 -9999 -9999 -9999 -9999 -9999 -9999 -9999 -9999 -9999 -9999 0.4661429 0.4651251 0.465 0.46575 0.466375 0.4678 0.4685 0.4681111 0.4687273 0.4696666 0.4708126 0.4710001 0.4710001 0.4711876 0.4712501 0.4712501 0.4705626 0.4713751 0.4731875
-9999 -9999 -9999 -9999 -9999 -9999 -9999 -9999 -9999 -9999 -9999 -9999 -9999 -9999 -9999 -9999 -9999 -9999 -9999 -9999 -9999 -9999 -9999 -9999 -9999 -9999 -9999 -9999 -9999 -9999 -9999 -9999 -9999 -9999 -9999 -9999 -9999 -9999 -9999 -9999 -9999 -9999 -9999 0.467 0.4661429 0.4656 0.4657501 0.4656875 0.46575 0.4660001 0.4663125 0.4673125 0.46775 0.4674375 0.467875 0.469 0.4705625 0.4711876 0.4711876 0.4716876 0.4720001 0.4720001 0.4719376 0.4721251 0.473625
-9999 -9999 -9999 -9999 -9999 -9999 -9999 -9999 -9999 -9999 -9999 -9999 -9999 -9999 -9999 -9999 -9999 -9999 -9999 -9999 -9999 -9999 -9999 -9999 -9999 -9999 -9999 -9999 -9999 -9999 -9999 -9999 -9999 -9999 -9999 -9999 -9999 -9999 -9999 -9999 -9999 -9999 0.4674444 0.4663125 0.4659376 0.4658125 0.4660001 0.4660001 0.4660001 0.4661875 0.466875 0.4675625 0.468 0.4681875 0.4686874 0.4696249 0.4707501 0.4718751 0.4720001 0.4722501 0.4725626 0.472625 0.4726875 0.472875 0.473375
-9999 -9999 -9999 -9999 -9999 -9999 -9999 -9999 -9999 -9999 -9999 -9999 -9999 -9999 -9999 -9999 -9999 -9999 -9999 -9999 -9999 -9999 -9999 -9999 -9999 -9999 -9999 -9999 -9999 -9999 -9999 -9999 -9999 -9999 -9999 -9999 -9999 -9999 0.469 0.47 -9999 0.4687143 0.4678125 0.467375 0.46675 0.4666875 0.4665 0.4665 0.46675 0.467125 0.4674375 0.4679375 0.4683124 0.4689375 0.4695624 0.4705625 0.4714376 0.4721876 0.472625 0.4730625 0.4735625 0.47375 0.47375 0.4735 0.4736875
-9999 -9999 -9999 -9999 -9999 -9999 -9999 -9999 -9999 -9999 -9999 -9999 -9999 -9999 -9999 -9999 -9999 -9999 -9999 -9999 -9999 -9999 -9999 -9999 -9999 -9999 -9999 -9999 -9999 -9999 0.474 0.4748181 0.475 -9999 -9999 -9999 -9999 -9999 -9999 0.47 0.4697857 0.4684374 0.468 0.468 0.468 0.4679375 0.46775 0.467875 0.4679375 0.4682499 0.4682499 0.4684374 0.4689375 0.4693749 0.4700624 0.4709376 0.4719376 0.4723126 0.473 0.4739375 0.474 0.474 0.47425 0.474375 0.475125
-9999 -9999 -9999 -9999 -9999 -9999 -9999 -9999 -9999 -9999 -9999 -9999 -9999 -9999 -9999 -9999 -9999 -9999 -9999 -9999 -9999 -9999 -9999 -9999 -9999 -9999 -9999 -9999 -9999 -9999 0.477 0.4746154 0.4734667 0.474 0.475 0.474 0.4734 0.473 -9999 -9999 0.4704286 0.4694374 0.4686249 0.468 0.468 0.4680625 0.4680625 0.4682499 0.4686249 0.4689375 0.4691874 0.4696249 0.4698124 0.4699999 0.4706251 0.4716251 0.4721251 0.4722501 0.473375 0.4740625 0.474125 0.4740625 0.474375 0.4751874 0.476
-9999 -9999 -9999 -9999 -9999 -9999 -9999 -9999 -9999 -9999 -9999 -9999 -9999 -9999 -9999 -9999 -9999 -9999 -9999 -9999 -9999 -9999 -9999 -9999 -9999 -9999 -9999 -9999 -9999 0.4783333 0.4774286 0.4753749 0.4739375 0.4731875 0.4745384 0.4742 0.4735 0.473 0.473 -9999 -9999 0.4704615 0.4691874 0.469 0.4692499 0.469 0.4690624 0.4695624 0.4693749 0.4695624 0.4699374 0.4701875 0.4707501 0.4710001 0.4716251 0.4725001 0.4721876 0.472875 0.473875 0.4748749 0.4749374 0.4740625 0.4751874 0.4761875 0.4770625
-9999 -9999 -9999 -9999 -9999 -9999 -9999 -9999 -9999 -9999 -9999 -9999 -9999 -9999 -9999 -9999 -9999 -9999 -9999 -9999 -9999 -9999 -9999 -9999 0.4781111 0.4774 0.4775 0.4805 0.4799 0.4788125 0.4778126 0.4770001 0.47625 0.4748124 0.4749374 0.474125 0.4735 0.4733125 0.473 0.473 -9999 0.471125 0.4699374 0.4691249 0.4691874 0.469875 0.4706251 0.4707501 0.4707501 0.4707501 0.4708126 0.4711251 0.4715001 0.4721112 0.4720001 0.4731818 0.47325 0.4735625 0.4743125 0.4749999 0.4751874 0.474625 0.4754999 0.4770626 0.4779375
-9999 -9999 -9999 -9999 -9999 -9999 -9999 -9999 -9999 -9999 -9999 -9999 -9999 -9999 -9999 -9999 -9999 -9999 -9999 -9999 -9999 -9999 -9999 -9999 0.4796 0.477875 0.4769376 0.4778751 0.4788751 0.4787501 0.4780625 0.478 0.4771251 0.4763125 0.4758749 0.4745 0.474 0.474 0.4738125 0.4735 -9999 0.4718 0.4711667 0.4701249 0.4699999 0.4706875 0.4719376 0.4716876 0.4711251 0.471375 0.4718126 0.4721876 0.472625 0.472875 0.4736364 0.4742222 0.4745625 0.4745 0.4745 0.4749374 0.4757499 0.4753124 0.476 0.4771876 0.4778125
-9999 -9999 -9999 -9999 -9999 -9999 -9999 -9999 -9999 -9999 -9999 -9999 0.489 0.489 -9999 -9999 -9999 -9999 -9999 -9999 -9999 -9999 -9999 0.4844 0.482 0.4809375 0.4790625 0.4771875 0.47775 0.4778751 0.478 0.478 0.4778751 0.4771251 0.4766251 0.4756874 0.47475 0.4746875 0.474125 0.4736923 0.4731539 -9999 0.4713333 0.4704376 0.4706251 0.4710626 0.4715626 0.4720001 0.4721876 0.4724376 0.4728125 0.473 0.47275 0.4723126 0.4736875 0.474375 0.4749999 0.4749999 0.4749999 0.4745625 0.475125 0.4758749 0.4764374 0.4769376 0.4775001
-9999 -9999 -9999 -9999 -9999 -9999 -9999 -9999 -9999 -9999 -9999 -9999 0.48975 0.4898666 0.49 -9999 -9999 -9999 -9999 -9999 -9999 -9999 0.4855 0.4847334 0.4822499 0.480125 0.4791251 0.479625 0.4781875 0.4769375 0.478 0.478125 0.47825 0.4778751 0.4770001 0.4765626 0.476 0.4751874 0.47475 0.4739375 0.4733125 0.4736667 0.472 0.4716924 0.4717501 0.4721251 0.4725001 0.4727857 0.4735 0.4736875 0.473625 0.4735625 0.4735625 0.473125 0.4731875 0.4733125 0.4746875 0.4749999 0.4754374 0.4754374 0.4753749 0.4759375 0.476 0.4764999 0.4765625
-9999 -9999 -9999 -9999 -9999 -9999 -9999 -9999 -9999 -9999 -9999 0.4898334 0.4893333 0.4890625 0.49 -9999 -9999 -9999 -9999 -9999 0.4885 0.4875 0.4854375 0.4848126 0.4836251 0.48275 0.4803125 0.4784375 0.4791875 0.4778125 0.4780625 0.478125 0.4789376 0.4784375 0.4778126 0.4771876 0.4765626 0.4761875 0.4754999 0.4749166 0.4741667 0.474125 0.473 0.473 0.4732 0.4733637 0.4738 -9999 0.475 0.4751429 0.4751333 0.4749999 0.4749999 0.4741875 0.4738125 0.473125 0.47475 0.4752499 0.476 0.4761875 0.4763126 0.4765001 0.4766251 0.4765626 0.476375
-9999 -9999 -9999 -9999 -9999 -9999 -9999 -9999 0.49 0.49 0.4897857 0.488625 0.4880624 0.4889999 0.49 -9999 0.489 0.489 0.489 0.4886154 0.48825 0.487875 0.4869375 0.4850626 0.4828124 0.4835625 0.4820624 0.4798125 0.48 0.48 0.48 0.4794375 0.4795 0.4791875 0.4787501 0.4785 0.4782 0.4772501 0.477 0.4765556 0.476 0.476 0.476 -9999 -9999 -9999 0.476 0.477 0.477 -9999 0.4765 0.4761538 0.4756249 0.4752499 0.4754374 0.4750624 0.4749999 0.4756249 0.4762501 0.4769376 0.4771251 0.4772501 0.4772501 0.4772501 0.4776251
-9999 -9999 -9999 0.4903333 0.49 0.49 0.49 0.4893334 0.4892 0.489 0.4885 0.487875 0.4880624 0.4889999 0.489 0.489 0.48875 0.4880833 0.488 0.488 0.4875 0.4870625 0.4863125 0.4852501 0.4846876 0.4842501 0.4829375 0.4818749 0.4793125 0.4805625 0.481 0.481 0.48 0.48 0.4799375 0.4795625 0.4790001 0.4788 0.4778126 0.4768751 0.4760625 0.4763126 0.4766667 -9999 -9999 -9999 -9999 0.4770001 0.4770001 0.477 0.4776666 0.4765 0.4767858 0.4766876 0.4767501 0.476375 0.47575 0.475875 0.476375 0.4771876 0.4779375 0.478 0.4783125 0.4785625 0.478625
0.491 0.490375 0.4901333 0.4898749 0.4895624 0.4894999 0.48875 0.4874375 0.4864375 0.486625 0.48675 0.48675 0.4875 0.4880624 0.4882857 0.4882727 0.488 0.488 0.487 0.4866667 0.4867857 0.4865 0.4856876 0.4852501 0.4843126 0.4827499 0.4825625 0.4823124 0.481125 0.48025 0.4809999 0.48125 0.4800625 0.4806875 0.480875 0.48 0.4799375 0.4792 0.4783126 0.4776251 0.4771876 0.4772501 0.477625 0.4766667 0.4775 0.478 0.4779 0.478 0.4778751 0.4777501 0.478 0.478 0.4783333 0.478 0.4774376 0.4774376 0.4773126 0.4765 0.4766251 0.4775625 0.478125 0.4787501 0.4790001 0.4790001 0.4791875
0.4899999 0.4898749 0.4891874 0.4889999 0.48825 0.4875 0.4868125 0.486125 0.485875 0.4855626 0.48625 0.487 0.4861875 0.4873125 0.4874667 0.4875 0.4873636 -9999 0.4860834 0.4845001 0.4851251 0.4858125 0.4851876 0.4846251 0.4840626 0.4835625 0.4824999 0.4814374 0.48075 0.4811875 0.4809375 0.4804375 0.4795625 0.4804375 0.4805 0.48 0.4805625 0.4794375 0.4789376 0.4785625 0.4785 0.4784375 0.47825 0.4782 0.478 0.4773126 0.478 0.478 0.4781875 0.478 0.4781875 0.4788125 0.4793637 -9999 0.479 0.4790001 0.4787501 0.4780625 0.4778751 0.4772501 0.4783126 0.4790001 0.4791251 0.479625 0.48
0.4892499 0.4888124 0.4889999 0.4888124 0.4879999 0.4875 0.4865625 0.48625 0.4856251 0.4852501 0.4860001 0.486625 0.487 0.487 0.487 0.487 0.487 0.487 0.4861429 0.4851251 0.4848751 0.4845001 0.4839375 0.4832499 0.4836875 0.4830625 0.4819374 0.4813125 0.48 0.4793125 0.4791875 0.4795625 0.4800625 0.480375 0.48 0.4803125 0.48075 0.479625 0.4790001 0.4790001 0.4790001 0.4790001 0.4790001 0.479 0.479 0.4783846 0.478 0.478 0.478875 0.4786875 0.4790001 0.4795 0.48 0.4792667 0.4790001 0.479 0.4793846 0.479375 0.4788125 0.4785 0.4788125 0.479625 0.48 0.48 0.48
0.4884374 0.4881875 0.48825 0.4881249 0.4879999 0.4871875 0.487 0.4864375 0.486 0.4858125 0.48575 0.486 0.4869375 0.487 0.4864375 0.486375 0.4865715 -9999 0.4851818 0.4845001 0.4846251 0.4835625 0.4829374 0.4829374 0.4825625 0.4826874 0.4826249 0.4820624 0.48125 0.4791875 0.4770625 0.479625 0.480375 0.48 0.48 0.480875 0.4809375 0.48025 0.4796875 0.4798125 0.4790626 0.4790001 0.479375 0.48 0.479875 0.47975 0.4790626 0.478875 0.4790001 0.4792667 0.4797143 0.4801666 0.480625 0.4804375 0.47975 0.4795625 0.479875 0.4799375 0.4798125 0.4794375 0.4796875 0.48 0.48 0.48 0.480375
0.4888124 0.4885624 0.4879999 0.4879375 0.487625 0.4869375 0.4861875 0.486 0.4866875 0.486875 0.4865 0.4864375 0.4869375 0.4864375 0.486 0.486 0.486 0.486 0.486 0.4855334 0.4848572 0.4841251 0.4825625 0.4830625 0.4821249 0.4819374 0.4816249 0.4815624 0.4818124 0.4806875 0.4775 0.47725 0.48025 0.480625 0.4808125 0.481 0.4811875 0.480875 0.48 0.480125 0.4796875 0.4795 0.48 0.48025 0.48 0.48 0.4799375 0.4794375 0.4790001 0.4796 0.48075 0.481 0.481 0.481 0.4807692 0.48 0.48 0.48 0.48 0.4794375 0.479375 0.48 0.48 0.480625 0.481
0.4883749 0.4896249 0.4881249 0.4880624 0.4873125 0.486375 0.48625 0.4869375 0.487 0.486875 0.4865 0.4868125 0.486375 0.486 0.48575 0.4856251 0.486 0.486 0.486 0.486 0.4850001 0.4849376 0.4843126 0.48375 0.4830624 0.4831875 0.4821874 0.4810625 0.481 0.48075 0.47825 0.476875 0.4791251 0.4808125 0.481 0.4814374 0.4817499 0.481 0.481 0.481 0.481 0.4808125 0.48075 0.481 0.4809375 0.480375 0.48 0.48 0.4799375 0.4799375 0.4803333 0.4812222 0.4813333 0.481 0.481 0.48 0.48 0.48 0.4804375 0.48025 0.4799375 0.48 0.4805 0.480875 0.481
0.4886249 0.4894375 0.4899999 0.4896874 0.4883749 0.4873125 0.4869375 0.4869375 0.487 0.486625 0.486875 0.4865625 0.486 0.486 0.4856876 0.4856251 0.486 0.486 0.4855334 0.4851429 0.4853334 0.4840625 0.4838125 0.483625 0.4824374 0.4825625 0.4828749 0.4818749 0.4820624 0.4818124 0.481125 0.4786875 0.477125 0.4809375 0.4811874 0.4821249 0.4822499 0.4817499 0.4813125 0.481 0.481 0.481 0.481 0.481 0.481 0.481 0.4808125 0.48075 0.4806875 0.4805625 0.4809375 0.481 0.481 0.482 0.4813333 0.4806875 0.4805625 0.4808125 0.4816874 0.4810625 0.480625 0.48 0.480625 0.4808125 0.480875
0.4916876 0.4910626 0.4908126 0.4899999 0.4891874 0.4883749 0.487 0.487 0.4870625 0.487 0.4869375 0.48625 0.485875 0.4851876 0.4850626 0.486 0.4864545 0.4862 0.4853751 0.4852 0.486 0.4845625 0.4836251 0.4828124 0.482875 0.4823749 0.4826874 0.4825624 0.4818124 0.4819374 0.4812499 0.478375 0.477 0.4796875 0.48125 0.481875 0.4827499 0.4819999 0.4819999 0.4811875 0.481 0.4810625 0.4819374 0.481 0.4810625 0.4814999 0.4810625 0.481 0.481 0.4813749 0.481 0.481 0.481 0.481375 -9999 0.482 0.4819999 0.4819999 0.4814999 0.481 0.4809375 0.480875 0.4805625 0.479875 0.4805625
0.4920001 0.4918126 0.4911875 0.4899375 0.4891874 0.4886875 0.48725 0.487125 0.4873125 0.4870625 0.486875 0.485875 0.4860625 0.4858125 0.48625 0.4861875 0.4864667 0.486 0.4850626 0.4861539 0.4860625 0.4852501 0.4849375 0.4838751 0.4830625 0.4824374 0.4824374 0.483125 0.482875 0.4823124 0.4820624 0.4821249 0.4805624 0.4785625 0.479375 0.4808125 0.4828749 0.4824999 0.4821249 0.4818124 0.4811874 0.4816874 0.4819999 0.4817499 0.4816874 0.4819999 0.4819374 0.4814374 0.4814999 0.4819999 0.4818124 0.4817499 0.4813749 0.4816153 0.482 -9999 -9999 0.482 0.4818749 0.4817333 0.4816249 0.481 0.4809375 0.4805625 0.4800625
0.4924375 0.4925 0.4918126 0.4908751 0.4903125 0.4893124 0.487875 0.4879999 0.4875 0.487125 0.487 0.4865 0.4865 0.4863125 0.487125 0.4866875 0.4865 0.4860625 0.4848126 0.4864667 0.4867857 0.4855001 0.4848126 0.483625 0.4843751 0.4831876 0.4837501 0.4843126 0.4842501 0.4837501 0.4833751 0.4833751 0.481875 0.48025 0.480375 0.4813749 0.4823749 0.4829999 0.4827499 0.4820624 0.4823749 0.4824374 0.4819999 0.4819999 0.4819999 0.4819999 0.4819999 0.4819999 0.4819999 0.4819999 0.4819999 0.4823749 0.4825624 0.4826874 0.483 0.483 0.483 0.483 -9999 0.483 0.4825624 0.4816874 0.481 0.481 0.4809375
0.493125 0.492625 0.4916876 0.4905624 0.4901875 0.4889374 0.4885 0.4881874 0.4879999 0.487125 0.487125 0.487 0.486875 0.4871875 0.4879999 0.487125 0.4873125 0.4858125 0.4861875 0.4870625 0.4871875 0.4866875 0.4864375 0.4848751 0.4844376 0.4850001 0.4852501 0.4855626 0.4853751 0.4849376 0.4846876 0.4839376 0.4840626 0.4830001 0.4828126 0.4814999 0.4827499 0.4824374 0.4823124 0.4825624 0.4829999 0.4829999 0.4826874 0.4824374 0.4825624 0.4824999 0.4822499 0.4822499 0.4823124 0.4824999 0.4824999 0.4829374 0.4827499 0.4824999 0.4829999 0.4829999 0.4833334 0.484 -9999 -9999 0.4826 0.4823749 0.4819999 0.4819374 0.4817499
