Code_and_data/Tas_Plant_GDM_Files/ASCII grids/jan_rad_2100_1km.asc
ncols         470
nrows         479
xllcorner     143.8
yllcorner     -43.7425
cellsize      0.01
NODATA_value  -9999
[rows 210 to 239 of 479, columns 335 to 401 of 470]
23.11187 23.50375 23.32625 23.325 23.22375 23.26812 23.06313 23.48687 23.54188 23.15688 23.22437 23.32 23.48687 23.49562 23.53938 23.62062 23.63313 23.4675 23.43 23.26312 23.4225 23.58562 23.51937 23.16563 23.28 23.26813 23.37687 23.51062 23.52437 23.69563 23.74125 23.73812 23.46 23.34063 23.57312 23.57937 23.68875 23.74813 23.54562 23.18437 23.12312 22.92937 23.27625 23.3125 23.15688 23.11 23.06437 23.32625 22.42875 22.16813 21.4675 21.5675 21.9025 22.16062 22.70063 22.48375 21.77375 21.29188 21.12313 21.6125 21.68188 21.89938 22.37437 22.50438 22.20812 22.38938 22.55
23.41375 23.34 23.04313 23.28625 23.17562 22.89313 23.27938 23.41812 23.505 23.11562 23.1975 23.37938 23.47812 23.45563 23.56063 23.47062 23.54312 23.4925 23.53812 23.4775 23.5125 23.42125 23.43375 23.26437 22.80375 22.5525 23.09 23.28687 23.46875 23.67 23.61125 23.6325 23.60813 23.26688 23.07875 23.255 23.4525 23.45625 23.60688 23.4825 23.13 22.98937 23.1925 23.26062 23.21188 23.25312 23.25625 23.43625 23.30625 23.17687 22.38562 21.81125 22.64375 22.465 22.32063 22.1425 21.32625 20.73875 20.05562 20.5725 21.66562 22.33687 22.60563 22.74063 22.6875 22.7875 22.44687
23.34813 23.18687 22.74937 22.92063 22.985 23.26188 23.255 23.26625 23.40813 23.41125 23.0925 23.10312 23.17438 23.44062 23.23875 23.32375 23.37188 23.34438 23.46938 23.2725 23.29125 23.21 23.1775 23.25937 23.05562 22.81812 23.06062 23.2075 23.475 23.47562 23.60687 23.5875 23.49437 23.4875 23.30313 23.40625 23.25187 23.24688 23.41125 22.96938 23.3 23.02563 22.95562 23.30688 23.2675 23.385 23.30562 23.35 23.00313 23.13812 23.12875 22.83937 22.39187 21.97812 21.69813 21.84625 21.64875 21.12437 21.02438 21.53688 22.31125 22.50875 22.585 22.5 22.5325 22.585 22.47125
23.21437 23.20438 23.07938 22.94125 22.97562 22.78625 23.31125 23.1375 23.22063 23.38938 22.97187 22.79875 23.11687 23.43625 22.94687 23.24063 23.34125 23.11438 23.41125 23.185 22.93875 23.01687 22.91125 23.08125 23.17687 23.43375 23.465 23.4425 23.32125 23.5325 23.4375 23.27375 23.36437 23.26312 23.48562 23.52625 23.01875 22.96438 23.13125 23.08688 23.02938 23.26063 22.96062 22.73438 23.20625 23.46625 23.37375 23.59188 23.505 23.02 23.01813 23.05875 22.77687 22.34313 22.41375 22.28 21.795 21.44812 21.19625 21.39188 21.96812 22.16937 22.62625 22.16687 22.34813 22.38188 22.2975
22.86375 23.14813 23.14812 22.72125 22.76 23.00625 23.19687 23.30625 23.2675 23.30875 23.06188 22.83875 23.18375 23.425 23.32375 23.16813 23.33125 23.13375 23.4375 23.34875 23.2425 22.99125 22.61187 22.73063 22.9 22.96 23.1625 23.45938 23.46937 23.51 23.52125 23.0475 22.955 23.0825 23.515 23.33 23.34375 22.98687 23.02813 23.18313 23.16875 23.18563 22.945 23.2275 23.5 23.37125 23.33312 23.35375 23.38937 23.14812 22.73688 22.64187 22.66563 22.77 22.73125 22.19312 22.01687 22.1275 22.12313 22.30562 22.41313 22.47187 22.54062 22.34312 22.13063 22.18687 22.18375
22.87312 23.13063 23.12062 23.14 22.6975 23.12875 23.21625 23.2025 23.04813 22.9575 23.21938 23.22063 23.3125 23.12938 23.3325 23.04437 22.90187 23.09813 23.505 23.43062 23.18063 23.10188 22.8575 22.38938 22.26063 22.37687 22.93625 23.295 23.36437 23.4975 23.4375 23.19375 22.85125 23.0725 23.23063 23.19437 23.125 23.13563 22.97438 23.12 22.87813 22.68563 22.92813 23.315 23.23625 23.09375 23.18188 23.06125 23.15562 23.175 22.9025 22.37687 22.24375 22.31437 22.41875 22.55312 22.415 22.43937 22.545 22.295 22.40125 22.28938 22.31375 22.02063 21.91187 21.93375 22.125
22.95063 22.91937 22.92687 22.9675 23.05875 23.0175 22.85375 22.99313 23.0875 22.675 22.92375 23.00562 23.40312 23.29625 23.335 23.31625 23.03938 23.3425 23.5775 23.5675 23.22 23.36312 23.29438 23.19938 22.89875 22.7825 22.8675 23.23875 23.1975 23.17125 23.26375 23.24125 22.82688 22.9975 23.02188 23.15938 22.87188 23.31375 22.78687 22.70562 22.905 22.92063 23.21875 23.235 22.82125 22.85062 23.20687 22.8975 23.04375 22.9475 22.85 22.97125 22.47938 21.98937 22.18375 22.38375 22.15812 22.3775 22.35187 22.305 22.06 22.1575 22.03125 21.7075 21.76 21.84375 21.86188
22.67125 22.575 22.76313 23.00375 22.99625 23.17875 22.82 22.85375 22.83813 22.35625 22.65313 23.09625 23.41688 23.14687 22.79625 22.845 23.26437 23.58687 23.42375 23.45 23.095 23.14813 23.17438 23.0625 22.8325 22.73125 23.00375 23.30125 22.80312 23.105 23.02313 22.97875 23.09375 22.71875 22.795 22.95375 23.18875 23.24625 23.225 22.90312 22.9525 23.13187 23.08375 22.93937 23.13562 23.33438 23.0575 22.91813 22.96938 23.14813 22.97875 23.0425 22.8275 21.9925 21.8875 22.13687 22.255 22.1825 21.91938 22.0025 22.04 21.73875 21.62125 21.51937 21.76125 21.78188 21.71375
22.6 22.21125 22.625 22.97938 22.955 23.04813 23.1675 23.04188 22.97062 22.76812 22.88 22.965 23.1375 23.16312 23.05687 23.31437 23.4425 23.42937 23.28438 23.36188 23.43562 23.4375 23.31312 23.12437 22.85875 22.87313 23.17937 23.46125 23.47812 23.39875 22.82687 23.055 22.3775 22.89688 22.90875 23.03312 22.97375 22.93062 22.8575 22.8825 22.92125 22.5525 22.75812 22.70313 23.0075 23.19625 22.61375 22.77438 23.07375 23.13 22.86938 22.92188 22.62375 21.53 21.64375 21.94625 21.92 21.78125 21.85375 21.72313 21.545 21.58688 21.84062 21.88375 21.57688 21.59625 21.67063
22.52688 22.57438 22.85313 22.84937 22.77938 22.65 22.98937 23.08938 22.73313 22.71875 22.65875 22.74625 22.98313 23.29812 23.21563 23.375 23.36125 23.4225 23.46313 23.02375 23.17 23.4775 23.3225 23.12937 22.50125 22.61687 23.23688 23.41063 23.405 23.24438 23.1225 23.03312 22.91687 22.27438 22.77125 22.85875 22.74938 22.82063 22.7075 22.78625 22.69 21.76563 22.23375 22.66813 22.675 22.81438 23.22188 22.58437 22.88125 22.99125 22.55313 22.64313 22.4625 22.18312 21.915 21.7175 21.72 21.9675 22.30375 22.435 22.25187 21.90813 22.25937 21.57687 21.76875 21.98625 21.60312
22.63 22.42625 22.76063 22.83125 22.75562 23.0425 23.05375 22.9325 22.94938 22.585 22.43438 22.88313 23.3 23.5575 23.49688 23.25375 23.15187 23.42625 23.30938 23.24875 23.31125 23.25813 23.00437 22.84938 22.91063 23.10187 23.3 23.16062 23.21187 23.06375 22.8475 23.28062 23.03437 22.90375 22.6025 22.67125 22.53437 22.92937 22.7125 22.58625 22.79688 21.72937 21.37875 22.3175 22.74875 23.20938 23.12188 23.17563 22.4975 22.76 22.72375 22.395 21.7925 21.80938 21.585 21.85563 22.06 22.36375 22.45062 22.14875 22.09875 22.27125 21.69562 21.62938 21.32688 21.54187 21.36312
23.0075 22.84063 22.21938 22.53438 22.71812 22.89875 22.91313 22.64938 22.57188 22.43188 22.5775 22.8975 23.36125 23.16688 23.13375 22.98563 22.98937 23.30312 23.0125 23.36125 23.3 22.82188 22.8675 22.96937 23.09188 22.84937 23.03438 22.8625 23.1325 23.09312 23.25875 23.01 22.94875 22.3875 22.7075 22.60125 22.7225 23.03375 22.78437 22.38063 22.39563 21.65188 21.06812 22.94375 23.08312 23.0725 23.26375 23.24125 22.5975 22.32687 22.6375 22.19312 21.4175 21.16312 21.62437 21.82438 22.09437 22.32937 22.33687 22.17125 22.28688 22.14562 21.95 21.38438 20.78 21.2675 21.13375
22.50562 22.81187 22.725 22.43375 22.55125 22.76437 22.87188 22.72562 22.01438 22.55375 22.97875 23.31875 23.2975 22.87687 22.57937 22.03875 22.95875 23.4225 23.44812 23.37375 23.38312 23.4575 23.20562 23.01313 22.65875 22.0325 22.36437 22.46875 22.74125 23.04562 23.06688 22.935 22.52437 22.77687 22.36 22.76812 22.86 22.83937 22.93812 22.82875 21.95687 21.04 21.54938 23.15563 23.045 23.02688 23.00312 23.03562 22.69938 21.8275 22.48625 22.3575 21.76625 21.65 22.02438 22.275 22.40187 22.5125 22.29812 22.1325 21.8975 21.40187 21.41563 21.68813 21.33062 20.34375 20.695
22.86813 22.67125 22.63937 22.62938 22.49375 22.61 22.91813 22.71125 22.7475 23.22688 23.22375 23.11062 22.90875 22.36 22.43562 23.26812 23.06062 22.98 23.13625 22.98813 23.2325 23.19375 22.82937 22.52875 21.85687 21.36625 21.33125 22.46688 22.68437 22.88062 22.75438 22.40375 23.01062 22.9825 22.77125 22.69938 22.775 22.7525 22.76375 22.9875 22.69563 21.68313 22.89938 23.17 22.88562 22.89937 22.69125 22.35187 22.08375 22.1375 22.30062 22.34625 21.54313 21.2225 21.92813 22.32875 22.45125 22.46812 22.24563 21.66875 21.20938 20.56 20.93875 21.36687 21.10062 21.21937 21.27
22.44312 22.8525 22.74062 22.46937 22.39375 22.67 22.88062 22.83312 23.0575 23.06437 22.61563 22.91312 22.42437 22.23812 22.88437 22.76875 22.93375 22.96 23.30187 23.22438 23.27187 22.95625 23.04812 22.165 21.17125 20.06312 21.52938 21.86187 22.50062 22.79062 22.61875 22.62375 22.68875 22.72625 22.81187 22.805 22.595 22.41313 22.44938 22.9075 23.02562 23.08062 23.26812 23.13562 22.25688 22.46125 22.14313 22.27875 21.39563 22.21687 22.335 22.20062 21.75625 22.04563 22.29437 22.41563 22.22438 22.1225 22.00813 21.58813 21.52563 20.91375 20.79313 21.185 21.06437 20.9425 21.025
22.46375 22.22625 22.64688 22.9425 22.655 22.63938 22.53625 22.7925 22.87688 22.85875 22.99063 22.90688 22.13437 22.54375 22.57187 22.60187 22.77563 22.78062 22.92438 22.71125 22.88562 22.9975 22.30688 22.75187 22.1 22.09312 21.55812 21.38688 22.25 22.55313 22.58313 22.66813 22.3825 22.42938 22.71313 22.49625 22.04563 21.91187 22.585 22.93875 23.155 23.29938 23.33062 22.50813 21.39188 21.88062 21.99875 22.40062 21.7275 22.08187 21.99063 22.0725 21.50437 21.90188 22.17938 22.23375 22.11312 22.27 21.94375 20.82813 20.64375 20.99812 20.73312 21.07063 21.15375 20.75687 20.785
23.11188 22.9975 23.01062 22.96125 22.73688 22.31938 22.29187 22.345 22.345 22.69125 22.82375 23.105 22.305 22.04187 22.19687 21.6825 22.27375 22.625 22.36188 22.09375 22.58875 22.84313 22.655 22.36938 22.16687 22.07688 21.89125 21.48062 22.04312 22.63063 22.47562 22.68063 22.43562 22.58687 22.91812 22.62875 22.525 22.615 22.965 22.97312 23.01625 23.2875 23.21937 23.01438 22.48 21.65562 22.01563 22.28 21.78063 21.72875 22.16187 22.29438 22.36375 22.23438 22.35875 22.39938 22.44813 22.34 22.37313 21.57375 20.4725 20.155 19.97125 20.63625 21.07687 20.87375 20.29625
22.7575 22.5925 22.46313 22.26562 22.54938 22.67375 22.55 22.48 22.75813 22.53938 22.49062 22.65438 22.69875 21.7975 22.19188 22.4125 22.84312 22.4225 21.53438 21.4425 21.93563 22.02375 22.82562 22.56063 22.05188 21.84562 21.895 21.52188 22.17063 22.45875 22.88875 22.77625 22.775 22.92687 23.01937 23.11 22.99562 22.35875 22.6325 22.56188 23.19125 23.225 22.95437 22.43187 22.44188 22.02812 21.11813 21.91188 21.42188 20.98875 21.645 22.41187 22.43187 22.39813 22.44813 22.445 22.32 22.225 22.16875 22.11437 21.98937 21.48688 20.86875 20.0975 20.515 20.52938 20.735
23.11125 22.92063 22.94125 23.14063 23.06313 23.23812 23.07 22.63937 22.65438 22.685 22.83187 22.57375 22.52312 21.84938 21.67562 22.37375 22.86563 22.90938 22.09625 21.28188 21.95437 22.82125 21.825 21.54188 21.1425 21.88688 21.78938 21.2675 21.85938 22.5125 22.9475 22.82188 22.56375 22.57375 22.78625 22.97062 22.92687 22.6025 22.815 22.94688 23.09375 22.8225 22.405 21.91625 21.79437 21.7725 22.03062 21.63 21.0725 21.08875 21.55625 22.24687 22.29938 22.31125 22.3175 22.34187 22.09812 22.19312 22.22812 22.09062 22.29125 21.69687 21.05812 21.27062 20.57 20.53125 19.8275
22.7475 22.82125 23.07437 23.10938 22.89625 23.12187 23.17312 23.12062 22.88813 22.5875 22.30687 22.55125 22.32438 22.16562 22.11 22.20687 22.38688 22.69125 22.45062 21.76 22.245 22.62687 22.26313 22.31875 21.48312 21.72625 21.48875 21.6625 21.85437 22.53875 22.97437 22.34438 21.73562 21.92562 22.28813 22.76062 22.69938 22.5775 22.555 22.47312 22.53188 21.565 20.78563 21.29875 20.49937 21.11313 21.67375 21.34687 20.8725 21.49438 21.06 21.38375 21.49187 22.02312 22.255 22.30375 22.15875 22.11438 22.04062 22.1425 22.115 22.00562 22.03188 21.57437 21.42063 20.8125 21.04
23.10438 22.63688 22.73187 22.9725 22.93562 22.90812 22.97625 23.02312 22.98 22.41063 22.17937 22.10875 22.175 22.1675 22.29625 22.35688 22.01 21.98937 22.385 22.13437 22.11438 21.9925 22.37938 22.27875 22.0375 21.36813 21.83813 22.30437 21.91438 22.24312 22.79125 22.14938 21.93125 21.64125 21.655 22.68625 22.49375 22.00125 22.25063 22.29812 22.37563 21.00562 20.78312 20.93375 20.92313 21.33375 21.34313 21.12062 21.22687 21.58937 21.74625 20.34813 21.075 22.06063 21.96375 22.17938 21.83063 22.135 22.17875 22.09812 22.03812 21.93438 22.02063 22.00438 21.95063 21.49125 21.28375
23.04375 22.98063 22.77187 22.59313 22.49 22.25375 22.70812 22.83187 22.65188 22.32437 22.12937 22.01063 21.69125 20.91125 21.28563 21.98187 21.65313 21.97688 22.21813 22.09812 22.36875 22.05812 22.395 22.1775 22.02125 21.67562 22.225 22.21625 21.91313 21.37188 22.5275 21.83562 21.37313 20.52437 21.50187 22.71313 21.68063 20.96812 21.93687 21.82687 21.69313 20.64812 21.56125 21.64438 21.5825 20.75313 21.26563 21.74875 22.20687 22.38437 22.33313 22.08813 21.65187 21.55063 21.09688 21.72875 22.21375 22.32063 22.35813 22.14 21.7725 21.70875 22.13062 21.73375 21.82813 21.88187 21.58625
22.47438 22.32187 22.31312 21.82312 21.60812 21.6325 22.69375 22.76563 22.60062 22.12562 21.83125 21.58187 21.25938 21.31438 20.6725 21.73938 22.0725 22.33125 22.15 22.35438 22.21563 21.95687 22.07687 21.86 21.46188 21.22875 21.62375 21.65 21.44625 21.71687 22.075 22.23812 22.21812 22.28938 22.30813 22.29625 21.34938 21.63937 21.33063 21.5475 20.84437 21.25625 21.6075 21.73812 21.75438 21.43938 20.93188 21.59563 21.67875 22.24937 22.51813 22.5725 22.62625 22.39187 22.445 22.44 22.30625 22.26875 22.17063 22.04063 21.87313 22.01438 22.02375 21.91375 21.43313 21.77 21.945
22.335 22.2325 22.48937 22.58375 21.98063 22.14562 22.66063 22.19437 22.30312 21.87375 20.99 21.26625 20.70125 20.51063 20.42313 21.00625 22.345 21.99375 22.24313 22.07875 22.0475 22.48625 22.43563 22.515 21.48625 21.33438 21.67 21.46125 21.50312 21.65938 22.17375 22.00875 22.39 22.24875 22.00312 21.2975 20.99 20.8325 20.94875 21.04688 21.4975 21.39 21.56875 21.66562 21.69188 21.27375 21.05562 21.655 21.61187 21.7225 22.19563 22.165 22.59188 21.95813 22.0225 22.25 22.18812 22.09125 21.84563 21.66812 21.59812 21.88563 21.86313 21.97313 21.285 21.39 21.43562
21.68813 22.14062 22.245 22.52 22.55813 22.83438 22.605 22.3525 22.11563 22.26375 22.13438 21.48687 22.10812 21.21437 19.86125 21.32187 22.22312 22.54313 22.25188 22.65938 22.30688 21.77563 22.16875 22.36687 22.4525 22.39437 22.31188 22.38625 22.21125 21.76375 22.03875 22.35563 22.40688 22.31937 22.16063 21.64688 21.14437 20.8725 20.76563 20.92562 21.26812 21.69063 21.53187 21.86562 21.83813 21.56437 21.175 21.15875 20.37813 20.52188 21.88875 22.19 22.24875 22.26 22.13062 22.05437 21.84938 21.8825 21.21375 21.42375 21.10438 21.40188 21.15875 21.59687 21.13875 20.12437 20.50625
22.57438 22.60375 22.51 22.58688 22.63187 22.66125 22.37125 22.13062 21.6975 22.19063 22.50375 21.96937 21.43625 21.27125 20.83938 22.05875 22.36562 22.36438 22.62 22.7175 22.6025 22.39 22.48812 22.19312 21.83875 21.61687 22.12812 22.37937 22.24938 21.67812 22.25625 21.97313 22.10063 22.14438 21.89437 21.58188 20.86375 20.81125 21.60437 21.77937 21.85125 21.55062 21.54 21.29188 21.39 21.57563 20.955 21.40938 22.2225 22.185 22.425 22.4225 22.31125 22.30812 22.53375 22.25938 21.16125 21.57625 21.2675 20.95437 21.24438 20.99688 20.08625 21.28438 21.62563 20.04 20.02563
22.23437 22.02188 22.46 22.18562 22.64375 22.69 22.50063 22.24375 22.37062 21.785 21.79875 22.09062 21.80625 20.32875 21.54875 22.20812 22.645 22.67375 22.58687 22.17 21.84 22.62375 22.61625 22.64063 22.42063 22.27375 21.425 21.78813 22.1075 22.205 22.07687 22.37062 22.26438 22.26125 22.0125 21.37125 20.81 21.32312 21.35375 21.26625 20.695 20.90438 21.34938 21.56313 21.43937 21.72437 21.5475 21.33125 22.03937 21.65562 21.87188 22.2775 22.37188 22.54562 22.38875 22.2225 21.15937 20.5725 20.82437 21.09312 21.50875 21.26 20.32875 20.9775 20.83562 21.36875 20.29187
22.48187 22.30875 22.23562 22.24875 22.29125 22.4675 22.6875 22.52625 22.51 22.3275 21.93688 21.8175 22.19688 21.94 22.365 22.67125 22.91375 22.68125 22.35437 22.31812 22.77062 22.65313 22.32062 22.57375 22.41875 22.3475 22.2875 22.26312 22.16562 22.17375 22.44188 22.54313 22.63813 22.56625 22.61625 22.41813 21.87312 21.34813 20.92625 21.48125 21.8675 21.53188 20.60062 20.98063 21.76563 21.42562 20.86188 21.02312 21.30313 21.85813 21.98438 21.51437 21.72063 21.40312 21.66688 21.9025 21.82563 19.99563 20.47937 21.59562 21.5775 21.64187 21.37563 20.63063 20.985 21.37812 20.3475
22.635 22.26875 21.97125 22.5 22.17063 22.395 22.6225 22.6225 22.36063 22.48875 21.91125 20.88312 21.17812 21.56812 22.4675 22.82563 22.735 22.23688 22.60812 22.93625 22.9325 22.655 22.57125 21.89938 22.0975 22.01188 22.08 22.415 22.49813 22.42125 22.30187 22.46875 22.615 22.33875 22.43 22.58562 22.44625 22.33687 22.355 22.4475 22.42562 22.22 21.91937 21.41125 20.995 21.50125 21.25437 21.5725 21.67625 21.4425 21.58625 21.12 21.17875 21.44938 21.07937 20.91562 21.50687 21.01625 20.175 21.71937 21.60188 21.62 21.48688 21.36 20.82875 20.97625 21.1
22.3275 22.15375 22.355 22.04313 22.0875 21.92125 22.41188 22.6825 22.63313 22.5125 22.59562 22.11375 21.54437 21.73438 22.58625 22.56812 22.37812 22.45062 22.72563 22.67563 22.85938 22.86375 22.73 22.43375 22.11563 21.87 21.91625 22.01063 22.35437 22.32187 22.20875 22.2725 22.5475 22.5125 22.52 22.50875 22.13625 22.22875 22.09125 22.28375 22.18125 21.88563 21.81688 21.76438 21.74 21.35812 21.90187 21.77687 21.82937 21.57875 21.4 21.46375 21.32688 21.63187 21.415 21.56 21.4375 21.2375 21.18437 21.24062 21.12625 21.31688 21.55688 21.6525 21.38375 21.71875 21.10625
