Code_and_data/Tas_Plant_GDM_Files/ASCII grids/jan_rad_2010_1km.asc
ncols         470
nrows         479
xllcorner     143.8
yllcorner     -43.7425
cellsize      0.01
NODATA_value  -9999
[rows 319 to 347 of 479, columns 268 to 334 of 470]
21.76937 21.69 21.58562 21.67625 22.21385 22.054 21.97625 21.61 21.00187 21.14563 21.5875 22.05429 22.02 -9999 -9999 -9999 -9999 -9999 -9999 22.246 22.13875 21.8675 22.15812 22.1175 21.97 22.05187 21.945 20.94187 20.51875 21.31875 21.66813 21.79125 21.83312 21.90062 22.09562 22.20375 21.725 21.99812 22.08125 22.03625 22.15375 21.91313 21.84875 22.02438 22.3075 22.52375 22.55625 22.33562 22.45125 22.59875 22.52 22.46563 22.11188 22.38125 22.11375 22.445 22.49937 22.34125 22.04125 21.96438 22.13062 22.44 22.59313 22.59062 22.47875 22.55813 22.65308
22.09938 22.10813 21.975 21.82 21.90125 21.97188 21.77933 21.31437 21.6125 21.70813 21.35687 21.79625 22.05643 22.15727 22.14 22.095 -9999 -9999 22.25 22.29062 22.24313 22.03062 21.80437 22.03062 22.02062 22.025 22.07063 22.26937 21.22 21.17 21.65125 21.82063 21.8025 21.96313 22.17 22.19 22.45 22.46313 22.68 22.58875 22.48 22.44063 22.13313 21.94562 22.24063 22.39687 22.49375 22.57438 22.55625 22.67688 22.39625 22.35938 22.38937 22.13875 22.00688 21.62813 21.81 22.22063 22.36125 22.15688 22.09188 22.39125 22.37062 22.43812 22.53437 22.52188 22.64222
21.97375 22.08313 21.79062 21.895 21.91688 21.983 21.96857 21.73313 21.81125 21.875 21.54 21.0475 21.50125 21.86438 21.66308 -9999 -9999 -9999 22.14222 22.19437 22.0775 22.16938 22.0575 21.9925 22.08437 21.93875 22.26188 22.34375 21.8375 21.09937 21.36062 21.62687 21.83625 22.12062 21.77625 21.98438 22.37312 22.44563 22.67375 22.79 22.66625 22.31562 22.325 22.50312 22.15438 22.02563 22.43187 22.51312 22.53937 22.58187 22.6125 22.55125 22.50437 22.36813 22.32438 22.25 21.94063 21.85437 22.0075 22.51375 22.55187 22.51188 22.3075 22.53188 22.60125 22.51062 22.45375
21.96187 21.98214 21.61333 21.90313 22.03813 21.965 21.96667 22.02687 21.93125 22.01625 21.9575 22.05688 22.03187 21.73062 21.936 -9999 -9999 -9999 22.139 21.76 22.00375 22.02625 21.94688 22.09875 22.28688 22.29313 22.18312 21.92812 21.72625 21.86 21.67937 21.2875 21.24562 21.98375 21.88187 21.72188 21.96 22.44 22.65188 22.67437 22.4875 22.40125 22.675 22.52625 22.15688 21.63187 21.61625 22.135 22.43312 22.29125 22.47187 22.30937 22.17375 22.2375 22.5225 22.58625 22.47938 22.43125 22.49688 22.53625 22.55437 22.5675 22.54563 22.35625 22.5825 22.7975 22.68188
22.03333 22.045 21.582 21.80812 21.85062 21.91357 21.82937 22.01813 21.59375 21.85188 21.99375 21.82625 21.79562 21.77312 22.046 -9999 -9999 22.17 22.17267 22.13187 22.08312 22.11187 21.87875 22.09312 22.22875 22.09063 22.13438 22.07125 22.43562 22.43 22.30813 21.885 21.15812 21.77187 21.95063 22.02375 22.015 22.07375 22.08375 22.2925 22.43313 22.59937 22.46313 21.8875 21.70188 22.02 21.645 21.09875 21.0625 21.73688 22.37938 22.24063 21.93625 21.82938 21.98438 22.26937 22.13938 22.49563 22.55125 22.37437 22.45813 22.58875 22.7325 22.52125 22.61125 22.73875 22.61625
22.07 22.0575 21.74937 21.64312 21.71533 21.978 22.02462 21.93875 21.52688 21.47 21.78375 21.67875 21.76688 21.91625 22.10428 -9999 -9999 22.035 21.90812 21.95688 22.03687 22.20812 22.09625 21.99375 21.97375 21.90625 22.18813 22.195 22.34438 22.10625 22.25062 21.865 22.1 22.24438 22.26187 22.23313 22.18438 22.18813 22.4025 22.50187 22.60375 22.44813 22.1675 22.07062 22.5 22.56188 22.3225 22.13625 22.13625 21.995 22.33125 22.19813 22.03875 21.98125 21.97625 21.88125 22.18812 21.86437 22.04313 22.21437 22.0575 22.3675 22.52 22.66 22.59875 22.50375 22.55
22.01077 21.97909 21.626 21.3025 21.835 21.82563 21.795 21.66187 21.60625 21.28937 21.48938 21.64312 21.69438 21.49312 21.81 -9999 22.025 22.186 22.03875 22.01 22.05688 22.03812 21.81375 21.97562 21.88313 21.96688 22.14875 22.19125 21.98187 21.99187 22.155 22.15562 22.3 22.07125 22.52312 22.75312 22.53438 22.54875 22.44 21.95187 22.13312 22.64812 22.57812 22.82625 22.66437 22.50687 22.61312 22.58125 22.405 21.47375 21.5225 22.2025 22.45313 22.55688 22.3325 21.96563 22.1025 22.125 21.76125 21.45188 22.39813 22.79812 22.70188 22.51187 22.4125 22.09687 22.31562
21.68937 21.53467 21.48923 21.00143 21.15625 21.70938 21.67 21.88875 21.66625 21.04938 21.01438 21.61312 21.51687 21.52312 21.52125 21.57786 21.94286 22.0775 21.79875 22.10438 22.11375 21.99625 21.9725 21.84687 21.87875 22.13688 22.075 22.16562 22.05563 21.92312 22.13312 22.15375 22.085 22.17062 22.35812 22.61563 22.57875 22.68813 22.34562 22.5875 22.8125 22.9925 22.99125 23.05688 23.10938 23.08 22.9325 23.105 22.70625 22.63875 22.22437 22.0525 22.17562 22.35312 22.47 22.51813 22.38438 22.07438 22.33 22.61813 22.48125 22.56188 22.69312 22.5 22.525 22.34125 22.1925
21.48846 21.63 -9999 21.17 21.26692 21.60125 21.89812 22.00375 21.90937 21.78467 21.43933 21.79813 21.95937 21.81688 21.65438 21.60625 21.63063 21.63812 21.6675 21.75438 21.71125 21.40125 21.54062 22.0475 21.89312 21.76125 21.965 22.135 22.12875 21.63625 21.65125 22.35812 22.93125 22.49063 22.47062 22.29188 22.49562 22.69 22.55562 22.68375 22.56563 22.54188 23.04125 23.18938 23.065 22.93438 23.055 22.855 22.70375 22.16937 22.1975 22.27375 21.81 21.555 21.855 21.83312 22.00875 22.53625 22.63375 22.75312 22.77375 22.60313 22.34688 21.96938 22.43125 22.01375 21.82937
21.62375 21.71 -9999 21.67333 21.51583 21.59125 21.52312 21.655 21.55562 21.77231 21.46333 21.70063 21.91562 21.58688 21.60375 21.565 21.48687 21.57313 21.8075 21.73875 21.55437 21.63312 21.88562 21.7075 21.91875 21.9275 21.80125 22.06625 22.27 22.29438 21.9925 21.73187 22.55188 22.52563 22.20812 22.50813 22.42125 22.41875 22.52563 22.41125 22.63437 23.03187 23.06812 22.78125 22.68125 22.52625 22.81 22.82813 22.56875 22.27812 21.9225 22.23125 22.5675 22.535 21.8125 22.00687 22.39437 22.19313 22.43375 22.66813 22.68 22.33375 22.35687 22.28312 21.77875 21.19188 20.81375
21.83062 21.90875 21.94 21.17445 21.18375 21.55688 21.85313 21.79437 21.60571 21.7675 21.63454 21.45563 21.49125 21.53687 21.67125 21.68563 21.50875 21.6025 21.57437 21.8075 21.63875 21.74875 22.03062 22.16937 22.24313 22.33437 22.04437 21.6425 22.21875 22.34125 22.31313 22.49813 22.84312 22.30438 22.7325 22.79188 22.65187 22.55 22.2625 22.41 22.90125 22.925 23.00437 23.095 22.98687 22.64688 22.4125 22.77875 22.85563 22.12875 21.83062 21.86 21.855 22.25063 22.39938 22.64562 22.19125 22.01188 22.08313 22.17438 22.24562 22.36437 22.49875 22.29 22.06875 21.5575 21.62625
21.66 21.5475 21.75583 21.32818 20.58875 21.12 21.465 21.55563 21.76125 21.95222 21.605 21.35625 21.12285 21.5375 21.435 21.63438 21.48688 21.50875 21.81375 21.78438 21.885 21.56 21.77375 22.2475 22.34062 22.17438 22.26813 21.80062 21.1675 21.77437 22.38188 22.13187 22.41937 22.62875 22.58812 22.69687 22.83063 22.69625 22.73625 23.08062 23.17812 23.0625 22.71688 22.72875 23.06812 23.31063 23.19125 22.78875 22.83375 22.79812 22.3725 22.04125 22.12688 22.31688 22.46687 22.7825 22.88375 22.38813 21.90687 22.15563 22.495 22.42438 22.38688 22.325 22.17562 22.13188 22.09625
21.53667 21.64 21.79308 21.325 20.565 20.39688 20.95875 21.36438 21.47188 21.89687 21.86143 21.56 -9999 21.80429 21.5425 21.70437 21.68875 21.61437 21.69938 21.67 21.86687 22.02625 21.92687 22.00187 22.14812 22.1875 22.26 22.21 22.39 21.96375 21.95375 22.43937 22.3075 22.37938 22.88125 22.51437 22.68687 23.01188 23.10063 23.01563 22.99063 23.06063 22.9825 23.08375 23.15937 23.35625 23.46062 23.5 23.515 23.50375 23.12375 23.1225 22.83 22.79563 22.84438 22.49 22.6475 22.91625 22.94062 22.59 22.2675 22.665 22.84375 22.45813 22.19625 22.27188 22.09687
21.63385 21.6775 21.46692 21.525 21.24688 19.95562 19.87063 20.59375 21.31 21.64688 21.6575 21.80727 21.9275 21.65667 21.5275 21.425 21.67125 21.91562 21.84312 21.90562 22.04188 21.99875 22.11125 21.81 21.88812 22.02625 21.795 21.785 22.47563 22.14437 21.84563 22.36375 22.47063 22.525 22.04 22.58063 23.02563 22.38563 22.70125 22.85063 22.87937 22.84625 22.93563 23.135 23.17375 23.40625 23.42312 23.31 23.315 23.45625 23.50625 23.135 21.79688 22.62 22.73625 22.89312 22.2225 22.16063 22.42813 22.48 22.62 22.7325 22.45125 22.40375 22.42375 22.25 22.745
21.11438 21.305 21.58438 21.41937 21.48438 21.3825 21.15063 20.90688 20.8825 21.31625 21.57625 21.6175 21.58813 21.71133 21.44125 21.5575 21.555 21.8425 21.99062 22.01625 21.91875 21.87063 22.18438 21.61312 21.825 22.125 22.26375 22.1275 22.68937 22.6725 22.31 22.28062 22.15 22.22625 23.02 22.46875 22.68188 22.96438 22.45563 22.16813 22.2525 22.43812 22.46687 22.71375 23.01375 23.065 23.135 23.2125 23.43063 23.485 23.48437 23.34437 22.7525 22.05562 22.36188 22.72688 22.71438 22.65188 22.58187 22.39125 22.05812 21.86688 22.18125 22.42563 22.48187 22.88812 22.89
21.4475 21.34563 21.40875 21.31937 21.13187 21.39875 21.67875 21.805 21.19063 21.38375 21.62875 21.81437 21.73062 21.68312 21.67063 21.56875 21.72937 21.77562 21.90125 21.91938 21.93187 21.97875 22.24188 22.2225 22.1775 22.14 22.12875 22.64875 22.43813 22.3625 22.32438 22.41625 22.47938 22.5075 22.7225 22.79938 22.74 22.44 22.4725 22.58062 22.12687 22.31187 22.41813 22.50063 22.53187 22.90375 22.90812 22.86313 23.02563 23.03625 23.15438 23.0675 23.00125 22.42687 22.7925 22.99062 22.63812 22.645 23.03875 22.75063 22.065 21.72125 22.12375 22.77312 23.0075 23.05563 22.64625
21.075 21.09563 21.34312 21.45875 21.6025 21.76063 21.745 21.99563 21.92687 21.55563 21.59937 21.88187 21.83813 21.74875 21.57812 21.71937 21.86063 21.96313 21.94375 21.83875 22.05375 22.31688 22.35438 21.8975 22.01063 21.72 21.75562 22.02688 22.09375 22.13687 22.03625 22.39812 22.6375 23.00875 22.32687 22.15937 22.46938 22.32438 22.2275 22.2725 22.23125 22.02688 22.66875 22.91937 22.05375 22.29125 22.92312 23.05812 22.78563 22.49688 22.85 22.47625 22.60938 23.07688 23.18062 22.88625 22.7875 23.10687 22.88313 22.32063 21.92437 21.7825 22.555 22.69188 22.85812 22.82125 22.87062
19.01813 19.52438 20.79437 21.20562 21.2775 21.36125 21.63125 21.90187 21.92125 21.54688 21.50688 21.6775 21.81875 21.77562 21.5075 21.70938 22.1375 22.06437 21.72563 21.73187 21.71625 21.77563 21.965 21.76437 21.455 21.22625 21.69062 21.82813 22.3625 22.48938 22.46812 22.685 22.60875 22.37313 22.35812 22.17562 22.1125 21.73375 22.07 22.19187 22.47937 22.73687 22.995 22.89313 23.25187 23.15812 23.16187 23.48438 23.31 22.35562 21.87937 22.38812 23.20062 23.6 23.09937 22.84125 23.23375 22.8275 22.85438 22.83688 22.2175 22.13562 22.01563 21.96562 22.64938 22.6375 22.43937
21.09625 20.63937 20.49687 21.15063 21.55063 21.64313 21.71437 21.82875 21.88437 21.91937 21.62563 22.05812 21.75625 21.61313 21.34937 21.87625 21.86687 21.54187 21.49125 21.67937 21.49812 21.845 21.81688 21.59562 21.33937 21.69313 22.40312 22.415 22.11687 21.72062 22.315 22.54625 22.205 22.59625 22.94188 22.55938 22.01875 21.79813 22.14938 22.21562 22.38875 22.45187 22.84 23.0275 22.91937 23.37188 23.31313 23.29563 23.27938 22.91875 23.05437 23.1925 23.215 23.34813 23.24125 23.35375 23.2275 23.0725 22.93375 23.0075 22.93125 22.7125 22.45688 22.88437 22.58438 22.445 22.29937
20.8325 20.75438 19.85187 20.12125 21.21 21.51188 21.52938 21.74437 21.675 21.96687 21.86938 21.83125 22.09562 22.13562 21.58688 21.83625 21.3025 21.64313 22.06375 22.30438 22.18125 22.1025 22.27188 22.47062 22.14625 22.84625 23.0625 22.805 22.69125 23.01687 22.04563 21.88312 22.75312 23.21 22.9 22.20313 21.4225 21.28875 21.75187 21.89125 21.69875 21.95125 22.40313 22.30437 22.74937 23.28938 22.85125 22.69 23.355 23.21688 22.89187 22.9775 23.4 23.37813 23.41625 23.27625 23.15625 23.2625 23.0875 22.97 22.69375 22.66688 22.40812 22.635 22.82875 22.80437 22.4925
21.36562 21.36687 20.76813 19.75625 20.0925 20.96437 21.25938 21.4725 21.79688 21.50563 21.8675 21.91312 21.52438 21.6375 21.85312 21.75188 22.03375 22.22625 22.41437 22.18563 22.41375 22.61937 22.22313 22.39812 23.005 22.99375 22.74375 22.56062 22.50688 23.11312 23.06063 22.56187 22.27125 22.78125 23.12438 22.92812 22.2075 20.8975 21.02062 21.95937 22.06625 22.45687 22.61063 23.055 23.28062 23.14125 22.59625 22.73937 22.8475 23.17688 23.11562 23.36188 23.57375 23.41688 23.39875 23.54812 23.62125 23.44687 23.1675 23.28375 23.03 22.91125 23.14875 23.35188 23.1975 22.8875 22.48812
21.37938 21.42 21.2975 21.1825 20.5325 20.41625 20.91187 21.25563 21.76562 21.79438 21.34063 21.71875 21.97 21.87938 22.01125 21.78938 22.08938 21.95563 22.03125 21.98687 22.57375 22.64188 22.26438 22.84812 22.765 22.74688 22.705 22.86437 23.08 22.51437 22.81688 23.11687 22.4975 22.17937 22.64187 22.99875 22.35188 22.36062 21.7225 21.02438 21.28938 22.02812 22.13563 22.77938 22.89188 23.1575 23.01125 22.69813 23.02875 23.12688 23.01875 23.36 23.24188 23.34062 23.48188 23.52938 23.5075 23.50562 23.4975 23.4725 23.505 23.41813 23.33937 23.01 22.81125 22.84 22.72812
21.0125 21.49563 21.325 21.78188 21.23438 20.64438 20.62 21.14063 20.83062 21.49625 21.77625 21.29875 21.63812 21.89875 21.77125 21.25813 22.27125 22.28375 22.04562 22.45188 22.53312 22.34937 22.415 22.67187 22.65812 22.93563 22.99375 22.91063 23.19625 22.92875 22.45375 22.83625 22.85688 23.075 22.49 22.68812 22.845 22.78062 22.2575 21.58063 21.53813 22.37937 22.38187 21.90063 22.67 22.8125 22.85687 22.92312 23.21625 23.47687 23.4225 23.43813 23.43562 23.47188 23.58187 23.55563 23.4625 23.3725 23.1525 23.11125 23.1525 23.01812 23.2 22.41562 21.99812 21.72125 22.19125
21.04437 21.00563 21.23938 21.83625 21.97937 22.11 21.95563 21.92562 21.88812 21.735 21.49187 21.51313 21.68188 21.67625 21.98937 21.69875 21.73125 22.08 21.92 22.38188 22.73063 22.73562 22.87687 22.98687 23.18625 22.92188 23.11812 22.91 22.825 23.21375 22.49313 22.14 22.56125 23.04375 22.715 23.00375 23.25937 22.72 22.5775 22.6175 22.74938 22.87125 22.74438 22.985 22.41062 22.44563 22.8725 23.02437 23.27375 23.44125 23.54438 23.52375 23.54563 23.61312 23.575 23.33937 23.16437 22.75937 22.64313 22.29625 22.64688 23.0475 23.03437 22.9025 23.04563 23.12937 23.31812
20.99375 21.18625 21.94154 22.07857 21.63667 21.81813 22.16375 22.22 22.1225 22.15063 22.09562 21.59125 21.43813 21.515 21.63937 22.22125 21.43125 21.83688 21.8425 22.29375 22.13437 22.5725 22.72375 23.035 22.7525 22.80125 23.315 23.62875 23.41125 22.79937 23.08062 23.22562 22.89063 22.77188 23.05312 23.00187 22.78 22.59125 23.08125 23.31938 23.35187 23.16187 23.19062 22.54188 22.7425 22.72062 22.51437 23.06187 23.07063 22.94312 23.47188 23.14812 23.59562 23.58438 23.51125 23.28875 23.235 22.99437 23.06438 23.23062 23.27188 23.16937 22.44437 22.18813 22.2425 22.69625 23.07438
21.62625 21.65143 21.79 22.22 21.85333 21.73937 21.825 21.90625 21.45812 21.20188 21.98687 22.18687 22.14125 21.57 21.37125 22.08063 22.38812 22.0825 22.14063 22.10063 22.09875 22.20688 22.89562 23.27125 23.28938 23.3775 22.96313 23.155 23.39062 23.44062 23.29625 23.11875 22.88938 22.69062 22.51812 22.5575 22.19812 22.11438 22.77188 23.10625 23.15562 23.25062 23.60688 23.59062 22.80437 23.10875 23.03062 23.0675 23.24562 23.12687 23.08125 23.5625 23.52625 23.345 23.35312 22.94 23.23625 23.1025 22.9775 23.03125 23.20813 23.21125 22.97375 22.40562 22.78687 23.07063 23.08687
21.19625 21.7775 21.97437 21.88875 21.65562 21.35 21.91687 21.97688 22.02125 21.985 21.86062 22.16563 22.40438 22.46125 22.13813 22.24 22.0275 22.32563 22.78875 22.66438 22.29938 23.05563 23.2925 23.00125 22.8225 23.18937 23.45312 23.23 22.99625 23.36125 23.39563 22.9475 22.49313 22.93125 23.02188 23.14563 23.28875 23.17625 22.8075 22.64437 23.04562 23.165 23.08125 23.01875 23.0275 22.5 23.11688 22.94313 23.03562 23.45625 23.64062 23.62625 23.5125 23.30187 22.86 23.3325 23.32063 23.15625 23.045 22.9375 22.75125 22.75438 22.54625 22.85125 22.8625 23.14688 23.34812
21.0925 21.3325 21.39438 21.11062 21.52625 21.16187 21.3975 21.74438 21.725 22.02438 22.14562 21.6875 21.82375 22.3175 22.46 22.40125 21.8675 22.25312 22.62188 22.61562 22.87875 22.95187 22.88125 22.165 22.21875 22.22938 23.00062 23.59125 23.57188 23.66625 23.43813 23.42625 23.16063 23.13812 22.97437 22.90937 22.96812 22.93937 23.04875 22.81563 22.82813 23.15563 22.9075 23.49438 23.61562 23.37813 23.54375 23.4625 23.44437 23.475 23.54375 23.49125 23.5325 23.48625 23.47813 23.36188 23.02375 22.90812 22.48437 22.33562 22.35437 22.79688 22.5775 22.49938 22.87687 23.0025 23.40937
21.34687 21.28938 21.47312 21.73375 21.89933 21.885 21.34333 20.53 21.24813 21.90937 22.07563 21.40562 21.80437 22.2775 22.06875 22.685 21.97813 22.33812 22.68375 22.70187 23.22437 23.17562 22.94437 22.6 21.8975 22.45375 22.82688 23.04938 23.06562 22.91313 23.22688 23.27188 23.1875 23.02938 22.8125 22.87563 22.88 22.8225 23.31437 23.53312 23.33687 23.41562 23.69813 23.34125 23.50312 23.33313 23.465 23.44063 23.29562 23.35438 23.43875 23.32187 23.43688 23.43 23.1475 22.94938 22.695 22.10062 22.31062 21.92062 22.03938 22.40062 22.70875 23.07625 23.01188 22.70813 23.185
