Code_and_data/Tas_Plant_GDM_Files/ASCII grids/jan_rad_2010_1km.asc
ncols         470
nrows         479
xllcorner     143.8
yllcorner     -43.7425
cellsize      0.01
NODATA_value  -9999
[rows 319 to 347 of 479, columns 201 to 267 of 470]
16.45 16.74375 16.89875 17.05562 17.12938 17.0025 17.10125 17 17.33875 17.37875 17.58937 17.51563 17.60625 17.7975 17.75563 17.69437 17.75813 17.87625 17.75813 17.24187 16.68188 17.63125 17.452 18.04308 17.88846 17.99063 17.91875 18.52062 18.54062 17.48125 17.78563 18.07438 18.61687 18.84562 19.19875 19.5375 19.89438 20.03625 19.63 19.8325 19.9 20.47571 20.56375 20.6525 20.53625 20.33437 20.93375 20.89813 20.95625 21.16938 21.2225 21.24813 21.265 20.82875 20.98875 20.94062 21.18937 21.5375 21.55938 21.6875 21.65187 21.585 21.61938 21.80375 21.89875 21.7325 21.71125
15.85875 16.1625 16.7175 16.93188 17.16813 16.9825 16.94312 16.99313 17.11687 17.17062 17.38 17.50125 17.51 17.71188 17.60625 17.64437 17.80187 17.89875 17.85625 17.31187 16.64625 16.58563 17.22812 17.06562 17.8825 17.906 17.8725 18.1725 18.60812 18.54 18.24938 18.42063 18.79812 18.97562 19.28188 19.74875 19.79437 19.96688 19.76563 19.84125 20.20857 20.15084 20.01937 19.47625 19.52563 20.36875 20.68312 20.94438 20.90333 20.67813 21.09 21.16 21.1525 21.28813 21.18187 21.00375 20.9925 21.07625 21.26688 21.57125 21.6275 21.61813 21.63125 21.65625 21.75563 21.71062 21.99312
16.26875 16.37375 15.90812 16.28125 17.03312 16.8675 16.45375 16.88625 16.65687 16.74562 16.85063 17.57125 17.47438 17.48938 17.66125 17.3775 17.68688 17.75875 17.63875 17.49937 16.97625 16.78 17.0325 17.7975 16.885 17.38062 17.55937 17.27563 18.16375 18.74067 18.74687 18.84312 19.09 19.28062 19.46625 19.70938 19.81625 19.87687 19.92187 20.10438 20.21143 -9999 20.42667 20.269 19.9625 20.40125 20.78812 20.94437 21.08 20.77 20.60214 21.0825 21.18438 21.34937 21.38062 21.36875 21.43875 21.23313 21.22812 21.5375 21.65125 21.59188 21.77437 21.63188 21.60938 21.605 21.7225
15.845 15.83938 16.48063 16.13562 16.94312 16.6725 16.97625 17.03563 17.19563 16.73688 16.5375 16.94125 17.455 17.4725 17.43813 16.96688 17.43375 17.84938 17.685 17.46375 17.4575 17.2125 17.14188 16.54688 17.16125 17.26563 17.39125 17.45375 18.20687 18.74 18.99313 19.17 19.36437 19.41375 19.49375 19.64063 19.75937 19.7875 19.8625 20.02062 20.214 -9999 -9999 20.54667 20.60125 20.7025 20.79875 20.94375 20.98938 21 21.06833 20.81 21.06933 21.28062 21.37125 21.39812 21.4825 21.60375 21.52 21.45375 21.44062 21.48125 21.35 21.58 21.4225 21.79563 21.77813
16.67812 16.62 16.56313 15.86375 15.72125 16.70125 16.44875 16.6175 16.70938 16.87625 16.345 16.62 17.305 17.12687 16.90562 16.37687 17.27687 17.31438 17.725 17.71438 17.86375 17.48062 17.3225 17.50125 17.53375 17.495 17.72875 18.22875 18.26062 18.72187 18.78812 19.03062 19.20313 19.49 19.57375 19.66313 19.77625 19.864 19.82714 19.9975 20.15417 -9999 20.295 20.37938 20.63187 20.66687 20.76 20.7325 20.3375 20.26813 20.77188 21.09813 21.05375 21.165 21.29937 21.38 21.40812 21.44938 21.38875 21.47188 21.60062 21.56438 21.44312 21.28625 21.62188 21.89688 21.991
16.66125 16.52375 16.85125 16.5225 16.43188 15.85563 16.50375 16.20812 16.4275 16.1875 16.595 16.76938 17.13062 17.04125 17.16062 17.34437 16.81063 17.08187 17.895 17.70187 17.64063 17.81375 17.9375 17.24625 18.1025 18.15438 18.24812 18.60375 18.45188 18.78563 19.005 19.16562 19.28687 19.32813 19.48063 19.60688 19.76313 19.91375 20.00688 20.07077 20.041 20.142 20.23 19.77077 19.85125 20.23688 20.21 20.36188 19.77375 20.00188 20.45687 20.77875 20.68812 20.73125 21.15375 21.2225 21.29375 21.35625 21.37063 21.41688 21.67312 21.495 21.38875 21.18938 21.555 21.67688 21.77
15.87188 16.2725 16.7725 16.59875 16.67375 15.935 15.88437 16.06125 16.54875 16.3925 17.16063 17.12812 16.545 17.4175 17.71187 17.45875 17.48625 17.47812 17.35687 17.8125 17.77125 17.93125 17.57625 17.00625 17.035 17.72 17.83813 18.16938 18.51375 18.7475 18.93063 19.06875 19.16813 19.06625 19.225 19.52125 19.67937 19.78938 19.87625 20.005 20.15375 20.00267 20.07 20.12 20.107 20.17625 20.28875 20.01625 19.74188 20.06572 20.27875 20.52625 20.64812 20.82125 20.81188 20.97875 21.30313 21.2725 21.235 21.24312 21.30813 21.32312 21.16937 20.90937 21.2825 21.66125 21.92067
16.21312 16.50375 16.76438 16.56688 16.30062 16.10687 15.89438 16.08625 16.54625 16.5775 17.16438 17.04375 16.9575 17.39125 17.50812 17.60875 17.80625 17.63375 17.72437 18.00313 17.82125 17.84625 17.81687 17.47375 17.41125 16.89187 16.69062 17.40063 17.56687 17.885 18.50187 18.49 18.115 18.52125 19.02562 19.44875 19.54688 19.41313 19.69062 19.92625 19.95312 19.86625 -9999 -9999 20.23 20.18417 20.34875 19.95063 19.5425 19.34188 19.70562 20.26813 20.30688 20.53813 20.84187 20.88313 21.02 20.98375 20.95125 21.31187 21.15 21.46188 21.17 21.0775 21.46313 21.66313 21.75
16.03437 15.845 16.15937 16.22938 16.20875 16.55 16.75875 16.45437 16.18875 16.535 16.66438 16.68812 16.845 16.76062 17.21562 17.60687 17.59 17.755 17.82313 17.90187 17.71562 17.82625 17.86687 17.6675 17.51375 18.04625 18.12688 17.64562 18.17375 17.83187 17.1075 18.09313 17.72625 17.52687 18.88214 19.28214 19.46313 19.42125 19.37 19.69625 19.96625 19.83455 19.86 -9999 -9999 20.135 20.29125 19.97062 19.72812 19.10812 18.765 19.81 20.11938 20.59937 20.4825 20.64313 20.895 21.03625 21.125 21.0825 20.90438 21.22437 21.16187 21.0975 21.1925 21.23875 21.2625
15.52563 16.69813 16.66937 16.41625 16.035 16.60312 16.37563 16.60375 16.35312 16.83375 16.78688 16.7025 16.94375 17.27688 16.87313 16.94938 17.155 17.42313 17.47813 17.81937 17.9525 17.63812 17.5625 17.56875 17.96562 17.93875 17.77375 17.65562 17.70375 18.01937 16.9975 17.94125 18.22437 18.34933 18.79364 19.22813 19.35062 19.55 19.41625 19.34875 19.50562 19.68812 19.645 -9999 -9999 19.85167 20.07 20.20625 19.92625 19.97875 19.68937 19.39125 19.92625 20.63625 20.81 20.93063 21.10437 21.0825 21.27312 21.28125 21.07375 20.60188 21.11 20.81438 20.87 21.18687 21.63
15.84312 15.23563 16.15625 16.63813 16.22062 16.67 16.64812 16.40812 16.07875 16.46625 16.80687 16.91312 17.37938 17.62812 17.58437 17.13188 17.24375 17.5225 17.27375 17.12063 17.41875 17.49875 16.9025 17.58 17.79938 17.7125 17.54938 17.97 17.75063 18.07625 17.92937 17.485 18.50067 17.958 18.382 19.09385 19.21688 19.38875 19.46357 19.49562 19.28846 19.305 19.534 -9999 -9999 19.8875 20.21187 20.30937 20.16937 20.16 20.13875 20.02375 20.15438 20.4375 20.75062 20.91563 20.93687 21.00312 21.03 20.93375 21.00125 20.79062 20.45625 20.7425 21.2475 21.64125 21.77812
15.69563 16.45333 15.89688 16.21437 15.69437 16.30938 16.44437 16.2325 16.4675 16.35875 16.43937 16.95313 17.36375 17.50188 17.57 17.60563 17.60687 17.39437 17.56938 17.74812 17.8225 17.74625 17.5475 17.62563 17.62625 17.54 17.67375 18.00625 17.66375 18.07063 18.09875 17.89187 17.66375 17.67563 18.3125 18.90937 18.98937 19.295 19.42445 19.475 -9999 18.98 19.38455 -9999 -9999 19.83 19.915 20.11688 20.06438 20.23812 20.12 20.22625 20.33312 20.26062 20.305 20.43812 20.64187 20.58937 20.765 21.03812 21.24063 20.89 20.62437 20.89125 21.23312 21.55438 21.6125
15.98188 15.86562 14.19625 15.98687 16.37563 16.07 16.17 16.55333 16.57063 16.96312 17.11875 17.27312 17.41312 17.18813 17.38688 17.48937 17.72812 17.8225 17.74813 17.7325 17.8525 17.50875 17.67312 17.87 17.80437 17.92313 17.32625 17.24688 17.94938 18.09625 18.48375 17.73438 17.82 18.16928 18.15875 18.66857 19.19167 19.4025 -9999 -9999 -9999 -9999 19.71714 19.726 19.82667 19.665 19.49688 19.73875 19.76875 20.07813 20.13562 19.80625 19.71125 19.94312 20.25375 20.45688 20.66187 20.73938 20.94125 21.25438 21.15313 21.045 20.63938 19.6825 20.6325 21.05 21.13562
15.7125 16.22062 15.67938 15.35286 15.87625 15.83 16.06071 16.09 16.67375 16.67313 17.23938 17.3375 17.51687 17.47562 17.21375 17.525 17.5475 17.78813 17.62125 17.42313 17.74 17.90687 17.5 17.62688 17.81625 18.07438 17.98438 17.83875 17.64 18.0375 18.23375 18.14562 18.15688 18.10125 17.29187 18.03312 19.19 19.35312 19.39846 19.5 -9999 19.67111 19.60428 19.88875 19.76312 19.56937 19.62437 19.66375 19.98125 20.17125 20.24938 20.02625 19.86125 20.12875 20.36813 20.63563 20.73 20.90438 20.92375 21.09687 21.18937 21.21625 20.64625 20.86063 20.78625 21.515 21.57375
15.52188 15.25875 15.742 16.55714 15.72187 15.99125 15.90938 16.25375 16.32625 16.62875 17.01375 17.2625 17.47187 17.57125 17.3075 17.11812 17.27875 17.60313 17.7 17.45438 17.45813 17.7175 17.36312 17.65875 17.80437 17.77813 18.00375 17.39625 16.74188 17.70312 18.04187 17.12313 18.402 18.22133 17.04231 17.30545 18.70375 19.16571 19.32375 19.45333 19.55667 19.62812 19.60563 19.76 19.87625 19.73313 19.87062 19.9025 19.73875 20.14063 20.24187 20.1075 20.03313 20.26187 20.3475 20.7 20.85375 20.85625 20.9425 21.11875 20.92437 20.84562 20.70688 21.21312 20.225 20.54188 20.80312
16.22562 15.8825 16.61667 16.808 16.31625 15.65687 15.05539 14.95438 15.87875 16.37375 16.96313 17.19812 17.4275 17.50375 17.38563 17.09125 17.35062 17.39313 17.61688 17.68313 17.66562 17.66375 17.4275 17.45375 16.94375 17.005 17.56187 17.88125 17.85188 17.31688 18.2625 17.64625 17.29437 18.44813 18.04188 17.9075 18.82692 19.11375 19.36438 19.45667 19.47833 19.5275 19.40188 19.59 19.58438 19.575 20.02625 19.76187 19.88125 20.1275 19.98313 19.9775 20.08375 19.90937 19.93937 20.275 20.56187 20.55938 20.97 21.00063 21.065 21.10688 21.28938 21.18 21.06812 20.68812 21.36312
15.95438 15.6925 16.71625 16.6075 15.825 15.60813 15.94063 16.10188 16.17625 16.87625 16.82063 17.04812 17.14063 17.15937 17.13187 16.87563 16.84313 17.19625 17.31187 17.495 17.63125 17.3325 17.71937 17.16688 17.46625 17.3625 17.32063 17.76 17.75875 17.72812 18.005 17.92375 17.21187 17.92125 17.31813 18.06667 18.77286 18.87312 19.2975 19.28062 19.19563 19.23625 18.62375 18.86563 19.25625 19.56313 19.64625 19.86312 20.03188 20.05062 19.99812 20.1175 20.21312 20.26062 20.28688 19.79188 19.58 20.35688 20.77312 20.93188 20.8225 21.15687 21.09688 21.14 21.08625 20.07357 20.19563
15.57687 16.42062 16.46875 16.38375 16.5525 16.485 16.58 16.4875 16.29625 16.65187 16.81688 16.94125 16.96688 16.28437 16.93 16.5875 16.57813 16.78375 16.8775 17.155 17.18313 17.42062 17.05688 17.26375 17.59875 17.58375 17.28438 17.54625 17.57313 17.7575 17.97312 17.82063 16.67 17.68312 17.58933 18.4225 18.60428 18.77125 18.65875 18.96375 18.87062 18.89 18.55062 17.15688 17.55813 18.81375 19.33688 19.73313 19.75 20.03875 19.9675 19.9375 20.28687 20.19 20.47125 20.56125 20.52938 20.01938 19.73438 19.70875 20.41063 20.97563 21.22313 21.33562 21.13313 21.11813 20.17
16.10063 16.395 16.34875 16.72 16.70625 16.85 16.93625 16.87125 16.7925 16.3925 16.78875 17.15063 17.0075 17.16937 16.15813 16.7125 16.46125 16.70438 17.23 17.52312 17.31688 17.40875 17.39313 17.70125 17.50125 17.5025 17.61438 18.02812 17.36687 17.80125 18.02813 17.77125 16.775 16.6125 18.20214 18.57231 18.622 18.75062 18.96375 18.77 18.90125 19.15063 19.06562 18.85062 18.7175 18.1875 18.08625 18.65688 19.10437 19.31187 19.25437 19.94125 20.2175 20.36625 20.3625 20.46125 20.58938 20.64187 20.8775 20.73937 20.69 20.12938 20.69938 21.1675 21.435 21.405 21.16375
15.87625 15.5125 16.35938 16.80563 16.9225 16.99688 16.93188 16.955 17.02813 16.60375 16.18437 16.49187 16.66875 16.85625 17.2425 17.34937 17.08438 17.17375 17.4375 17.55062 17.58 17.60375 17.67188 17.51375 17.81625 17.84937 17.34 17.08188 17.49438 17.1775 17.43563 18.09063 17.89 17.23812 17.815 18.26 18.394 18.645 19.00438 19.13563 19.20187 19.21063 19.26 19.25937 19.15125 19.13625 19.06438 17.86937 18.76562 19.69938 19.745 19.44375 19.5375 19.29125 19.68312 20.07813 20.5025 20.5925 20.76375 20.8225 20.81937 20.93875 20.48875 20.46125 21.24375 21.27125 21.13312
16.24063 16.52313 16.64312 16.93 17.0575 16.98875 16.90187 16.78938 16.84125 17.02938 16.56625 16.775 16.54687 17.23 17.26063 17.4275 17.52812 17.3425 17.42 17.16437 17.41187 17.40938 17.5375 17.85062 18.0275 18.04 17.77 17.92875 17.81125 17.7575 17.97562 18.04125 17.75625 17.44 17.2875 18.45313 18.2275 18.70438 18.8475 19.02875 19.01563 19.2325 19.17875 19.2575 19.38188 19.27563 19.25375 19.2675 19.34812 19.64188 19.7375 19.81375 20.11812 20.395 20.41375 20.30187 19.815 20.06812 20.26688 20.405 20.43938 20.77312 20.99688 20.78875 20.63312 20.88437 21.195
16.54437 16.76937 16.71375 16.89312 16.86375 16.755 16.75563 16.98125 16.92062 16.97125 16.95687 17.2225 16.7475 16.86875 17.14875 17.45187 17.50375 17.43063 17.48562 17.745 17.75813 17.59 17.43937 17.8675 17.78438 17.58813 17.87625 18.04875 17.75375 17.835 17.5825 18.00875 17.86063 17.49125 16.85813 17.32438 18.20375 18.7775 18.97813 19.08812 19.125 19.08938 19.36062 19.48937 19.53875 19.34625 19.39813 19.38125 19.15938 19.55625 19.91125 20.01937 20.14812 20.33875 20.51188 20.51375 20.53062 20.41687 20.42188 20.37 20.61437 20.4775 20.73125 20.94125 20.64625 21.14937 20.99688
16.2375 16.41937 16.45313 16.455 16.4325 16.6225 16.54125 16.76625 16.94625 16.84687 16.86625 16.95 17.25563 17.13125 17.30562 17.49625 17.58375 17.41937 17.57438 17.76188 17.76375 17.72125 17.87313 17.89562 18.02312 17.69 16.88188 17.405 17.64063 17.3175 17.72313 17.995 17.82063 17.50688 17.74875 16.97812 17.68875 18.21812 18.85063 18.94312 19.01 19.24937 19.34375 19.39063 19.44187 19.49375 19.5525 19.60063 19.6 19.605 19.58125 19.80562 19.89563 20.11312 20.0775 20.25438 20.57062 20.51 20.79875 20.82125 20.62938 20.8825 21.09937 21.2575 20.97 20.33125 21.10563
16.3225 16.14625 16.64688 16.39063 16.58375 16.88625 16.70562 16.73812 16.37062 16.4825 16.53312 16.69688 16.78438 17.36125 17.50563 17.315 17.36063 17.47125 17.65125 17.51937 17.4125 17.475 17.72625 17.7075 17.63188 17.2125 17.4375 17.8725 17.90187 17.6825 18.11312 18.2125 18.18813 18.29375 18.11687 17.445 16.82937 18.41187 18.7625 18.8375 18.91812 19.26063 19.1775 19.20375 19.26812 19.35125 19.4925 19.58062 19.55375 19.68375 19.6725 20.00438 20.19625 20.26188 20.38188 20.43125 20.62062 20.70812 20.62625 20.5725 20.68125 20.64313 20.77813 20.98625 21.18562 21.125 21.04688
16.45938 16.03437 16.22375 16.35438 16.84437 16.50937 15.23937 15.3575 16.53813 16.73125 16.86125 17.1275 17.21875 17.36875 17.5225 17.35812 17.00125 17.16125 17.62937 17.59938 17.77312 17.64437 17.3 16.95188 16.8075 17.26438 17.23313 17.79312 17.15688 16.97875 18.12313 17.78875 18.28375 18.23812 18.33813 18.35063 17.88875 18.62563 18.55313 18.43 18.75687 18.73437 18.89875 18.93937 18.97062 19.10938 19.5575 19.36687 19.37 19.345 19.56062 19.83063 20.17687 20.13937 20.34875 20.43063 20.415 20.35938 20.2425 20.58625 20.46625 20.61563 20.59688 20.72437 21.21625 21.14625 21.48312
16.02563 15.8425 16.375 15.83125 16.51312 16.24875 16.44625 16.7175 16.80062 17.00375 16.97437 16.63375 16.58625 17.22625 17.39812 17.41562 17.4725 17.41063 17.45687 17.64938 17.43625 17.21688 16.97875 17.07063 17.34938 16.96938 17.005 17.04812 17.29375 17.64375 17.85813 18.06437 18.57813 18.37812 18.49875 18.30625 18.31375 17.89813 18.09625 18.14875 18.36312 18.59625 18.9075 19.07438 18.9575 19.33938 19.66688 19.6375 19.675 19.62438 19.80188 19.97563 20.07937 20.155 20.23187 20.11625 20.24562 20.57375 20.58687 20.35188 20.38187 20.5675 20.58187 20.45687 21.18375 20.93813 21.18
15.99 15.97312 16.37812 16.16187 15.935 16.5625 16.42562 16.75562 17.14812 17.1975 17.32438 16.86938 16.8775 16.90125 17.08 16.97813 16.90125 17.23812 17.16375 17.475 17.33438 17.05938 16.53188 16.2225 16.50812 17.07 17.7725 17.61938 17.9975 17.94437 18.1 18.35125 18.685 18.6875 18.52625 17.99438 17.445 18.27437 18.26 18.69188 18.85813 18.72688 18.89938 19.09937 19.3775 19.27437 19.36375 19.20188 19.645 19.895 19.62812 19.6125 19.73375 19.87188 19.64063 19.99313 20.28 20.50562 20.22437 20.3375 20.51 20.16375 19.95813 20.02562 20.76563 20.695 20.81813
16.36875 16.56 16.64187 16.58813 15.84062 16.28062 16.21313 16.78312 17.04188 17.09562 17.48938 17.18563 17.18625 16.92688 16.98313 17.15313 17.0075 17.24375 17.57375 17.56375 17.56313 16.89 16.88812 17.1075 17.09688 17.55812 17.72937 17.52563 17.15375 17.4575 17.80938 17.96562 18.465 18.255 18.00937 18.20563 18.3325 17.71375 18.25625 18.88875 19.1625 18.94625 19.0525 19.23188 19.45687 19.14437 19.20875 19.28938 18.9575 19.245 19.72875 20.0575 19.65438 19.81938 20.00688 19.87687 20.09937 20.33938 20.1275 20.1725 20.30062 20.38062 20.50687 20.18375 19.98 19.95813 20.13313
16.875 16.70375 16.62875 16.5975 16.20437 16.1825 16.21 17.05812 17.37875 17.39063 17.38688 16.58375 16.81562 16.89 17.26375 17.00813 16.86812 17.30375 17.42562 17.59375 17.48812 17.46125 17.16 17.04062 17.24875 17.48813 17.71125 17.43875 16.74063 17.515 18.28188 18.39375 18.49625 18.35062 18.20062 17.8475 17.23 18.23 18.76 18.75313 18.9475 18.90062 18.89125 19.22812 19.53312 19.57563 19.62375 19.69563 19.46062 19.58188 19.70625 19.9275 19.86125 19.76563 19.92562 19.75562 20.00625 19.95063 19.78312 19.91688 20.02562 20.20125 20.32875 20.375 20.785 20.8975 20.84375
