Code_and_data/Tas_Plant_GDM_Files/ASCII grids/jan_rad_2010_1km.asc
ncols         470
nrows         479
xllcorner     143.8
yllcorner     -43.7425
cellsize      0.01
NODATA_value  -9999
[rows 261 to 289 of 479, columns 201 to 267 of 470]
19.58187 19.3375 17.96188 18.50375 18.7925 19.29875 18.82562 19.1925 19.07125 19.08562 19.11125 19.04 19.28437 19.40937 19.355 19.27438 19.25937 19.3025 19.43563 19.49688 19.51437 19.37 19.53938 19.7875 19.22437 18.91063 19.26625 18.57438 19.27125 19.68 19.30214 20.19928 20.94375 20.4825 20.24625 20.35625 20.31562 20.535 20.39812 20.53 20.59937 20.94938 20.95813 21.10188 21.1825 21.39937 21.20687 21.39625 21.49187 21.60875 21.61375 21.65625 21.62125 21.18125 20.93 21.245 21.53125 21.32937 21.56875 21.70313 21.70625 21.67375 21.76062 21.76812 21.91438 21.99562 22.09125
19.03 18.28188 16.71125 16.97875 19.04062 19.37062 19.0625 18.995 18.81437 18.83813 18.88313 19.09438 19.26125 19.20563 18.92813 18.3775 18.80563 18.81063 18.93813 18.66187 18.65875 19.205 18.91062 18.75438 18.78875 19.59812 19.425 19.41687 19.325 19.27375 20.05429 19.77929 19.88062 19.51 19.25438 20.0175 20.57313 20.605 20.385 19.72875 20.22312 20.96375 21.055 20.09375 20.77563 21.14187 21.02937 21.06062 21.2925 21.475 21.53187 21.62 21.345 21.2425 21.425 21.60187 21.5075 21.465 21.75813 21.49375 21.445 21.66938 21.43813 21.3175 21.94812 22.01812 21.965
18.79562 17.81875 18.61687 18.545 18.68625 19.20812 18.97187 18.93813 18.79437 18.68687 18.7325 18.83813 18.8425 18.87188 18.6375 19.44625 18.84813 19.29937 18.97312 19.60563 19.73937 18.94187 20.1025 19.55687 19.48187 19.38687 19.30438 19.61687 20.37563 20.0225 20.38 20.38688 20.31563 20.23563 20.09125 19.70563 20.1125 20.41813 20.46688 20.36188 20.50187 20.815 21.12125 20.89437 20.66062 20.84875 20.90063 20.79062 20.94375 21.07687 21.33688 21.29812 21.3775 21.49 21.57562 21.65563 21.46563 21.6575 21.70625 21.42875 20.9875 21.345 21.48313 21.84937 21.82125 21.80375 21.84688
19.39375 19.72563 19.6425 18.39063 18.38688 18.83 18.99438 18.83187 18.74438 18.68 18.73188 19.02312 19.21437 19.28125 18.885 18.7475 18.33125 18.91625 18.8925 19.7625 19.37312 19.30062 19.275 19.02063 18.54 18.82562 18.8325 19.91 20.2825 19.93 20.00875 20.62687 20.835 20.79062 20.74625 20.34437 20.17063 20.35125 20.32313 20.15188 18.785 20.265 20.81813 21.38625 20.80875 20.73813 20.04812 19.50625 19.65313 20.03188 20.57937 20.84813 20.92 21.19875 21.41562 21.47438 21.59063 21.715 21.71437 21.57188 21.405 21.44062 21.84125 21.94188 21.82688 21.44312 21.27125
19.78688 18.86625 18.27563 18.61062 18.25125 18.60875 18.71938 18.57375 18.8625 18.81688 18.94813 18.8025 18.84187 18.71938 18.65 18.82375 18.68563 18.07438 18.92125 19.19812 19.3025 19.22875 18.91688 19.0075 19.57875 20.005 19.90625 20.21875 20.78437 20.7025 20.41125 20.29812 20.81812 20.97 20.62937 20.48688 20.11 20.37812 20.25375 19.76563 19.92937 19.77062 20.5875 20.95 20.54437 19.95063 18.72875 18.84 18.89812 18.99125 19.01375 19.12188 19.64187 20.05688 20.62625 20.90812 21.49312 21.635 21.5825 21.62937 21.735 21.82562 21.89812 21.93188 21.96688 21.87875 21.71375
19.45562 18.02812 18.02563 17.78375 17.7775 18.39562 18.39375 18.515 18.79938 18.845 18.79438 18.81688 18.75875 18.64187 18.10687 18.32 18.16562 18.73125 19.30437 19.18625 18.85375 18.95063 19.29812 19.21812 18.87 18.89313 19.98813 19.62 20.43313 20.6725 20.76625 20.83437 20.81188 20.61875 21.04062 20.515 20.2025 20.51125 20.49313 19.76563 20.30563 19.61938 19.66125 20.49563 20.23187 19.3425 18.43312 18.02625 18.7225 19.40125 19.48563 19.58062 19.2825 19.54812 19.9125 20.26125 20.66313 21.12813 21.41875 21.58125 21.565 21.68062 21.8925 21.90875 21.90562 21.97125 21.98312
17.86062 18.01625 17.91562 17.825 17.46187 18.30563 18.53187 18.445 18.77312 18.67375 18.78438 18.69938 18.64688 18.75875 18.25875 18.41688 18.55375 18.78938 18.76937 18.83313 18.96 19.09812 19.26563 19.28063 19.45937 18.85687 19.27563 19.34375 19.70063 19.72438 20.13438 20.4425 20.16875 20.63437 20.41563 20.11875 19.6375 19.93813 20.32813 20.22688 19.92687 20.50437 20.12625 20.20438 20.03 19.52938 18.59688 17.81937 18.14812 19.42063 19.59563 19.71937 19.82063 19.74938 19.65375 19.51125 20.02563 20.47062 20.65125 21.06313 21.49438 21.56313 21.78625 21.77812 21.74063 21.85812 21.99063
17.69562 18.01063 17.12812 16.52438 17.8225 18.46 18.29 18.47 18.58 18.58875 18.61187 18.43062 18.29437 18.465 18.55562 18.5075 18.72937 18.83813 18.87563 18.86563 18.7275 18.91937 18.83937 18.34812 18.07375 18.5825 19.28062 19.22937 18.9825 19.6375 19.77063 20.72375 20.55062 20.37437 19.65 19.5775 19.99063 20.2325 20.27938 20.275 19.47375 19.824 19.85375 20.02 20.65188 20.38 19.80125 19.8 18.79375 19.515 19.48875 19.49688 19.51438 19.48062 19.57875 19.64375 19.11813 19.60562 19.98187 20.08312 21.13813 21.44 21.61125 21.4775 21.44687 21.6225 21.8675
18.09125 17.35687 17.43 17.69 18.13063 18.44375 18.38063 18.3275 18.17875 17.8 17.74062 18.20562 18.5725 18.78062 18.92133 18.62687 18.59313 18.81133 18.78437 18.62938 18.52875 18.65375 18.36125 18.695 19.56625 18.79187 18.92875 19.34812 18.96188 18.32625 19.565 19.44062 20.90063 20.75 20.33125 19.86187 19.9775 20.06375 20.145 20.2025 19.3775 20.26154 20.20385 19.776 20.52375 20.36938 20.49063 19.52312 18.945 19.61875 19.70187 19.67438 19.53062 19.5925 19.4125 19.31938 19.63438 19.91187 19.74937 19.415 19.99562 20.70437 20.72688 20.5225 20.95688 21.185 21.705
17.78437 18.2625 17.54125 17.35812 17.39 17.49875 17.05938 16.73625 17.15312 17.56438 17.65375 18.16 18 18.17 18.40429 17.588 17.32067 17.79937 18.355 18.8625 18.90125 18.95938 19.0125 18.9425 19.51563 18.20062 18.25188 17.38062 17.59937 19.79688 19.80687 19.505 20.66375 20.7875 19.59062 20.17125 19.9375 20.00375 20.1925 20.30437 19.31875 20.09215 19.12125 20.05812 19.6325 20.38563 20.72313 19.4275 18.38437 18.7925 19.57063 19.52 19.32533 19.36563 19.37938 19.476 19.78625 19.74938 19.74062 19.98 19.655 19.55813 19.42 19.73187 20.125 20.84375 21.58187
17.82813 18.54625 18.3275 18.14875 17.57063 16.9375 17.62625 18.5425 18.56313 17.54313 17.11313 17.06125 17.98375 18.20937 17.94857 18.505 17.79125 17.28313 16.70688 16.89125 17.33812 17.64937 17.51312 17.54062 17.7425 18.84625 19.375 20.25062 20.6225 20.33687 20.575 20.76 20.53375 19.96563 19.78625 20.00375 20.32938 20.3225 20.11062 19.81812 19.2125 20.78909 20.89125 20.45375 20.85063 20.44438 20.95062 20.55875 19.6925 17.97125 17.38813 17.95375 18.51438 18.92375 19.5875 19.34375 19.87563 19.7725 19.70857 19.59333 20.01312 19.87937 20.00312 19.9025 19.17875 20.83125 21.50625
18.35812 18.1025 17.28625 16.96812 17.62875 18.6775 18.09937 17.615 17.1225 17.98125 17.63187 17.67938 17.54875 18.00438 17.4425 17.72313 17.63812 17.46438 17.0775 18.295 18.67438 18.44938 18.30062 18.40875 18.48062 18.63562 18.705 19.465 19.83625 20.24813 19.655 19.78688 19.82937 19.81438 20.025 20.12 20.13625 20.07813 19.07062 19.30437 20.34125 20.55625 20.20375 20.57125 20.7125 21.53813 20.55187 20.51937 19.94312 18.75375 19.43125 19.22 18.56938 19.40375 19.95437 19.51188 19.46437 19.745 20.00667 20.18125 20.00273 20.285 20.36062 20.1875 19.5225 20.15812 19.935
17.21 17.57187 17.88437 17.955 17.90437 17.91187 17.46063 16.79438 17.035 17.48562 17.6725 16.70313 17.5775 17.22313 16.91187 18.09929 18.262 18.67286 18.46125 18.23063 18.53438 18.33375 18.4125 18.7425 18.15375 18.21937 19.18375 20.23125 20.69875 19.75125 19.11062 19.45062 19.48563 19.735 20 19.78812 19.31188 19.09688 19.90562 20.91187 21.20438 21.22563 20.05125 19.94312 20.39875 21.37 21.31063 21.1225 20.68813 19.36938 18.9325 19.235 19.79313 19.85125 19.77938 19.96062 20.03688 20.18313 20.09 20.175 20.24062 20.35125 20.20933 20.48533 20.30267 19.80938 19.53875
18.21562 18.55563 19.04375 18.65563 18.6675 18.2975 18.1975 17.14937 15.90437 16.2525 15.66187 17.73063 18.255 17.96125 17.65 18.49063 18.2975 18.1775 18.3425 18.36875 18.5175 18.66313 18.75438 18.68437 18.48812 18.46437 19.56312 20.0725 19.64875 19.61063 19.06313 19.47688 19.34375 19.35313 19.49187 19.42625 20.26438 20.09812 20.41 20.17375 20.68563 21.11875 20.97188 20.69687 20.95875 21.275 21.19125 21.13437 20.765 19.74187 18.83063 19.34562 19.954 20.09067 19.95 20.10687 20.31 20.25187 20.16375 20.1575 20.282 20.38308 20.4275 20.52267 20.51188 20.23688 20.54625
16.94313 17.25875 17.44938 17.33375 17.3275 17.40187 17.07 17.30062 17.32938 16.81313 17.88312 17.555 18.1475 17.85125 17.49 17.42375 17.33187 17.92188 18.18125 18.73875 19.05125 19.03312 18.55562 17.7475 17.53188 19.12125 19.59062 18.94 19.29 19.25438 19.11187 19.365 19.14313 18.86188 19.23125 20.26937 20.69312 20.16875 20.21125 19.60688 20.15188 20.5575 20.57312 20.82813 21.07125 20.85875 20.8025 20.57187 20.50187 20.35625 18.94125 18.71875 20.05875 20.1425 20.1275 20.07375 20.245 20.21813 20.29938 20.3475 20.47143 20.37428 20.58 20.5975 20.61563 20.37437 20.39813
17.46812 17.23438 17.7125 17.7725 17.94125 18.09062 17.74063 17.635 17.6675 17.8825 17.265 17.6075 17.85875 18.0525 17.7525 17.95875 16.2375 15.255 17.115 18.50688 18.24625 18.60125 18.10188 18.69188 19.28563 20.05062 19.2275 18.66062 19.11938 19.3325 19.32 19.22375 18.905 19.34562 19.78 20.58875 20.15625 20.22875 20.02062 19.60375 20.85875 20.8675 20.95125 21.0375 20.7475 20.18188 19.94187 19.64875 18.98875 19.82875 19.5025 18.62625 19.89 19.79062 20.035 20.15938 19.96062 20.28312 20.41312 20.4325 20.558 20.65692 20.512 20.36625 20.32813 19.96875 20.21938
17.79313 18.0675 17.8475 17.99875 17.985 17.96312 17.3275 16.90812 17.60938 17.45438 17.30375 16.89312 17.87812 18.455 18.47 18.57 18.46312 18.29812 18.07125 17.13875 17.28563 16.80125 17.2075 18.67562 20.0475 19.9575 19.125 18.8975 19.0025 19.2375 19.37875 19.15375 19.06375 19.5625 20.2325 20.46875 20.01875 20.015 19.69875 19.9925 20.86308 20.89188 20.77875 20.0775 19.33437 19.1525 18.84063 18.98438 18.77438 19.58 20.19812 18.24312 19.025 19.31466 20.09467 20.34 19.96667 20.434 20.55688 20.5275 20.63769 20.53 20.514 20.67643 20.55375 20.44063 20.00563
17.95188 18.01125 17.90812 17.70938 17.475 17.13063 17.70937 17.55562 17.83 17.61312 17.94438 17.32 17.88929 18.19 18.52312 18.47188 18.50438 18.48857 18.18 17.79312 17.465 19.18625 19.535 20.06063 19.67313 18.96187 18.85625 18.9775 19.09375 19.15875 19.11 18.56375 19.27375 19.88313 20.5175 20.06688 20.34125 20.31813 20.035 20.22417 21.145 20.64429 20.0125 18.63 19.11812 19.40375 19.71375 19.28687 18.90562 20.20812 20.60938 19.50437 18.94562 19.37437 20.105 20.34625 20.48625 20.3675 20.49429 20.608 20.69333 20.44533 20.37375 20.666 20.7375 20.47625 20.58438
17.83937 17.87375 17.95188 17.83 17.35438 17.60375 16.92188 17.41438 17.8875 17.90438 18.02062 18.13643 18.03867 18.36438 18.5875 18.48 18.47154 18.437 18.27687 18.064 17.83625 17.65625 19.1675 19.83125 18.44687 18.48125 18.75688 18.89875 19.04867 19.105 19.14375 18.86875 19.80625 20.1025 20.26313 20.05688 20.32875 20.09688 19.98688 20.50533 21.2 20.77583 19.42063 18.57375 19.33438 19.43813 19.745 19.52125 19.46688 19.73812 19.51687 19.9075 19.78437 19.3675 20.07063 20.345 20.43438 20.5975 20.46769 20.68846 20.79538 20.71188 20.62846 20.40937 20.56687 20.76687 20.29625
18.02125 17.73875 17.93438 17.69125 17.71437 16.60875 17.35125 17.6225 17.75063 18.25187 18.31937 18.37733 18.176 18.02643 18.15063 18.27533 18.44063 18.61692 18.37625 18.32312 18.27125 18.50875 19.64938 19.41187 18.09063 18.78187 18.8075 18.79812 19.0275 18.94188 18.81937 18.74875 19.6825 20.2325 19.95625 19.73438 19.86563 20.12938 19.88375 20.57937 21.22167 20.94733 19.45875 18.82937 18.85562 19.48938 19.43 19.795 19.90875 19.81188 19.86125 19.6825 19.75562 18.81375 19.58875 20.07714 20.37937 20.37188 20.5275 20.44312 20.68214 20.63562 20.70687 20.66 20.82813 20.75625 20.87875
17.415 17.91562 17.00312 17.45 18.28938 17.44188 16.46813 17.27062 17.61938 18.12313 18.2625 18.2175 18.07733 18.44625 18.39615 18.25375 17.88 18.20875 17.89375 17.2375 16.91375 18.61438 19.8575 19.19563 18.05438 18.40312 19.045 18.99562 19.10625 18.98 18.79062 19.0025 19.55875 19.98 20.44563 20.09125 19.99438 20.16562 19.60187 20.1325 21.18636 20.81 19.36375 18.12688 17.16813 17.9175 18.51625 18.89875 19.71625 19.92267 20.15562 19.98812 19.725 19.48937 19.60437 20.14929 20.06188 19.96071 20.3 20.61 20.77429 20.64333 20.56357 20.6875 20.56125 20.65133 21.08714
17.98625 18.02375 18.415 18.71625 18.1875 18.4675 17.76937 17.7025 17.69437 17.55563 17.4625 17.63125 18.05063 18.17312 18.08625 18.39125 18.41437 17.60437 17.365 17.3825 18.25437 19.75687 18.86812 18.58437 18.76188 18.34875 18.77375 18.965 18.83375 19.08312 19.29688 19.06687 19.64562 20.28313 20.52063 20.36625 20.18813 20.145 19.76188 20.808 20.98333 20.70625 20.02688 19.005 18.72313 18.5425 18.71375 18.83563 19.34812 19.35 19.435 19.74563 19.75312 19.86625 20.275 20.43134 20.31688 20.392 20.485 20.71571 20.83813 20.91286 20.92937 21.07133 21.03667 21.04083 21.03867
18.42562 18.17 18.39125 18.25688 17.49313 17.87938 17.7375 17.37 16.7825 16.66438 17.61063 17.99687 17.92733 17.86 18.14375 18.30312 18.52312 18.49375 18.73312 19.53312 19.87062 19.065 18.01813 18.46375 18.82375 18.69437 18.91067 19.01938 19.12938 18.84438 18.986 19.04938 19.23375 20.20875 20.38 20.19625 20.27312 20.22125 20.17937 21.05 20.87 20.0225 18.89437 19.06937 19.60812 19.77812 19.96875 19.994 20.06188 20.2475 20.20285 20.11625 20.244 20.10167 20.39615 20.52 20.75143 20.74357 20.7575 20.92929 20.96533 20.93 20.93867 20.96333 21.13866 21.29692 21.15091
18.11188 18.24688 18.31375 18.28813 17.95062 17.29688 17.1575 17.25 17.62375 17.68688 17.68625 17.9025 17.89 18.29187 18.45938 18.57625 18.42625 18.30625 18.365 18.89125 19.42813 18.20125 17.22625 18.44313 18.67437 18.76375 18.96813 18.72937 18.87375 19.0525 19.0225 19.08667 19.35563 19.1975 19.39187 19.94187 20.05062 19.98625 20.39875 20.84 20.89286 19.87125 18.41062 19.35562 19.68125 19.8675 20.04133 20.06875 20.16125 20.274 20.30563 19.975 19.955 20.352 20.48533 20.63562 20.74313 20.81857 20.888 20.7925 20.93714 21.01929 20.994 21.07125 21.18357 21.31063 21.2775
17.5025 17.215 17.96312 18.35187 17.915 17.70812 17.52062 16.38312 16.11437 16.61687 17.91563 18.08937 17.89063 18.2975 18.45375 18.53875 18.55812 18.3325 18.34125 18.33063 18.37 18.46938 16.855 17.15438 17.285 17.44625 17.83063 18.14813 18.7175 18.52 18.72125 18.984 19.09687 19.09 18.87812 19.66438 19.66562 19.91687 20.06563 20.78727 21.23667 20.40375 19.07438 19.67937 20.09 19.94 20.125 20.08375 19.94 20.17 20.23857 20.32 20.32333 20.42733 20.50875 20.65062 20.75083 20.82308 20.94867 21.05 21.095 21.1625 21.26333 21.39273 20.99334 21.17188 21.28375
16.59562 18.03 17.955 17.54188 17.6375 16.9475 17.30688 17.80625 18.16312 18.1275 18.1125 17.785 17.90125 18.01187 18.13 18.4425 18.36563 18.45125 18.42687 18.15938 18.6275 18.70625 18.64125 18.45813 18.64929 18.76 18.73125 18.89312 18.7625 18.96688 19.03813 18.11937 18.995 18.9925 19.215 19.21286 18.75867 18.88125 19.14938 20.55 21.08286 20.53625 19.65438 19.18188 19.69438 19.92625 19.67938 19.15875 20.00714 20.00375 20.1425 19.8975 20.3925 20.25438 20.47312 20.80286 20.87231 20.60667 20.67438 20.98857 21.22714 21.22 21.18846 21.34666 21.33286 21.0025 21.13187
17.91438 18.23625 17.54437 17.85813 17.75375 17.99625 18.02625 18.05625 18.03563 17.78938 17.69438 17.70625 17.67875 17.9675 18.27312 18 17.32 17.37625 18.165 18.15187 18.44438 18.90125 19.00312 19.16375 19.15812 19.15875 19.16063 19.38437 19.4475 19.28813 19.195 17.8875 17.1525 17.2825 18.44429 18.1825 18.37938 19.62437 20.28313 20.17572 20.27938 20.195 19.89375 19.60375 19.96437 19.55375 19.21 19.56625 19.45562 19.31687 20.1725 19.67875 20.3825 20.76813 20.67533 20.67533 20.91267 21.03534 21.11467 21.17357 21.305 21.31643 21.29143 21.14083 21.24125 21.46125 21.38188
18.28625 17.6975 17.45625 17.3075 18.4925 18.31938 18.2275 17.94625 17.4875 17.81437 17.7575 17.375 17.805 18.03812 17.83937 17.13875 15.69 15.8325 16.96125 18.51687 18.6325 18.59313 18.81437 19.00437 18.42875 18.27375 18.67312 19.07563 19.33 19.17438 19.16375 19.2925 18.98063 19.33938 18.37688 19.41187 20.23062 20.11625 19.31562 19.82375 20.01375 20.084 20.34167 19.63437 19.73875 19.71091 19.56071 19.27375 19.475 20.05625 20.2975 20.22467 20.30533 20.50187 20.65125 20.89813 21.07733 20.705 20.828 21.23929 21.32417 21.33 21.39267 21.44222 21.37667 21.388 21.62062
17.95688 17.57313 17.12438 17.58125 18.09187 17.86625 17.49375 17.72 17.86813 17.31938 17.21875 17.41375 18.17688 17.88875 17.3525 17.15437 17.39063 17.64187 18.56063 17.98687 18.23313 18.48438 18.65437 18.90375 17.87 18.01875 17.96 18.7325 19.16125 19.31187 19.57125 18.77312 17.80125 18.27813 18.12125 19.50938 20.41312 18.9375 19.30438 19.6275 19.36187 19.51 19.65778 19.99375 19.94538 19.806 20.245 20.30917 20.53417 19.97533 19.4975 19.73133 20.30467 20.65 20.71933 20.828 20.81688 20.945 21.27667 21.32 21.455 21.54769 21.46533 21.36786 21.138 21.50063 21.51875
