Code_and_data/Tas_Plant_GDM_Files/ASCII grids/jan_rad_2100_1km.asc
ncols         470
nrows         479
xllcorner     143.8
yllcorner     -43.7425
cellsize      0.01
NODATA_value  -9999
[rows 210 to 239 of 479, columns 201 to 267 of 470]
22.955 22.9725 22.87375 22.68438 22.4625 22.35687 22.8225 22.85 22.59312 22.57938 23.02 -9999 -9999 -9999 -9999 -9999 -9999 -9999 -9999 -9999 -9999 -9999 -9999 -9999 -9999 -9999 -9999 -9999 -9999 -9999 -9999 -9999 -9999 -9999 -9999 -9999 -9999 -9999 -9999 -9999 -9999 -9999 -9999 -9999 -9999 -9999 -9999 -9999 -9999 -9999 -9999 -9999 -9999 -9999 -9999 -9999 -9999 -9999 -9999 -9999 -9999 -9999 -9999 -9999 -9999 -9999 -9999
22.72625 22.7475 22.56 22.22937 22.53188 22.47187 22.65937 22.6825 22.51188 22.62062 22.664 22.88818 22.80625 22.4825 22.24857 22.899 22.95667 -9999 -9999 -9999 -9999 -9999 -9999 -9999 -9999 -9999 -9999 -9999 -9999 -9999 -9999 -9999 -9999 -9999 -9999 -9999 -9999 -9999 -9999 -9999 -9999 -9999 -9999 -9999 -9999 -9999 -9999 -9999 -9999 -9999 -9999 -9999 -9999 -9999 -9999 -9999 -9999 -9999 -9999 -9999 -9999 -9999 -9999 -9999 -9999 -9999 -9999
22.52812 22.62812 22.23875 22.54563 22.46313 22.505 22.63125 22.50375 22.37062 22.57562 22.26812 22.39334 22.4025 22.35 22.4175 22.24563 22.88313 22.86 22.85 22.86667 -9999 -9999 -9999 -9999 -9999 -9999 -9999 -9999 -9999 -9999 -9999 -9999 -9999 -9999 -9999 -9999 -9999 -9999 -9999 -9999 -9999 -9999 -9999 -9999 -9999 -9999 -9999 -9999 -9999 -9999 -9999 -9999 -9999 -9999 -9999 -9999 -9999 -9999 -9999 -9999 -9999 -9999 -9999 -9999 -9999 -9999 -9999
22.06125 22.43 22.37125 22.42312 22.04063 22.53375 22.32312 22.39062 22.54875 22.3975 22.1 22.43062 22.42813 22.47875 22.51875 22.4375 22.42687 22.56375 22.53312 22.75867 22.95 -9999 -9999 -9999 -9999 -9999 -9999 -9999 -9999 -9999 -9999 -9999 -9999 -9999 -9999 -9999 -9999 -9999 -9999 -9999 -9999 -9999 -9999 -9999 -9999 -9999 -9999 -9999 -9999 -9999 -9999 -9999 -9999 -9999 -9999 -9999 -9999 -9999 -9999 -9999 -9999 -9999 -9999 -9999 -9999 -9999 -9999
22.145 22.31625 22.43563 22.38688 22.50375 22.38312 22.28438 22.37125 22.295 21.765 22.55062 22.5 22.31188 22.15625 22.26375 22.1125 22.455 22.28813 22.48938 22.69938 22.84063 22.98667 22.89222 22.97 23.23 -9999 -9999 -9999 -9999 -9999 -9999 -9999 -9999 -9999 -9999 -9999 -9999 -9999 -9999 -9999 -9999 -9999 -9999 -9999 -9999 -9999 -9999 -9999 -9999 -9999 -9999 -9999 -9999 -9999 -9999 -9999 -9999 -9999 -9999 -9999 -9999 -9999 -9999 -9999 -9999 -9999 -9999
22.15 21.74 22.15688 22.4175 22.57375 22.32063 22.38 22.0775 21.75125 21.48625 22.25438 22.4575 22.54 22.48625 22.23875 22.37625 22.51625 22.54438 22.60875 22.62 22.62812 22.69062 22.67125 22.7225 22.895 23.20083 -9999 -9999 -9999 -9999 -9999 -9999 -9999 -9999 -9999 -9999 -9999 -9999 -9999 -9999 -9999 -9999 -9999 -9999 -9999 -9999 -9999 -9999 -9999 -9999 -9999 -9999 -9999 -9999 -9999 -9999 -9999 -9999 -9999 -9999 -9999 -9999 -9999 -9999 -9999 -9999 -9999
21.7375 21.97875 22.2075 22.38437 22.5175 22.18875 21.68062 21.5575 21.70125 22.24125 22.3975 22.30875 22.46313 21.90563 21.99312 22.27375 22.4325 22.37687 22.51438 22.38688 22.59 22.65063 22.48937 22.4675 23.05875 23.22187 23.13929 23.20182 23.18625 23.282 23.365 -9999 -9999 -9999 -9999 -9999 -9999 -9999 -9999 -9999 -9999 -9999 -9999 -9999 -9999 -9999 -9999 -9999 -9999 -9999 -9999 -9999 -9999 -9999 -9999 -9999 -9999 -9999 -9999 -9999 -9999 -9999 -9999 -9999 -9999 -9999 -9999
21.9475 22.12438 22.16062 22.21313 22.2425 21.89312 21.93188 21.61625 22.145 22.41187 22.365 22.3175 22.0325 21.94687 22.465 22.12 22.48 22.57813 22.42875 22.54688 22.49438 22.60063 22.25 22.71125 22.905 22.92562 22.83062 22.9825 22.72875 22.54062 22.89313 23.036 -9999 -9999 -9999 -9999 -9999 -9999 -9999 -9999 -9999 -9999 -9999 -9999 -9999 -9999 -9999 -9999 -9999 -9999 -9999 -9999 -9999 -9999 -9999 -9999 -9999 -9999 -9999 -9999 -9999 -9999 -9999 -9999 -9999 -9999 -9999
22.04375 21.91313 22.03125 21.81937 21.46187 21.94687 21.8725 21.87187 22.14125 22.34688 22.21938 22.08812 21.95625 22.30125 21.53688 22.32 22.49062 22.32 22.47625 22.49562 22.39437 22.19938 22.38875 22.59875 22.59313 22.55125 22.55375 22.59125 22.91625 22.94375 22.90062 23.152 23.23667 23.3475 23.37 -9999 -9999 -9999 -9999 -9999 -9999 -9999 -9999 -9999 -9999 -9999 -9999 -9999 -9999 -9999 -9999 -9999 -9999 -9999 -9999 -9999 -9999 -9999 -9999 -9999 -9999 -9999 -9999 -9999 -9999 -9999 -9999
21.91813 21.6 21.625 21.9275 22.06313 22.10812 22.08813 21.665 21.73 22.25563 22.13813 22.28437 22.28063 22.15938 21.62938 21.72312 22.25375 22.29188 22.35062 22.13 22.31188 22.22062 22.23813 22.1425 22.27 21.47313 21.77437 22.0125 22.55875 22.44187 22.705 22.93563 22.69188 22.85312 23.1175 23.2825 23.41 -9999 -9999 -9999 -9999 -9999 -9999 -9999 -9999 -9999 -9999 -9999 -9999 -9999 -9999 -9999 -9999 -9999 -9999 -9999 -9999 -9999 -9999 -9999 -9999 -9999 -9999 -9999 -9999 -9999 -9999
21.96938 21.79812 21.87437 21.78687 21.94375 22.0075 21.6475 22.055 21.94375 22.18375 22.24813 22.31437 22.14 21.68 22.28312 21.89812 22.02375 22.4425 22.26125 22.3075 21.96812 22.3975 21.42938 21.2925 21.25438 20.46812 21.71 22.56125 22.885 23.05125 23.1175 22.84364 22.66222 22.62273 22.707 23.23 23.32187 23.28125 23.23563 23.15071 23.2675 23.29857 23.278 23.27875 23.11692 22.97643 23.12143 23.175 23.16 23.028 22.92556 22.71167 22.86 23.22 23.12333 -9999 -9999 -9999 -9999 -9999 -9999 -9999 23.53333 23.55 23.565 23.554 23.47445
21.76438 21.7925 21.5775 21.73187 21.90437 21.88687 21.71688 21.89063 21.94188 22.06125 22.14313 22.13938 21.855 22.1225 22.22813 22.21937 22.01563 22.29187 22.39813 22.32125 22.18 21.89688 21.51813 19.925 21.0725 21.72062 22.415 22.60938 22.51813 22.27375 22.94375 22.97625 22.94125 23.11636 22.94714 23.2 22.96625 22.86687 22.8675 22.76563 22.6725 23.10063 23.17813 23.16833 22.60273 22.71125 22.79688 22.94625 22.83875 22.85375 22.58187 22.68143 23.10786 23.07562 23.15 23.305 23.335 23.33 -9999 23.42333 23.45625 23.48466 23.49938 23.48875 23.49625 23.38125 23.2525
21.58 21.69938 21.9625 21.79687 21.795 21.51438 21.7425 21.86625 21.905 22.02812 22.03 21.99688 21.85063 21.95688 22.30625 22.26188 21.86625 21.7325 21.985 22.12125 21.52562 21.35938 20.125 21.37 22.36875 22.68125 22.65625 22.49875 22.55375 22.53625 22.68375 22.85125 22.75687 22.765 22.98667 22.85313 22.74687 22.37375 22.67125 22.37687 22.70125 22.82875 22.90313 23.04231 22.52857 22.35125 22.79563 22.60625 22.77 22.76563 22.73812 22.886 22.85 22.925 23.06313 23.08 23.11063 23.13437 23.24313 23.3025 23.38188 23.39875 23.375 23.15562 23.17562 22.98562 22.92125
21.71688 21.76062 21.75188 21.67875 21.30062 21.52438 21.97188 21.82312 21.91313 21.84062 21.53312 21.3225 21.765 22.13875 22.05062 22.09 22.05313 22.19563 22.19687 22.14562 21.22313 21.26063 20.96313 21.335 21.95 22.24125 22.45625 22.64875 22.33125 22.49813 22.52562 22.55812 22.49438 22.62312 22.89562 22.79 22.52813 22.6025 22.2525 22.4625 22.4175 22.57 22.70687 22.74313 22.75933 22.4925 22.6175 22.6825 22.55375 22.32875 22.71437 22.85375 22.82063 22.91 22.96188 22.99889 22.75062 22.895 23.0525 23.19312 23.18062 23.2 23.3525 23.04687 22.92625 23.00125 22.90937
21.60688 21.64563 21.7325 21.48188 21.65125 21.99438 21.65875 21.66125 21.4675 21.48875 21.3925 21.90625 21.70688 22.02875 22.07062 22.1075 22.05937 22.0275 22.195 21.95125 21.39313 21.03688 20.015 19.74688 22.24125 21.86812 22.0325 22.265 22.42437 22.50125 22.54562 22.51188 22.55312 22.88375 22.3375 22.53937 22.26625 22.4025 22.28062 22.52687 22.51875 22.39937 22.21125 22.3025 22.50687 22.54937 22.42437 22.28687 22.20313 22.59188 22.79688 22.63625 22.61375 22.685 22.77571 22.85546 22.8825 22.73375 22.91875 23.06 23.01813 23.1325 23.23 23.27 23.2075 23.005 23.11
21.58625 21.50562 21.56563 21.66 21.49625 21.61625 21.545 21.71125 21.7375 21.7075 22.0125 21.78938 21.65375 21.80625 21.6175 21.57 21.93813 22.02625 22.085 21.85063 20.42 20.92188 20.35063 21.08375 21.30875 22.08562 21.91313 22.04437 22.39375 22.35938 22.46125 22.48063 22.3825 22.6475 22.32312 22.21125 22.33125 22.3725 22.65938 22.28313 22.47062 22.49062 22.33125 22.3475 22.22937 22.20313 22.24625 22.37375 22.41125 22.50312 22.33813 22.21688 22.285 22.69312 22.938 22.952 22.571 22.75312 22.93875 22.875 22.6225 23.05812 23.0925 23.18125 23.16 22.9975 22.97688
21.45125 21.51437 21.3775 21.23063 21.65 21.57 21.65 21.5925 21.6075 21.73188 21.80188 21.50188 21.4925 21.36062 21.49188 21.4775 21.77812 21.91687 21.99 21.42812 21.13 20.7725 21.40625 21.01375 21.14062 21.79812 22.295 21.7225 21.94625 22.08937 22.34375 22.20437 22.3675 22.145 22.17188 22.23063 22.49562 22.27375 22.27062 22.29063 22.28937 22.32437 22.34875 22.26188 22.03563 22.13125 22.29688 22.33312 21.99937 22.1525 21.48875 21.59875 22.31937 22.80533 23.03667 23.078 22.84 22.36 22.515 22.76313 22.88563 22.4475 22.58187 22.84 22.90375 22.76937 22.99312
21.1375 20.97125 20.92375 21.34312 21.40563 21.5975 21.47375 21.57 21.69375 21.66438 21.79125 21.81 21.66312 21.52437 21.54375 21.5725 21.6975 21.98063 21.94938 21.9675 21.835 21.69625 21.21687 20.4975 21.13938 21.5975 22.07875 21.79687 21.30563 21.51625 22.16875 22.26813 22.17813 22.27625 21.8575 22.14375 22.31125 22.07875 22.20813 22.08687 22.25812 22.24875 22.03875 22.26063 22.25312 21.86563 22.1825 21.71062 21.82875 22.355 22.1625 22.05687 22.22 22.7875 22.97688 23.03125 23.06333 22.9175 22.40267 22.34625 22.6025 22.87375 22.85813 22.61062 22.57813 22.85062 23.06437
21.275 21.41 21.25063 21.225 21.30687 21.51875 21.41687 21.41688 21.50625 21.2575 21.5975 21.57937 21.79937 21.57125 21.60813 21.79875 21.66125 21.69375 21.4075 21.42813 21.28937 21.39563 21.08938 20.4825 21.55688 21.93313 21.9025 22.12562 21.76437 21.53375 22.05312 21.99 21.8625 22.21625 22.055 22.1125 22.24687 22.12687 22.075 22.01812 21.98375 22.14063 21.74812 22.14 21.4025 21.64062 21.3375 22.00125 22.33562 22.34 22.44438 21.945 22.13813 22.80625 22.82125 22.91938 22.86812 23.00938 23.04937 22.69 22.83875 23.0825 23.1075 22.96313 22.83437 22.72375 22.88187
21.20437 21.38875 21.33875 21.39687 21.40375 21.46375 21.43813 21.43625 21.17313 21.13812 21.10625 21.18937 21.61875 21.30812 21.45063 21.505 21.53 21.76875 21.52062 21.57125 21.30625 21.3925 20.84937 20.8575 20.87125 20.94437 21.10688 21.65125 21.945 21.79875 21.49688 21.63875 21.67938 22.17313 22.08063 22.01375 22.06375 22.01813 22.17312 21.91938 22.125 22.17875 22.01188 21.97313 21.87749 21.2875 21.94375 22.07937 22.16625 22.1425 22.25812 22.365 22.515 22.6375 22.67062 22.71562 22.65937 22.93875 22.96812 23.03813 22.91312 22.945 22.79625 22.96875 22.85813 22.85812 22.76875
21.27625 21.16125 21.08125 21.15063 21.38625 21.34937 21.22 21.30375 21.4625 21.51938 21.57625 21.34125 21.71375 21.71125 21.49313 21.44125 21.39625 21.4675 21.71125 21.07375 20.61 20.41688 21.24937 21.02063 20.18687 20.67375 21.35375 21.9625 21.60937 21.36625 21.82938 21.97125 21.72563 21.78375 21.84438 21.84375 21.77875 21.87563 21.82625 22.07188 22.10375 21.88375 21.83187 21.9575 22.18 21.3875 21.915 21.965 21.865 22.05563 21.93375 22.3275 22.20813 22.225 22.19875 22.34125 22.57625 22.69437 22.76562 22.85312 22.95375 23.02062 22.79187 22.71062 22.71938 22.435 22.86562
21.22 21.15562 21.01188 21.08125 21.28813 21.26 21.20625 21.09063 21.18937 21.37125 21.11375 21.25937 21.4575 21.39875 21.4875 21.45 21.1075 21.30188 20.42875 20.78062 21.88688 21.7325 21.50187 21.94625 21.10625 21.46688 21.57187 21.70188 21.25 21.28937 21.88688 21.33875 21.70062 21.9275 21.81 21.7775 21.96062 21.93687 22.02125 21.98625 21.54875 21.01313 21.30062 21.87 22.43562 22.04062 22.00625 21.97187 22.01375 22.0125 21.96375 22.3225 21.83313 21.7725 21.52563 21.48375 22.13437 22.55125 22.66687 22.8575 22.88937 22.68312 22.75562 22.65688 22.73 22.75563 22.83938
21.19 21.13313 21.11 21.17875 21.1925 20.89063 20.81812 21.0225 21.10625 20.88437 21.125 20.8875 21.24938 21.38312 21.42187 21.31 21.30875 20.99125 21.03938 20.5475 21.16 22.03 22.21125 22.12875 21.92188 21.605 21.40937 21.5625 21.51312 21.85687 21.76812 21.79062 21.79 21.80687 21.91937 21.92687 21.50313 21.35688 21.25312 20.9475 21.44938 21.91875 21.71437 21.89125 22.12125 21.84562 21.63688 22.00313 21.765 21.875 21.61187 22.23375 21.74188 21.49813 21.33625 21.50375 22.2125 22.41312 22.76063 22.73438 22.7025 22.43625 22.27562 22.44 22.39313 22.3375 22.61813
20.90063 21.06 20.97812 21.12187 21.06438 21.03063 21.1 21.19625 20.55438 20.4425 20.98 20.82313 21.19875 21.28188 21.22875 20.89313 20.355 20.85625 20.74938 21.5875 22.03687 21.79812 21.88812 21.6725 21.44062 21.61625 21.38875 21.3575 21.65438 21.745 21.7375 21.745 21.6525 21.6725 21.74625 21.78375 21.66625 21.60562 21.40187 21.71813 21.67437 21.76063 21.61313 21.77833 21.36062 21.47688 21.78125 21.83187 21.985 21.88563 21.86812 22.1975 21.90438 21.04375 21.27938 21.76187 22.13125 22.57813 22.7075 22.57938 22.64187 22.675 22.65438 22.64812 22.10437 22.35625 22.54375
21.07187 21.01063 20.8625 20.76812 20.67437 20.80563 21.03625 20.72188 20.61062 20.78312 20.99937 20.73875 20.3925 20.94062 20.88125 20.42312 21.17938 21.79688 22.0725 21.7175 21.36937 21.33375 21.56125 21.49875 21.46938 21.65812 21.6725 21.52 21.39312 21.4575 21.71937 21.58875 21.46437 21.69188 21.78937 21.59313 21.50562 21.30125 21.2375 21.64125 21.76187 21.42125 21.51313 21.77286 21.57857 21.57687 21.82563 21.88187 21.70375 21.57 21.625 21.87812 21.96313 21.02812 21.07875 21.39 21.70125 21.965 22.41125 22.38375 22.5125 22.59125 22.1525 22.495 22.59 22.425 22.07313
20.95375 20.95562 21.08187 20.8275 20.8825 21.11313 21.07063 20.36437 20.36812 20.98125 20.68312 20.895 21.16813 20.9025 20.90312 20.63938 21.72063 21.79813 21.9475 21.675 20.98375 21.01687 21.2125 21.23563 21.46125 21.32125 21.17688 21.42687 21.48063 21.38875 21.36812 21.40937 21.53625 21.52188 21.59562 21.31687 21.27438 20.83813 21.51375 21.4775 21.50937 21.3625 20.84875 21.121 21.82285 21.42813 21.71375 21.81313 21.77438 21.5625 21.52313 21.55063 21.85375 21.6175 20.54437 20.95562 21.58937 22.18 22.70875 22.42125 22.075 22.33813 22.08062 22.2425 22.10125 22.41625 22.59375
20.915 20.82625 20.83188 21.00375 21.11 21.04938 20.85 20.775 20.83 20.5575 20.86438 20.97688 20.96688 20.87938 19.7525 20.14813 20.7075 21.43187 21.48438 21.00687 21.06563 21.11375 20.46 20.7075 21.07187 21.2475 21.27125 21.31375 21.24813 21.26687 21.49438 21.35875 21.31625 21.40875 21.37125 21.2525 21.1975 21.38062 21.27188 21.34375 21.25812 20.675 20.56937 21.09667 21.62 21.46 21.68688 21.66813 21.63562 21.635 21.80437 21.43375 21.33813 21.215 21.21688 21.03437 21.54125 22.38563 22.40562 22.47875 21.92312 22.22875 22.5375 22.6975 22.17937 22.24437 22.69125
20.85062 20.88625 20.8675 21.11375 20.95188 20.56187 20.56437 20.85438 20.97437 20.81812 20.64813 20.9075 20.8075 20.52937 20.41875 20.12375 20.52438 20.71312 21.36063 21.0975 19.84562 19.97437 20.07562 20.305 21.08125 21.15438 20.86938 21.00188 20.79125 21.16125 21.31063 21.35313 21.03812 21.00062 20.87063 21.07813 20.54562 20.98 21.28188 21.56063 21.53875 21.31437 20.86687 21.56067 21.10133 21.30187 21.73375 21.57687 21.405 21.22375 21.84562 21.9075 21.71688 21.22938 21.145 21.69563 22.25563 22.22375 22.07125 22.1875 22.22375 21.88125 22.195 22.39 22.7975 22.61875 22.38438
20.74813 21.05938 21.075 21.08375 21.01875 20.91625 20.93875 20.64375 20.61187 20.48438 20.89562 20.73 20.4275 20.5375 19.74312 19.92188 20.59875 20.3625 20.80438 21.3975 21.14938 20.9925 20.7225 20.88375 20.58625 20.87063 20.5625 20.56125 20.84813 21.17813 21.09125 20.9475 20.51 20.7725 20.60938 20.21562 20.65125 21.2425 21.07375 21.39187 21.17187 20.80625 20.69062 21.09714 21.47285 21.32 21.40875 21.73625 21.71375 21.72938 21.83688 21.89937 21.81437 21.28 20.5025 21.05437 21.41813 21.90812 21.99625 22.12438 22.26875 22.14938 22.35188 22.5325 22.55687 22.64688 22.45
20.76375 20.85875 20.89125 21.0175 20.79062 20.37625 20.385 20.72562 20.89625 20.91812 20.91312 20.19875 19.71688 20.6225 20.94375 20.98125 20.88687 20.3975 20.62188 19.56375 19.77 20.43688 20.68563 20.80313 20.68375 20.8575 20.895 20.84 20.92813 20.24625 20.0775 20.24937 20.9375 21.10812 20.67688 21.19937 20.99687 21.46313 21.415 21.16188 21.07625 20.81688 20.16312 20.63812 20.34643 20.57539 21.028 21.63562 21.44625 21.61375 21.56125 21.62312 21.66813 21.5275 21.16438 20.81062 21.0875 22.02625 22.04187 21.72313 22.1375 22.47 22.5225 22.45375 22.45125 22.7275 22.65813
