Code_and_data/Tas_Plant_GDM_Files/ASCII grids/jan_rad_2100_1km.asc
ncols         470
nrows         479
xllcorner     143.8
yllcorner     -43.7425
cellsize      0.01
NODATA_value  -9999
[rows 360 to 389 of 479, columns 268 to 334 of 470]
19.35188 18.41625 18.90063 19.05375 19.16375 19.22187 19.475 19.51875 19.82313 19.72562 19.57812 19.20813 18.795 19.2275 19.40812 19.81375 19.98125 20.6375 20.77125 21.0575 20.61188 20.46813 20.55562 20.72812 21.04 21.37375 21.62539 21.86416 21.12667 21.42 22.03438 22.085 22.00375 21.59625 21.7275 22.08187 21.63875 21.80688 21.49688 21.27 20.87375 20.98813 20.69375 20.995 20.75563 20.37188 20.13313 20.51 20.94812 20.81812 21.02312 21.025 20.60375 20.39 19.99625 19.63375 19.98063 20.985 21.24938 20.825 20.88812 21.64563 20.9275 20.89625 21.07187 21.22125 21.51375
19.71937 18.71937 18.135 18.91 19.09125 18.98 19.36 19.185 19.57813 19.43875 19.46812 19.1075 19.19625 18.94375 19.37437 19.64875 19.82562 20.09687 20.70625 20.87125 21.08375 20.68375 20.8525 20.61875 20.25562 20.14563 20.68187 21.66375 21.94231 21.5825 21.56 21.93125 22.16813 22.028 22.12187 21.56 21.195 21.38688 21.16313 21.04438 21.15937 20.69437 20.59125 20.56688 20.86125 20.46062 20.32313 20.60875 20.64625 20.38813 20.60813 20.905 20.5625 19.75 19.955 20.5025 20.8575 20.95563 21.535 21.63563 21.41187 21.41813 21.27312 20.53 20.64812 21.05687 21.23563
20.19375 19.2225 17.875 18.64313 19.24 19.30812 19.17 19.04813 19.35875 19.35813 19.09125 19.17437 19.415 18.91562 19.24687 19.52563 19.49187 19.78125 19.75125 20.65063 21.05688 21.03 20.99562 21.08 21.51625 21.35563 21.505 21.61 21.90813 21.90667 21.85416 21.8475 21.95929 21.91667 21.24687 20.96313 20.93688 21.12875 21.43187 21.39812 21.0875 20.75813 20.0175 20.155 20.60437 20.69125 20.88812 20.34625 20.285 20.85875 20.89625 20.67812 20.63562 19.99438 20.43438 20.45875 20.98063 21.45125 21.795 22.00813 21.4775 21.02 21.3 21.205 21.06625 20.61188 20.40125
20.34937 19.89875 18.58125 18.17937 19.18875 19.21312 19.01188 18.80688 18.91125 19.43 19.625 19.70625 19.57188 19.52812 19.19687 19.08062 18.95562 19.27813 19.28937 19.99875 20.66687 20.72 20.80937 20.79437 21.01687 21.61063 20.87062 20.47437 21.3925 21.58813 21.82312 22.0225 21.97692 21.98364 21.48143 21.51313 21.00813 20.9775 21.2925 21.20875 21.30562 21.15875 20.91125 20.6475 20.46437 20.3925 21.19 21.21063 21.1525 20.97062 20.73313 20.455 20.69062 20.53938 20.76125 20.915 20.98187 21.24313 21.49312 21.705 21.405 21.14188 21.22875 20.59125 20.2025 19.95 21.01062
20.4825 20.05875 19.2675 17.95437 18.55375 18.845 18.6775 18.6825 19.02875 19.55688 19.2775 19.31 19.35 19.6825 19.445 19.21875 18.64875 18.4475 18.62188 19.32125 20.1325 20.6675 20.29563 20.25062 20.9625 20.77438 20.73313 20.34563 20.82437 21.24187 21.30562 21.49375 21.40875 21.3025 21.41286 21.522 20.97438 21.35312 20.97 21.13188 21.38625 21.1625 20.95125 20.72937 21.065 21.2175 21.31063 20.76563 21.1875 20.6775 20.27 20.06375 20.31688 19.96813 20.3675 20.8775 21.49813 21.60875 21.67813 21.61875 21.67625 21.01875 20.82875 21.00687 21.12125 21.4825 21.37563
20.56187 20.275 19.6225 18.76 18.12687 18.9625 18.97062 18.94938 19.37062 19.37563 18.68 19.0275 19.08312 19.43687 19.63313 19.36813 19.15 19.51375 19.6175 19.87188 20.5925 21.04437 20.99375 21.405 20.82063 19.95687 20.2775 20.16312 20.5375 20.72312 21.03875 21.07125 20.92437 20.89188 21.22 21.66364 21.79231 21.51437 21.29125 21.49937 21.44625 21.02563 21.215 21.24688 20.91375 21.41 21.09937 20.9325 20.73813 20.6975 20.195 19.11562 19.27125 19.305 20.15687 20.98875 21.12813 21.38875 21.12563 21.41437 21.655 21.3925 21.09875 21.43563 20.985 20.6375 20.87375
20.285 20.2875 19.82937 18.865 17.68312 18.92563 19.22438 19.4 18.92562 19.2425 19.08438 18.87687 18.84188 19.33875 19.40625 19.3225 19.27625 19.08375 19.64312 19.6325 20.67062 20.80562 20.86938 21.15375 21.19688 20.45125 20.71125 20.60125 20.61438 20.53938 20.7075 20.74187 20.71687 20.67562 20.94437 20.88813 21.74125 21.49375 21.42437 20.90438 21.38625 21.2125 20.93813 20.96437 21.27375 21.1225 20.81375 20.725 20.60375 20.83312 20.72625 20.95312 20.94 20.7525 20.63563 20.81187 20.76812 21.17062 20.8375 21.28875 21.84437 21.63812 21.4475 21.045 21.23438 21.38 21.19687
20.24625 20.085 19.79125 19.46375 19.15313 18.035 18.77187 19.2725 19.13938 18.85813 18.98438 18.75063 18.9875 19.19437 18.84813 18.85563 18.98125 18.90812 19.27 20.2025 20.3 20.31125 20.48812 20.49062 20.91 21.0825 20.35563 20.4325 20.72188 20.40313 20.50375 20.62063 20.52125 20.98688 21.46125 21.60125 21.88813 21.7075 21.24375 21.5475 21.30562 21.62313 21.54812 21.1875 21.54125 21.48125 21.44812 21.46875 21.32125 21.06437 20.995 20.585 20.97437 21.15937 20.75563 20.33063 20.42687 20.87125 21.09188 21.355 20.92438 20.91562 21.61562 21.19687 21.22375 21.3825 21.08313
20.12125 19.90812 19.69812 19.13125 19.22062 18.33562 18.6625 18.93562 18.91688 18.73688 19.22062 18.18125 18.81 18.64875 18.6825 18.68563 18.595 18.71875 19.41875 19.98063 20.2375 20.46125 20.29 20.21625 20.885 20.93937 20.78375 20.57562 20.38812 20.7825 20.85625 20.69188 21.05562 20.96687 20.885 21.26063 21.75687 22.025 21.63937 21.63187 21.51 21.53063 21.38938 21.61813 21.61562 21.60938 21.1475 20.74937 20.9975 21.16063 20.9475 20.65875 20.65562 20.68563 20.70625 20.76875 20.655 20.43563 20.42437 20.58625 20.05188 20.41187 21.015 21.82313 20.78063 20.82875 20.6375
19.725 19.48812 18.97063 17.8 18.385 18.28187 18.415 18.56313 18.69875 18.83062 19.126 18.43938 18.555 18.6775 18.46875 18.56937 18.44125 18.0325 18.91563 19.71625 19.96 19.99438 20.17562 20.3825 20.65813 20.5575 20.75438 20.64063 20.95375 20.83125 20.85563 20.78312 20.4525 20.43875 21.00062 21.33375 21.60938 21.92813 22.04188 22.07062 21.86062 21.59313 21.52188 21.85625 21.83063 21.61188 21.54875 21.385 21.22937 21.1 21.13812 20.7175 20.21312 19.80938 19.64875 19.31 20.03063 20.0825 20.52063 21.02062 21.25813 21.27188 21.36625 21.3225 21.65937 20.77625 19.79063
19.61187 19.09813 18.46188 16.93187 17.675 18.252 17.70437 18.335 18.395 18.19188 18.85 18.77187 17.91125 18.36563 18.62062 18.45438 17.81125 17.85188 18.79062 19.68313 19.83563 20.19625 20.13125 20 20.44187 19.95188 19.9025 20.45812 21.265 21.19688 20.57375 20.85062 21.01375 20.96875 20.735 20.94813 21.22 21.7275 21.76188 22.11563 21.88062 21.7625 21.67188 21.5425 21.64875 21.60687 21.355 21.19437 21.04688 20.91063 20.81313 20.40938 20.06562 19.58063 19.07125 18.64312 19.34875 19.89625 20.37625 20.46062 20.54938 20.88938 21.35938 20.92438 21.67625 21.1875 21.14688
19.43563 19.09875 18.27062 16.47875 16.69125 18.04933 17.96625 17.8425 18.08933 17.92625 18.01091 19.02563 18.59375 18.34909 18.14533 17.95812 17.75143 18.30813 19.13313 19.6225 19.8675 19.92188 19.55875 19.57875 19.56812 18.82375 18.85687 19.93687 20.86312 21.28375 21.47437 21.53375 21.445 21.32312 20.6525 20.62 20.7875 21.18625 22.01875 22.08813 21.97562 21.66125 21.7125 21.59 21.50875 22.02 21.71437 21.72812 21.175 21.00187 20.9925 20.54125 19.9625 19.47938 19.28 18.86375 19.39188 19.68625 19.86875 20.02625 20.37313 20.68375 21.2225 21.47375 21.65813 21.38875 21.30187
19.29 19.12313 18.68312 18.25813 17.78687 17.51937 17.92 16.90313 17.1125 17.63857 18.17 18.63688 18.40375 18.50214 18.185 17.4625 18.34937 18.58562 19.0675 19.42063 19.77188 19.3275 19.98 20.2175 20.01812 20.19125 20.54812 20.00875 20.32625 20.90937 21.48875 21.87375 21.93563 21.6325 21.35875 21.34063 21.55 21.24 21.90688 22.15625 22.17562 22.0525 21.99125 21.8275 21.8525 21.7725 21.74813 21.76187 21.63938 21.055 20.775 20.81062 20.73562 20.27125 19.99625 19.63563 19.59562 19.42062 19.28375 19.35 19.38125 19.9975 20.12562 20.4175 20.82312 21.48937 21.47125
19.155 19.2125 19.04812 18.695 17.655 17.71187 18.015 18.29643 17.25562 16.785 17.94438 18.072 18.62187 18.61125 18.27813 18.12187 18.7825 18.93 18.92062 18.54625 19.32 20.29375 20.81937 21.11 21.13062 21.02938 19.955 19.855 20.38 21.30625 21.31313 21.44813 21.6025 21.81625 21.835 21.82 21.53 21.4775 21.95187 21.98625 21.8875 21.925 21.55313 21.69375 21.85813 22.0575 22.055 21.8925 21.615 21.18313 20.52375 20.48563 20.88563 20.6625 20.21688 19.4525 19.19 18.74062 18.77563 19.02313 18.59188 19.24125 19.58813 20 20.7425 20.87875 20.8
19.08437 18.74438 19.0075 18.45313 17.40438 16.59125 17.2 17.856 18.582 18.08813 16.2925 17.26812 18.00937 18.12812 17.47312 17.89312 17.91625 18.49625 19.40187 20.08125 20.435 20.74813 21.04875 21.15375 20.49187 20.5175 19.75687 19.83813 20.21375 20.7975 20.675 21.0325 21.23125 21.32 21.16687 21.19062 20.68 20.68188 21.36 21.79438 21.79062 21.42813 21.83437 21.85375 22.00688 22.135 21.86562 21.75 21.81812 21.69125 21.21688 20.45563 20.86937 20.77937 19.73812 18.99437 18.96062 18.29563 17.95563 18.37313 18.575 18.81813 19.15063 19.52875 20.43 20.72188 20.875
18.88563 17.845 18.04687 18.1175 17.52438 17.39562 16.85125 16.62313 17.48812 18.24438 18.55062 17.47875 16.65875 16.86312 17.90875 18.03062 18.74937 18.15125 18.99187 19.91688 20.12562 20.66562 20.795 20.6 20.10563 19.70063 19.19875 19.575 19.95125 20.14562 20.43937 20.81313 20.74938 21.29687 21.59375 21.65438 21.575 21.83313 21.97375 21.94625 21.98563 21.91187 22.01125 21.90563 21.60562 21.62563 21.65438 21.51062 21.38688 21.0725 21.02937 20.95313 20.56438 20.55875 19.95875 19.28312 18.81625 18.51312 18.68687 18.99875 18.05313 18.67188 18.68625 18.14187 18.7825 20.07438 20.63187
18.4 17.66063 17.8325 18.56687 18.6675 18.25063 17.68875 17.4375 18.57813 18.385 18.03125 18.43125 18.73125 17.9325 17.49375 18.69563 18.70188 19.3425 19.51313 19.97687 20.62875 21.065 20.89562 20.32125 19.45563 19.15063 19.14687 19.39875 19.795 19.99375 20.24125 20.32813 20.71375 21.215 21.06125 21.46875 21.465 21.6675 21.6125 21.70812 21.765 21.83062 22.00625 21.68375 21.76563 21.77437 21.53563 21.18937 20.77375 19.96437 20.70812 20.29063 20.19062 20.01812 19.9675 19.57688 18.87187 19.50125 20.05313 20.03563 19.32937 18.43 18.575 17.795 18.0875 19.89688 20.39563
18.87062 19.35938 19.1625 19.39063 19.29313 19.12813 18.78062 18.44437 18.22938 18.65062 18.71063 18.51375 18.33062 18.97 19.72688 19.765 20.20438 20.31187 20.75 20.67063 20.17813 20.18812 20.3025 19.7725 19.09625 19.18812 19.26188 19.605 19.845 19.80375 19.44875 19.6125 20.395 20.23063 20.60437 21.46625 20.85 21.04937 21.315 21.22625 21.235 21.52312 21.97875 21.84688 21.96938 21.925 21.99125 21.48125 20.40688 20.75687 20.5075 20.74687 20.47 20.08063 19.9625 19.945 19.30563 19.49563 19.71563 20.29875 20.35 19.78 18.63812 18.39062 19.37062 19.75438 20.54625
18.86625 19.18938 19.5125 19.09 19.57375 19.68 19.51312 19.27938 18.88812 19.15437 19.10563 19.29875 19.35 19.80875 19.66687 19.38375 20.18687 20.65187 20.42188 19.47437 18.7375 19.22188 19.65188 19.40875 19.175 19.31187 19.245 19.3975 19.73812 19.98125 20.04563 20.74125 20.93813 20.9275 20.45188 20.99 20.76563 20.91938 20.71563 20.94875 20.915 20.60875 20.99187 21.54125 21.86813 21.66687 21.80062 22.00563 21.82063 21.92188 21.10438 20.685 20.62875 19.8925 20.54625 20.12875 20.74 20.48813 20.98187 21.0225 20.01063 19.51938 19.2675 18.90625 19.90812 20.54812 21.065
18.40375 18.63625 18.68687 18.39438 19.0675 19.82625 19.93063 19.45875 19.02188 19.51875 19.88437 19.92375 20.13875 19.6775 20.0575 20.42813 20.50063 19.90063 19.0575 18.30875 18.53625 19.01688 19.40875 19.05625 18.82313 18.91812 19.1475 19.30875 19.63188 19.685 19.62312 20.48562 20.895 20.46375 20.58187 20.85 20.93125 20.4875 20.8125 20.63437 20.39187 20.52687 20.44938 20.74562 21.16125 21.39813 21.52812 21.74375 22.07875 22.0375 21.90187 21.46625 21.275 21.2575 21.23937 21.00563 21.165 21.42375 21.48063 20.3125 20.29313 19.5875 18.63188 18.63125 18.575 20.14 20.62875
18.41562 18.70563 18.69312 19.42062 19.855 19.8725 19.87687 20.04437 20.07687 19.9525 19.96375 19.99875 20.22812 20.18375 20.30813 19.875 19.33187 19.26813 18.5775 18.685 18.8475 18.82188 18.82813 18.26625 18.61312 19.05 19.36562 19.16937 18.70563 18.67375 19.63938 20.66937 21.10937 20.4575 20.6 20.755 20.94125 20.93 20.90063 20.92563 20.77438 20.26312 20.2 20.61937 20.56625 20.695 20.96875 21.47125 21.68 22.0025 22.05188 21.93375 21.49312 21.51312 21.16375 20.4075 21.36125 21.52188 20.9175 20.21562 19.72 19.2 19.58562 20.4025 19.92563 20.79375 21.55364
18.11938 18.39687 18.60625 19.22687 19.69563 19.83313 19.9225 19.8825 19.88062 19.83562 19.80938 19.96188 19.94812 19.40563 19.14313 18.9175 18.6575 18.31813 18.685 18.13312 18.12938 17.69375 18.795 18.73063 18.13437 18.29563 19.01188 19.37 19.41313 19.89688 20.70875 20.75687 20.68375 19.9875 20.385 20.5625 20.57 20.6375 20.67437 20.80125 20.60687 20.66063 20.54125 20.445 20.44563 20.36813 20.44437 21.33562 21.72625 21.80687 21.9175 21.58688 21.57125 21.94813 21.93813 21.95875 21.79312 21.06813 20.50312 19.37188 19.28813 19.92688 21.18063 20.94534 21.55 21.63583 21.30692
18.1225 18.16125 18.17625 18.75937 19.38875 19.66437 19.42438 19.62187 19.68937 19.4 19.21375 19.19813 19.65937 19.41625 18.76688 18.79937 18.45188 18.43312 18.54438 17.65688 17.91312 18.59312 19.56562 19.40562 19.1425 18.34625 18.8525 19.53625 20.25375 20.37875 19.77625 19.72562 20.1675 20.23062 20.11687 20.47125 20.21812 20.41187 20.66687 20.6075 20.46125 20.46313 20.49312 20.27687 20.16312 19.91625 19.5675 21.0175 21.07375 21.24813 21.31 21.43625 20.78812 21.5925 22.04062 21.835 21.9375 21.845 22.145 22.21125 21.38077 21.26125 21.735 22.20071 21.90563 20.94188 20.35563
17.4725 18.1175 18.41563 18.43437 19.2075 19.20938 19.05375 18.96062 19.09188 18.96687 18.5275 18.625 18.21375 18.27125 18.57125 18.85875 17.69125 17.18688 18.45938 18.96812 19.31063 19.40063 20.265 20.6425 20.76 20.50063 19.14437 19.46375 20.57062 20.03812 19.53687 19.43875 19.73 20.08438 19.98375 20.28375 20.04813 20.205 20.34 20.46437 20.33813 20.21562 20.20062 20.1625 19.88812 19.33312 20.13125 19.83625 19.9175 20.53563 20.71812 21.41438 21.41 21.48812 21.455 21.46875 21.63812 21.74187 21.99563 21.60437 21.81625 21.798 21.5825 21.59813 21.67375 20.40375 19.815
18.45875 18.215 18.37875 18.56375 18.62 18.67062 18.6225 18.89 18.79125 18.73062 18.36 18.0775 18.47125 18.26625 18.175 18.35375 18.0675 17.9325 18.27438 18.65125 18.90938 20.33187 20.51313 20.15812 20.54 20.62563 20.77188 20.45375 20.04125 19.2575 19.37375 19.31187 19.41687 19.83938 19.78625 20.01063 19.83875 19.81937 20.00563 20.225 20.08688 19.70875 19.79875 20.1325 20.26937 20.085 20.17562 19.8075 20.12437 20.17187 20.855 20.93625 20.72375 20.69938 20.8075 20.90812 21.00813 21.29625 21.74813 20.84625 21.02625 21.08 20.91813 20.7975 21.80688 21.02875 20.48375
18.61688 18.64063 18.43187 18.43937 18.30688 18.36375 18.42875 18.48313 18.62625 18.75375 18.31687 17.93125 17.16312 17.90812 18.61813 18.17188 19.11375 19.6325 19.50937 19.74187 20.09938 20.37563 20.2125 20.07625 20.3875 20.29875 20.21437 20.15313 19.69687 19.18125 19.34 19.45562 19.43062 19.60563 19.53812 19.81313 19.61125 19.65375 19.91875 19.84062 19.75 19.80563 19.78625 20.00562 19.16625 19.3525 19.95938 19.91375 19.8225 19.8625 20.58937 20.39813 19.83875 20.03312 19.96188 20.35062 20.70813 21.2225 20.84875 20.70687 20.57187 20.3075 19.7225 21.17625 21.18063 21.31875 21.43063
18.09375 18.33625 18.63063 18.26125 18.33125 18.47375 18.505 18.85437 18.86375 18.9775 19.30125 19.33375 19.085 18.97063 18.63375 19.17625 19.4025 19.93125 20.0325 19.95563 19.96563 20.35625 19.77563 20.02875 19.95687 19.5225 19.38563 19.54437 19.14875 19.21062 19.185 19.34625 19.2875 19.45875 19.40688 19.61187 19.52 19.62063 19.66938 19.51062 19.1925 19.28875 19.1825 18.92562 19.45062 19.51063 19.775 19.82062 20.03625 19.68813 20.27312 20.10687 19.57125 18.94312 18.83187 19.31937 20.315 21.29937 20.7325 19.8725 19.80125 19.63375 20.47063 20.48875 20.7475 20.11563 20.75313
18.72625 18.83312 18.79062 18.80313 18.74437 18.765 18.84875 18.83125 19.06063 19.05313 19.27062 18.90875 19.1425 19.425 19.24 19.42437 19.4975 19.51875 19.55812 19.66438 19.85 20.17937 19.87875 19.68937 19.30812 19.06812 18.85375 19.0425 19.30062 18.95187 18.74313 18.64875 18.8825 19.14063 19.1925 19.42188 19.32625 19.20188 19.31562 19.6925 19.51937 19.23875 19.26312 19.89812 20.3775 19.2175 18.6075 19.165 19.60875 19.20687 19.54813 19.88813 19.585 20.04313 20.42687 20.63062 20.75125 20.81688 20.76938 20.73875 20.2125 19.78687 20.44687 20.03813 20.07563 19.82062 19.60312
18.7125 18.84313 18.68313 18.86875 18.74562 18.8025 18.77562 18.7725 18.8675 18.87312 19.02125 19.28688 19.26687 19.27625 18.805 19.18375 18.94875 18.62437 18.73125 19.3275 19.46812 19.3325 19.47563 19.43688 19.20938 19.0425 18.83375 18.84438 18.87875 19.0975 19.24687 19.2925 19.07 18.69375 19.2475 19.4875 19.15313 18.84125 18.99312 19.67562 19.20437 19.01125 20.11187 19.98063 20.19813 20.04125 19.905 18.43437 18.54 19.22875 19.6675 19.24 19.21688 20.21187 20.67625 20.99938 21.01125 20.7775 20.3025 19.72562 19.4825 19.46875 19.79062 19.74875 19.79812 19.25312 18.93688
18.79938 18.53062 18.825 18.89 18.6025 18.745 18.5425 18.4775 18.36937 18.65625 18.95 18.89688 18.90875 19.31625 18.78813 18.76187 18.15187 18.26063 18.33562 19.05875 19.37125 19.31375 19.39063 19.25437 19.06188 18.92562 18.60187 18.88375 18.98562 18.8575 18.86062 19.08875 19.18062 19.59875 19.8925 19.68062 19.14312 18.88625 18.83375 19.66187 19.53187 19.97938 20.09438 20.15313 20.32438 19.965 19.65 18.0425 18.24437 19.06375 19.4175 18.99875 18.88375 19.78688 20.2875 20.80563 20.79125 20.24438 19.53 18.9675 18.54875 18.71563 18.7 18.65375 18.9625 18.92812 18.865
