Code_and_data/Tas_Plant_GDM_Files/ASCII grids/jan_rad_2010_1km.asc
ncols         470
nrows         479
xllcorner     143.8
yllcorner     -43.7425
cellsize      0.01
NODATA_value  -9999
[rows 377 to 405 of 479, columns 201 to 267 of 470]
17.26937 17.26687 17.38437 17.44563 16.62438 16.81375 16.92875 17.5825 17.21813 17.25125 16.93 16.18563 16.24562 16.76687 16.92 16.1375 15.97929 -9999 16.22 -9999 -9999 -9999 -9999 17.42 16.73214 17.15385 17.325 16.784 17.25125 17.28923 17.82438 17.37625 17.478 17.42889 -9999 -9999 -9999 -9999 -9999 -9999 -9999 -9999 -9999 -9999 -9999 -9999 -9999 -9999 18.95167 18.985 19.57438 19.47062 19.40938 19.2325 19.1475 19.37562 19.80937 19.88437 19.87188 20 19.915 19.58562 19.11625 19.1975 19.2475 18.54812 18.76187
17.385 17.0425 16.93687 16.94188 17.19812 16.6075 16.21125 17.39938 17.5975 17.32625 16.63313 15.63 14.81875 15.39375 15.92313 15.84 16.5975 16.6325 17.02429 16.58333 -9999 17.24286 17.2475 17.22222 16.77083 17.265 17.43 17.30334 17.37875 17.37938 17.67562 17.58375 17.80667 -9999 -9999 -9999 -9999 -9999 -9999 -9999 -9999 -9999 -9999 -9999 -9999 19.11167 19.07 19.442 18.57875 18.52813 18.93062 19.63375 19.44 18.89938 18.83875 19.5825 19.71625 19.8175 19.90563 19.95 19.935 19.84938 18.78375 17.60563 18.46375 18.85812 19.10313
17.095 16.99625 16.96562 17.4925 17.45687 17.29813 16.99813 17.47938 17.92312 17.725 17.06187 16.75875 16.68375 15.55812 14.82125 15.99062 16.57312 16.468 16.97 16.88667 17.2625 17.02308 17.28666 17.47334 16.64667 17.27938 16.99111 17.11714 16.85125 17.62438 17.63812 17.6975 17.625 -9999 -9999 -9999 -9999 -9999 -9999 -9999 -9999 18.92 -9999 -9999 -9999 18.85933 18.39167 19.13214 18.74062 17.89375 18.66 19.47937 19.35312 18.48687 18.6 19.5275 19.66437 19.64125 19.605 19.82187 19.72187 19.62875 19.47875 19.41688 18.84562 19.01125 19.5525
16.60625 16.75125 17.02688 17.53937 17.1975 17.04563 16.88062 16.57187 17.5775 17.22437 16.47813 17.22688 16.99375 16.22125 16.69062 16.145 16.09125 16.63313 17 17.03857 17.15438 17.13667 17.24143 17.23714 16.84 17.185 17.02643 17.2675 16.92688 17.44938 17.49438 17.8125 17.62812 18.18 -9999 -9999 -9999 -9999 -9999 -9999 -9999 -9999 -9999 18.78857 18.91 18.62714 -9999 18.95 18.99133 18.3975 18.63375 18.9525 19.27563 18.5675 18.61188 19.65812 19.75187 19.75625 19.66688 19.55313 19.42875 19.36875 19.09375 19.4775 19.14812 19.16875 19.53062
17.14125 16.72625 16.91812 17.275 17.43062 16.80625 17.05062 16.90812 17.34625 16.91187 16.2425 17.18563 16.53437 16.29625 16.29 16.34438 15.90375 16.515 16.508 16.9475 17.18438 17.06063 17.27375 17.18308 17.1375 17.04812 17.12 17.4 17.5 17.35688 17.7975 17.83625 17.56125 17.92429 17.89667 -9999 -9999 -9999 -9999 -9999 -9999 -9999 18.98 18.48933 18.75154 -9999 -9999 -9999 18.7 17.7925 18.5725 18.9675 19.145 18.4775 18.66625 19.51625 19.68813 19.72313 19.64125 19.35313 19.15375 19.1225 19.06125 19.24313 18.31563 18.49062 18.89125
16.91937 16.90812 16.92 17.07813 17.665 16.9825 16.91938 17.2225 17.17063 17.3775 16.5725 17.145 16.57375 16.09 16.54125 16.53 16.15313 16.51667 16.42444 16.93125 17.03125 16.85273 16.93063 17.27857 17.285 16.6125 17.21562 17.4925 17.44875 17.69875 17.975 17.75937 17.68 17.91562 17.785 17.91667 18.49 -9999 -9999 -9999 -9999 -9999 -9999 18.01111 18.307 19.04 19.5375 19.53667 18.88 18.23462 17.18125 18.07625 18.42875 18.73937 18.59062 19.14813 19.54813 19.6175 19.4925 19.1675 19.00813 19.18937 18.87375 18.51438 17.70375 17.41187 17.43312
17.31875 16.63875 16.70062 17.19875 17.79875 17.4725 17.21313 17.32938 16.57375 16.6875 17.09125 16.72125 16.7525 16.625 16.6025 16.7425 16.00813 16.50429 16.626 16.78933 17.09 17.11 17.14455 -9999 17.5 17.07 16.92 17.13 17.32875 17.35563 17.67812 17.81437 17.7325 17.77687 17.56313 17.91143 17.8 18.36 -9999 -9999 -9999 -9999 19 18.89 19.19333 19.29444 19.18625 19.43125 -9999 -9999 19.12333 18.92273 18.415 18.36 18.33688 19.09625 19.66 19.5925 19.24063 19.08312 18.96375 18.1425 17.24 17.745 17.97562 18.50312 18.49875
17.40875 16.4 16.55125 16.88563 17.72875 17.69625 17.2975 17.29 16.82187 16.99313 17.61312 17.29625 16.83875 16.32375 16.5225 16.38187 15.94688 16.69357 16.68 16.613 17.056 17.26833 17.34 17.5 17.396 17.11778 16.40727 17.31 17.59312 17.33937 17.58688 17.4475 17.70625 17.81125 17.42313 17.76875 17.49 -9999 -9999 -9999 -9999 18.95 18.84 18.582 19.04182 19.15625 19.19867 19.41334 19.525 -9999 -9999 19.7375 19.48937 18.67875 18.98875 19.31687 19.53062 19.57813 18.98875 18.78 18.56375 18.48312 18.575 18.74438 18.97938 18.86563 19.14063
17.8025 17.1725 16.3175 16.805 17.5525 17.94375 17.82937 17.27938 16.5 16.73063 17.03312 17.47125 17.03438 16.32625 15.63438 16.62563 16.24062 16.61312 16.95313 16.825 16.99 17.27571 -9999 -9999 -9999 17.42875 17.19875 17.39937 17.77938 17.72375 17.62625 17.4075 17.25125 17.85437 17.4525 17.56125 18.07 -9999 -9999 -9999 -9999 18.85715 -9999 18.82 18.97556 18.7575 18.81 19.40333 19.3 19.6025 19.6975 19.75 19.42429 18.76875 18.83875 19.20188 19.4325 19.30062 18.93188 18.81375 19.08562 19.34062 19.29813 19.26875 19.26875 19.4875 19.365
18.03687 17.91813 17.39562 17.06563 17.29187 17.94813 17.83187 17.49438 16.99312 16.47062 16.7 17.25438 17.17 16.71875 16.23562 16.4575 16.36188 16.85938 15.82875 16.43313 16.73063 17.16 -9999 -9999 -9999 17.51 17.406 17.48875 17.755 17.68187 17.745 17.73937 17.7275 18.0025 17.73625 17.79813 18.07813 18.05571 18.6125 -9999 -9999 18.53818 18.805 18.97 18.912 18.9525 19.20813 19.25134 19.41933 19.546 19.635 19.64857 19.55813 19.14437 18.81188 18.90313 19.02875 18.94187 18.76687 19.00375 19.32188 19.4925 19.56812 19.38938 19.37375 19.32625 19.1075
18.09188 17.97313 17.5475 16.83125 17.15187 17.80812 17.91063 17.48687 17.32063 17.26687 17.15437 17.12625 17.45313 17.04125 16.58875 16.46938 16.46875 17.135 16.48667 16.395 16.60857 17.37 -9999 -9999 -9999 -9999 -9999 17.49 17.31667 17.4675 17.78333 17.59778 17.54778 17.94133 17.6825 17.48125 17.8075 17.65125 18.42143 18.813 18.91818 18.90857 18.65462 18.39 18.66063 19.15313 19.02813 18.8275 18.6475 18.98 19.21812 19.3225 18.89375 18.84625 18.71438 18.97875 18.86 18.61062 19.19437 19.4825 19.26688 19.12375 19.54875 19.685 19.68625 19.59625 19.47188
17.97812 18.10563 18.015 17.50937 17.12 17.38688 17.71813 17.5725 17.17313 16.7525 17.08125 16.87625 17.38875 16.81375 16.6325 16.52938 16.85687 16.98539 -9999 -9999 -9999 17.48286 17.48 17.73 -9999 -9999 -9999 17.57 17.39417 17.50857 17.82333 17.82 18.02909 18.28062 17.995 17.02063 16.77625 17.84438 18.43375 18.51308 18.81445 19.015 18.62231 18.46875 19.06125 18.77437 18.1925 17.7175 17.42687 18.01188 18.73625 18.97187 18.58125 18.47437 18.80937 19.00125 18.98875 19.02375 19.22875 19.44375 19.46437 19.56438 19.67875 19.84625 19.78625 19.89063 19.8775
17.91688 18.13688 18.04313 17.80375 17.38875 17.21062 17.67125 17.95375 17.66562 16.50875 17.05563 16.81625 16.77125 16.80313 16.31562 16.14375 16.70938 16.8175 17.32 17.433 17.34 17.375 17.37833 -9999 -9999 -9999 -9999 17.834 17.7875 17.14 17.74 17.58091 18.06833 18.00143 18.04 17.92167 17.38461 18.03812 18.64937 18.81563 18.92455 18.86187 18.84063 18.7175 18.38375 18.82188 18.39875 17.05313 16.21562 17.85563 18.51687 18.755 18.36625 17.615 18.39375 18.3575 18.16688 18.54125 18.98375 18.54813 18.8875 19.3375 19.42813 19.54312 19.72813 19.67125 19.74
17.94312 18.11125 18.15125 18.08375 17.90438 17.175 17.02437 17.7175 17.56313 17.0675 16.40938 16.74375 16.58313 17.1075 17.125 16.39875 16.80875 16.5675 16.924 17.26833 17.08375 17.025 17.09417 17.585 -9999 -9999 -9999 17.53143 17.60938 17.74 17.42188 17.32375 17.8625 18.06286 18.21428 18.11214 18.08937 18.17188 18.71125 18.64625 18.716 18.43937 18.22 18.21313 18.68875 18.84062 18.82563 18.33875 17.59125 18.02625 17.97437 17.97312 18.32313 18.22062 18.76687 18.58875 19.14437 18.4025 17.90375 18.33062 18.29813 19.035 19.37187 19.49062 19.74875 19.7375 19.61125
17.79813 18.07125 18.14125 18.14625 18.08188 17.5225 16.91688 17.57438 17.84125 17.53437 16.64625 16.87437 16.77188 16.885 17.00187 16.38125 16.74563 16.72688 16.8525 17.52666 16.84813 16.455 16.861 -9999 -9999 -9999 -9999 18.005 17.31556 17.57 17.80437 17.85563 18.19444 18.37786 17.83 17.64688 17.8475 17.88625 18.43812 17.76312 17.905 17.36188 17.32438 16.92125 17.71625 18.01188 18.63625 18.41875 18.2 17.22375 18.06625 18.90438 19.22875 19.1125 19.08875 19.06937 19.41312 19.015 18.50938 18.51875 18.42875 17.98 18.86375 19.53375 19.49438 19.71312 19.54938
17.66188 17.7425 17.8325 18.21063 18.21125 18.14938 17.53625 17.11625 17.39125 17.68812 17.23313 17.14625 16.58312 16.87813 16.9025 16.46813 16.34125 17.20687 16.65267 17.01187 17.2975 17.35643 17.755 -9999 -9999 -9999 -9999 17.93 17.835 17.84875 17.44375 17.76688 17.74875 18.0575 18.14188 17.4925 17.89687 17.86688 17.94438 17.2875 17.01812 16.54688 16.41688 16.19687 16.43563 17.20687 17.80062 18.06813 17.60687 18.305 18.35812 19.01688 19.42 19.45375 19.45 19.57625 19.53 18.87062 18.67937 18.24063 18.55875 18.52687 19.2775 18.9475 19.57687 19.42187 19.08562
17.60875 17.58812 17.62687 18.12 18.1025 18.11125 18.08375 17.63937 16.47812 16.96188 17.745 17.28312 16.99688 16.58313 16.82813 16.61625 15.70313 16.76188 17.23937 16.49875 17.2775 17.54727 17.7 17.84333 17.97 -9999 -9999 -9999 18.125 18.118 17.68923 17.27062 17.36875 16.73625 17.19125 17.81313 17.22625 16.90125 17.70125 16.86687 17.8175 17.81563 17.83 18.17 18.5825 18.55875 17.78812 17.44938 18.60188 17.81 18.24375 19.08375 19.30313 19.4525 19.47875 19.56562 19.5575 19.41562 19.07625 18.00813 18.50687 18.97187 19.3725 19.69437 19.78625 19.85875 18.8225
17.75312 17.41625 17.67125 18.18625 18.26062 18.19062 18.17938 18.17375 17.87312 17.47 18.11875 17.72312 17.05125 16.31875 16.24625 17.23625 16.68625 15.9575 16.62812 16.39187 16.59813 17.41933 17.74533 17.86786 17.92 -9999 -9999 -9999 -9999 -9999 17.93778 17.28875 17.385 17.54 17.60875 17.73812 17.15562 17.76688 18.25312 18.2525 17.71375 17.79562 16.91625 18.364 18.9475 -9999 -9999 19.0575 18.8425 18.46416 18.03687 18.85625 19.24187 19.30188 19.44563 19.47063 19.55938 19.20875 18.90812 18.80187 18.375 18.94312 19.43188 19.53687 19.7825 19.64437 19.595
17.73625 17.50438 17.8575 17.93375 18.22188 18.22125 18.27 18.235 18.0775 17.36938 18.14688 18.04812 17.91187 17.64438 17.23438 17.3375 16.89188 16.665 16.63812 16.52938 15.8425 17.09687 17.69312 17.93625 18.00267 17.77857 -9999 -9999 -9999 -9999 18.09 16.76444 16.28583 17.56889 17.12375 17.88125 17.895 17.25063 18.17062 17.76438 17.61688 16.765 17.90438 18.64 -9999 -9999 -9999 -9999 -9999 19.265 18.85375 18.5825 19.17125 18.895 19.1175 19.18688 19.53562 19.505 19.45625 19.49812 19.53 19.50813 19.4075 19.39438 19.23438 19.27125 19.24937
17.13625 17.09188 17.65937 17.90875 18.13875 18.33 18.28812 18.29625 18.21688 17.66375 17.94188 17.92438 17.91438 17.28062 17.41563 17.35 16.81562 16.83937 16.115 16.38313 16.15167 16.84438 17.01563 17.20375 16.87 17.33867 17.56 -9999 -9999 18.15 -9999 -9999 -9999 17.60667 17.11666 17.53 17.55937 18.24 18.00813 17.72437 16.75 17.77154 18.5625 -9999 -9999 -9999 -9999 -9999 18.935 18.59188 18.51312 18.70437 19.1975 19.42875 19.3475 19.30125 19.26062 19.08937 19.18938 19.37438 19.39437 19.07188 19.05437 18.98812 18.775 18.96438 19.1225
16.72875 16.83 17.45 17.83 17.9925 18.10375 18.39187 18.37125 18.31063 17.7125 17.88 18.00812 17.97813 17.9975 17.32437 17.44 16.91875 16.58813 16.88188 16.62875 16.11438 16.945 17.03533 17.00563 17.09937 17.27125 17.285 18 18.15429 17.70111 -9999 -9999 18.10333 17.65923 16.62938 17.85375 18.31687 18.16312 17.1525 17.09875 17.68 18.49 -9999 -9999 -9999 -9999 -9999 19.3 18.447 17.745 17.7475 18.28312 19.02062 18.76312 18.44 18.43688 19.12313 19.24937 19.35687 19.0275 18.69875 17.96813 18.13625 18.55125 18.59313 18.82625 18.97813
17.82063 17.745 17.70063 17.72812 17.445 17.39938 18.19 18.42562 18.43062 18.07125 17.56625 17.82688 18.0775 17.9975 17.45188 16.81437 16.96062 16.13375 16.68937 16.6175 15.665 15.96375 16.19937 16.96437 16.79875 16.6675 17.06125 17.86313 18.15125 18.24364 18.36 -9999 -9999 -9999 17.31 17.315 17.798 17.92857 16.8425 17.96667 -9999 -9999 -9999 -9999 -9999 -9999 -9999 -9999 -9999 19.072 18.73313 18.39438 18.43875 18.635 17.84312 18.04 17.92812 18.04 18.01125 18.63563 17.93125 17.76687 17.39625 16.95625 17.18375 17.77077 19.01313
18.14562 18.03 17.8025 17.66 17.25125 17.2325 17.98375 18.37125 18.52625 18.44625 17.97188 17.63313 18.00813 17.80625 17.7225 17.1125 16.76312 16.8975 16.2825 16.52813 16.70313 16.43125 16.03312 16.19813 16.82188 16.4725 17.10438 17.20062 17.945 18.18438 18.279 -9999 -9999 -9999 -9999 -9999 -9999 -9999 -9999 -9999 -9999 -9999 18.335 17.87 17.92 18.24375 18.46143 18.87 -9999 19.17 19.16 18.92188 18.55308 19.19333 18.77437 18.47 17.85938 16.91063 17.55187 18.08438 17.79125 17.52375 17.41875 17.25125 18.23938 18.1075 18.60625
18.2575 17.89687 17.88125 17.77438 17.37375 16.83375 17.4875 18.11125 18.4075 18.47 18.29062 17.66813 17.86938 17.525 16.83062 17.91125 17.77437 17.19562 17.3025 16.88313 17.06312 17.1275 17.05062 16.81563 16.585 17.19067 17.11 16.7875 16.9225 17.07438 18.10437 18.06 -9999 -9999 -9999 -9999 -9999 -9999 -9999 -9999 18.35 17.77417 17.10375 16.98063 16.7225 17.33062 17.42187 17.89688 18.44 -9999 19.085 19.13333 19.31833 19.36062 19.19687 19.015 18.61687 18.67688 18.41875 17.65125 17.70125 15.405 15.92267 17.43917 18.53615 18.47875 18.1875
17.87937 17.87812 17.71937 17.79938 17.80375 17.71438 17.28563 17.54438 18.3075 18.5625 18.6025 18.49312 17.59313 17.63438 17.245 17.71938 18.08125 17.605 17.69625 17.98125 16.77937 16.70562 16.16625 15.9775 17.48467 17.49125 17.275 16.94 17.05 17.08 17.15687 17.93111 18 18.08 18.4025 17.6025 17.56375 17.24667 17.2825 18.17555 17.74667 17.27917 16.89539 17.55625 17.265 17.53666 17.10077 16.37455 18.02667 -9999 -9999 19.00375 19.15467 19.32875 19.365 19.16187 18.45 18.19875 17.85062 17.04 15.9925 16.91625 18.42583 18.55687 18.18134 17.09625 17.4025
18.25125 17.9125 17.2325 17.23 17.005 17.22625 16.85188 17.41688 17.80063 18.33313 18.51 18.55375 18.56938 18.37687 18.25937 18.05875 18.08813 18.43 17.92875 17.70813 17.87063 17.305 16.41562 15.82188 15.41375 15.98375 17.43687 17.49125 16.7525 16.51875 16.80937 17.29438 16.4075 17.08937 17.41625 16.55188 16.755 17.08937 17.23937 17.84333 -9999 -9999 18.728 18.755 -9999 -9999 -9999 -9999 -9999 19.24 19.1375 18.52 18.195 18.98875 19.22437 19.26438 19.0675 18.57937 18.52563 16.85312 18.05937 18.98333 17.47875 17.94563 17.80187 18.055 18.475
18.19563 18.28438 18.07 17.225 16.94 16.97875 17.86812 17.10312 17.15187 17.68062 18.315 18.53625 18.55062 18.5925 18.5725 18.55563 18.3575 18.49312 18.49938 18.35437 17.95 18.1175 18.065 17.42875 16.57688 16.07 15.215 15.74875 16.78312 17.18938 16.89938 17.18125 17.33938 16.75667 16.59067 16.5875 15.6325 16.54188 16.97437 18.39063 18.685 18.354 18.53 -9999 -9999 -9999 -9999 -9999 -9999 -9999 -9999 18.69286 18.30166 18.28 19.17555 19.02667 18.79 18.3825 18.57438 18.49187 18.73063 18.96111 17.8725 16.98438 17.2 18.0225 19.18937
18.4075 18.07188 18.07687 17.7425 16.72187 16.88313 17.95687 17.25 16.82937 17.65187 18.1875 18.43625 18.54688 18.5875 18.59375 18.58187 18.51625 18.40812 18.465 18.13813 18.11875 17.89562 18.00187 18.485 18.25312 18.11625 17.66625 17.47188 16.81562 16.445 16.47437 15.72563 16.54188 16.1575 16.04133 17.04938 17.37625 17.33625 17.6325 17.59625 18.19454 18.59 -9999 -9999 -9999 18.83 18.20429 18.431 -9999 -9999 -9999 -9999 -9999 -9999 19.15 19.15071 19.01 18.6975 19.05938 18.87 18.46625 18.89688 19.0475 17.92188 17.81562 18.9625 19.29375
18.41375 17.98438 17.82375 17.74875 16.78938 16.64063 17.485 16.81063 16.6275 17.80812 17.64188 17.94625 18.52125 18.62812 18.67875 18.60125 18.52875 18.58313 18.45938 17.9225 17.83063 17.83312 17.625 18.13 18.36 18.17375 18.0375 18.19938 18.40688 18.05062 17.10625 16.4825 16.545 17.19313 16.9475 16.35812 16.92625 16.77563 16.7925 16.515 17.45125 -9999 -9999 -9999 -9999 18.12364 17.82625 17.95313 18.865 -9999 -9999 -9999 -9999 19.13 18.73667 18.67063 18.91625 18.68937 18.825 18.42625 18.46438 18.846 18.69625 18.67375 18.50938 19.09125 19.0475
