Code_and_data/Tas_Plant_GDM_Files/ASCII grids/jan_rad_2100_1km.asc
ncols         470
nrows         479
xllcorner     143.8
yllcorner     -43.7425
cellsize      0.01
NODATA_value  -9999
[rows 210 to 239 of 479, columns 268 to 334 of 470]
-9999 -9999 -9999 -9999 -9999 -9999 -9999 -9999 -9999 -9999 -9999 -9999 -9999 -9999 -9999 -9999 -9999 -9999 -9999 -9999 -9999 -9999 -9999 -9999 -9999 -9999 -9999 -9999 -9999 -9999 23.39 23.56667 -9999 23.54428 23.44188 23.2475 23.12625 23.145 23.1075 23.04938 23.14625 23.12687 23.30375 23.40688 23.42938 23.42813 23.355 23.3125 23.40688 23.48125 23.3525 23.42687 23.40125 23.34125 23.3075 23.00125 22.85 22.83562 22.9425 23.39563 23.52625 23.55 23.2575 23.54063 23.27563 22.76625 22.9675
-9999 -9999 -9999 -9999 -9999 -9999 -9999 -9999 -9999 -9999 -9999 -9999 -9999 -9999 -9999 -9999 -9999 -9999 -9999 -9999 -9999 -9999 23.675 23.68182 23.73 -9999 -9999 -9999 -9999 -9999 -9999 23.535 23.445 23.2825 23.47562 23.51875 23.50063 23.43375 23.34562 23.32688 23.20813 23.17375 23.10438 23.05062 23.30875 23.36875 23.4025 23.41938 23.39875 23.49062 23.51937 23.51 23.41625 23.4675 23.39437 23.04437 23.20813 23.29875 23.35063 23.53937 23.385 23.27813 23.3775 23.53063 23.38188 23.0925 22.94
-9999 -9999 -9999 -9999 -9999 -9999 -9999 -9999 -9999 -9999 -9999 -9999 -9999 -9999 -9999 -9999 -9999 -9999 -9999 -9999 -9999 -9999 23.68 23.51077 23.53733 23.66 23.735 23.745 23.726 23.71 -9999 -9999 23.39286 23.32812 23.34562 23.33625 23.33 23.28563 23.2275 23.23938 23.35187 23.33312 23.2525 23.10625 23.06812 23.21 23.14938 23.11375 23.33125 23.32687 23.32 23.45937 23.42375 23.27187 23.28188 23.28312 23.19688 23.3075 23.42062 23.42188 23.32687 23.28375 23.44312 23.55 23.425 23.32063 23.37313
-9999 -9999 -9999 -9999 -9999 -9999 -9999 -9999 -9999 -9999 -9999 -9999 -9999 -9999 -9999 -9999 -9999 -9999 -9999 -9999 -9999 23.83333 23.725 23.2725 22.99063 23.2225 23.54077 23.72667 23.6975 23.682 23.66334 -9999 -9999 23.29385 23.26625 22.9725 22.7525 22.76312 22.8075 22.785 23.09438 23.15375 23.11937 23.19938 23.10688 22.74375 22.93937 23.08625 23.1575 23.0475 23.27812 23.385 23.215 23.10687 22.99313 23.20625 23.13625 23.29437 23.46313 23.45375 23.315 23.355 23.335 23.19 23.37563 23.36125 23.2175
-9999 -9999 -9999 -9999 -9999 -9999 -9999 -9999 -9999 -9999 -9999 -9999 -9999 -9999 -9999 -9999 23.51 23.34067 23.21625 23.635 23.779 23.80687 23.73063 23.38063 23.38625 23.11813 23.47812 23.52812 23.53812 23.61625 23.59063 23.555 -9999 23.315 23.20812 22.685 22.77687 22.99688 22.7825 22.69063 22.76187 22.81188 22.825 22.82125 23.105 23.16667 22.98714 23.01818 22.8375 23.15875 23.29937 23.31625 23.10438 22.90125 22.85375 23.25312 23.275 23.14875 23.32875 23.38687 23.26375 23.25688 23.4675 23.06562 23.1825 23.18687 22.97063
-9999 -9999 -9999 -9999 -9999 -9999 -9999 -9999 -9999 -9999 -9999 -9999 -9999 -9999 -9999 -9999 22.77 22.42063 22.98625 23.09813 23.56375 23.6625 23.73562 23.75437 23.61125 23.43375 23.56625 23.1275 23.39562 23.50937 23.47812 23.47875 -9999 23.268 23.21583 23.29625 23.1125 22.43063 22.04438 22.30562 22.2775 22.56937 22.73563 22.775 22.785 23.06563 23.18909 23.20778 23.00688 22.64437 23.00875 23.14 23.07313 22.57875 22.64 23.1575 23.32375 23.30313 22.9425 23.11375 22.85312 23.22438 23.02687 23.36375 23.15562 22.96687 22.8675
-9999 -9999 -9999 -9999 23.13 23.61667 -9999 -9999 -9999 -9999 -9999 -9999 -9999 -9999 -9999 23.602 23.48714 23.09125 22.15938 22.45563 22.98375 23.2625 23.54937 23.65687 23.68938 23.67375 23.635 23.19437 23.00562 23.43687 23.48 23.39308 23.5 -9999 23.41 23.37 23.26938 22.87813 22.43937 22.4025 22.67125 22.74937 22.91688 22.7575 22.33375 22.18188 22.75937 23.10938 23.24875 23.04 22.69125 22.6825 22.97562 22.94625 23.1625 23.30375 23.16 23.34375 23.13688 22.95375 23.185 23.395 23.34875 23.04 22.91688 22.83 22.82063
-9999 -9999 -9999 -9999 23.6075 23.64467 23.67333 -9999 -9999 -9999 -9999 -9999 -9999 -9999 23.6525 23.54667 23.06375 22.51687 22.73875 22.49562 22.6975 22.59313 22.95688 23.43375 23.53875 23.61 23.58937 23.55 23.44375 23.45063 23.3925 23.3725 23.25875 23.37 23.195 23.13461 23.07063 23.01375 22.95375 22.77357 22.86312 22.61563 22.18625 22.0425 21.66625 21.44687 22.43625 22.40313 22.94812 23.13375 22.92875 22.535 22.65313 22.96187 22.99625 23.09687 23.00625 23.19563 23.2375 22.92688 23.03625 23.26938 22.8175 23.19063 23.26687 22.82937 22.46188
-9999 -9999 -9999 23.62167 23.55067 23.42375 23.4925 -9999 -9999 -9999 -9999 -9999 23.76 23.684 23.11625 23.32875 23.27188 23.07625 22.5075 22.34438 22.86062 21.75938 22.33938 22.75687 23.325 23.50625 23.45438 23.31063 23.18625 23.29688 23.29143 23.165 22.98167 23.255 23.28 23.1 23.024 23.00545 22.948 -9999 22.92 22.89571 22.38667 22.42937 22.53187 22.10437 21.50562 21.66562 22.56563 22.99375 23.11312 23.00125 22.58562 22.64812 22.7625 22.755 22.71437 22.94625 23.115 23.08625 23.27188 23.04875 23.13813 22.7225 23.05313 23.05562 22.75687
23.63 23.635 23.55357 23.48375 23.40125 23.32125 23.46833 -9999 23.715 23.72 23.72778 23.69154 23.64937 23.655 23.52687 23.41375 22.81688 23.30375 22.53812 21.87688 22.71375 22.41 22.31937 22.14937 22.82 23.07625 23.07063 23.1825 23.186 23.1275 23.33167 23.46222 23.445 23.41454 23.3 -9999 -9999 -9999 23.365 23.335 23.32 -9999 22.835 22.85231 22.61687 22.6025 22.43563 22.31187 22.7325 22.81875 23.04063 23.03625 23.02687 22.98375 22.73875 22.74375 22.79688 22.65563 22.82125 22.9925 23.22812 23.03 22.98687 23.02625 22.74 22.9975 22.60375
23.492 23.5 23.45313 23.29937 23.2075 23.405 23.57125 23.685 23.48833 23.45333 23.61429 23.53 23.6225 23.535 23.30313 22.875 22.89125 23.02937 22.60813 22.63313 21.73688 22.61187 22.97875 23.17562 23.27 23.24875 23.28625 23.44 23.41933 23.402 23.43375 23.34562 23.32625 23.3125 23.28 -9999 -9999 -9999 -9999 23.26286 23.28438 23.25222 23.25 22.625 22.52143 22.61812 22.73 22.35438 21.89875 22.48125 22.76938 22.99875 23.05938 23.07125 22.89125 22.79688 22.705 22.5375 22.53063 22.78375 22.97375 23.07 23.06125 23.1025 22.51312 22.37188 22.715
23.23375 23.27063 23.22062 23.10063 23.41063 23.53938 23.58 23.61727 23.67 23.675 23.495 23.53583 23.51 23.44313 23.27563 23.39688 22.88875 22.62937 22.98813 22.83313 22.05062 21.31562 22.14187 22.79937 22.91563 22.855 23.40562 23.45875 23.35375 23.34667 23.35188 23.11 22.96437 23.19313 23.3375 23.34667 23.29625 23.24 23.299 23.2225 23.145 23.20687 23.18875 23.02875 22.82 22.6 22.53938 22.60938 22.355 22.3225 22.45438 22.87312 23.16812 23.00188 22.99687 22.925 23.00187 22.8825 22.71875 22.66625 22.82125 22.96375 23.19875 23.37375 23.1275 23.00375 23
22.97625 22.97 23.045 23.18188 23.03188 23.20563 23.58867 23.62562 23.59818 -9999 23.155 23.06 23.2225 23.59125 23.50437 23.27812 23.1675 22.99313 22.47375 22.61375 22.78938 22.92312 22.93375 22.88125 22.33375 22.69437 23.27563 23.22938 23.19125 22.9925 23.22625 23.1175 23.11 23.28875 23.3525 23.333 23.08445 23.0325 23.14 23.21 23.15125 23.11375 23.03813 22.90938 22.95909 -9999 22.635 22.86583 22.7925 22.04187 22.46313 22.71813 22.83688 23.04875 22.95 23.02562 22.96563 22.9525 23.00375 22.63063 22.83 22.88062 23.055 23.24688 23.17625 23.13 22.575
22.8675 22.78687 23.11313 23.27188 23.1325 23.4 23.45437 23.45437 23.46133 23.5 23.35357 23.17562 23.41875 23.4975 23.16688 23.1725 23.375 22.76563 22.61 22.40688 21.95187 22.31437 22.21125 22.10187 22.1725 22.5225 22.72563 22.79313 23.10437 23.06313 23.12062 23.1975 23.30437 23.27312 23.25625 23.2 23.32125 22.47308 22.84375 23.08563 23.02125 23 22.93937 23.0075 23.045 22.91333 23.00562 23.085 22.74231 22.77813 22.37 21.97062 22.39688 22.9775 23.13125 23.15875 23.15563 23.14875 23.12937 22.97625 22.5925 22.61875 22.80063 23.09312 23.05625 23.05125 23.03813
22.85812 22.70625 22.88313 23.09625 23.33312 23.4825 23.54437 23.53625 23.49714 -9999 23.06455 22.90188 23.1425 23.25875 23.23313 23.21437 23.23687 23.30187 22.86375 22.46813 22.3175 21.85187 21.89437 22.2625 22.7425 22.62063 22.38688 23.08125 23.095 22.80625 23.08437 23.26625 23.13187 23.09062 23.06375 23.24733 23.2675 23.20813 22.60687 22.97125 23.06063 22.96267 22.82286 23 23.09375 22.88875 22.7025 22.6975 23.1675 23.05813 22.87125 22.94188 22.96375 23.2425 23.19313 23.13563 23.17813 23.2625 23.2375 23.18938 23.07562 22.82875 22.66 22.6375 22.95875 22.41875 22.65813
22.97187 23.15063 22.98188 23.10813 23.35625 23.47937 23.4925 23.46875 23.38167 23.59 23.44 23.22867 23.06 22.69813 22.25062 22.6 22.70688 22.825 22.9575 23.07937 22.82625 22.07438 20.99125 21.55625 22.50813 22.43312 22.61 23.09438 23.10687 23.08562 23.0025 22.985 22.59813 22.5725 22.975 23.31 23.24938 23.25125 23.12125 22.7275 22.9175 22.85467 23.02 23.082 23.22909 23.11 23.01846 22.97688 23.06125 23.10437 23.12188 22.85562 22.905 23.00375 23.23187 23.20375 23.24125 23.215 23.12062 23.01375 23.01375 22.91687 22.96313 23.04 23.06063 22.83437 22.50375
23.07312 23.13437 23.13 23.23875 23.44563 23.44938 23.3775 23.3125 23.38188 23.42333 23.55 23.41375 23.46923 23.47813 23.1325 23.21187 22.88188 22.77312 22.47125 22.61438 22.68813 22.46688 21.38 21.78 22.10062 22.55375 22.74313 22.66688 23.02563 23.07438 23.11 23.30125 23.23562 22.9325 22.83438 23.30875 23.27875 23.14437 23.1825 23.01062 22.51063 22.61375 22.91 22.89111 22.88444 23 22.9875 22.92625 22.89437 22.87937 22.61188 22.42125 22.3725 22.95313 23.13125 23.14312 23.03937 23.05688 22.97562 22.53812 22.57875 22.46562 22.94438 22.94125 23.08 23.27375 23.19563
23.1025 23.16187 23.195 23.35625 23.37 23.35188 23.33687 23.2525 23.2525 23.40556 23.40133 23.40429 23.26867 23.25125 23.33 23.06687 22.48937 23.0025 22.62875 22.20875 21.99125 22.17062 21.70313 21.22875 21.31812 22.12625 22.06437 22.87938 23.33125 23.07875 23.22062 23.11188 23.14125 23.20938 23.18875 23.02437 23.1425 23.18063 23.04812 22.97937 22.73499 22.70375 23.01375 23.11062 23.13111 23.18 22.73 22.455 22.33375 22.22062 23.04875 23.01375 22.86562 22.8025 22.94625 22.99875 22.75125 22.79187 22.81562 22.44312 22.37125 22.28438 22.25438 22.895 23.10312 23.29313 23.30563
23.02437 22.98187 23.19063 23.15375 23.10625 23.2075 23.07625 23.01687 23.30637 23.44 23.16687 22.984 23.43667 22.71688 23.00687 22.84437 22.83062 22.61625 22.82687 22.75062 22.64063 22.72938 21.94187 20.9925 21.59063 21.94438 22.37375 22.25563 23.29375 23.2925 23.23625 22.46062 22.66562 22.91687 23.12 22.37812 22.61563 23.10563 23.15813 23.17375 23.09062 22.89625 22.79375 22.74625 23.01312 23.08125 -9999 22.52 22.55286 22.943 22.99687 23.09188 22.58125 22.48688 22.58563 22.70688 22.66875 22.285 22.2525 22.53687 22.63812 22.33125 22.22938 22.68563 23.06938 23.08375 23.09437
22.97688 23.04437 23.02437 22.89375 23.01312 22.99 22.76812 23.145 23.152 23.23267 23.24625 23.17154 23.26875 23.20188 22.86 22.34125 22.34937 22.73688 22.49875 22.53563 22.18875 22.39875 22.13875 22.06125 21.32875 21.58375 22.11687 21.86062 22.97313 23.1575 23.18625 22.27375 21.65688 22.10188 23.02625 22.7025 22.46562 23.27437 23.1 22.97938 23.0425 23.0575 22.71 22.46375 22.72188 22.73538 22.69 -9999 -9999 22.73 22.6325 22.516 22.56313 22.74813 22.14125 21.87062 22.30063 22.62875 22.53063 22.2725 22.10375 22.26563 22.17 22.20375 22.78688 22.64875 23.08563
22.85188 22.94312 22.9475 22.6875 23.03187 22.82125 22.97875 22.99688 22.92125 22.81562 22.65125 23.07667 23.20071 22.87938 22.83938 22.33375 22.42625 21.91875 22.31875 22.65875 22.67875 22.28125 22.29125 22.18063 21.91188 22.06812 22.07312 22.28812 22.18875 22.98375 22.85875 22.84437 22.76125 22.93438 22.98875 22.83625 23.1525 23.14313 23.08562 22.97688 22.92312 23.0625 23.04562 23.0325 22.82625 22.84437 23.15636 23.41 23.43417 23.45 -9999 22.775 22.88938 22.41937 22.855 22.49875 22.18625 22.17875 22.28125 22.05937 22.12688 22.11562 22.22313 21.95687 22.73312 22.96062 23.005
22.8225 22.83562 22.89875 23.01438 22.79188 22.93875 23.26625 22.88813 23.08813 22.88187 22.74187 23.18562 23.28875 22.8925 22.525 21.66625 22.6025 22.58688 22.29375 22.94188 22.92313 22.42062 22.64562 22.59938 21.7 21.40562 21.6275 21.9575 22.47625 22.60625 22.67063 22.64313 22.98875 23.04 22.76813 22.75687 22.94188 22.79187 22.61687 22.52 22.6875 22.60125 22.55125 22.93187 22.91438 23.13562 23.16438 23.315 23.41467 23.315 -9999 -9999 22.909 22.52125 22.36687 22.54187 22.37 21.98375 22.18188 22.37563 22.52563 22.22563 21.34375 21.77813 22.54 22.98 23.0175
22.70313 22.78625 22.8775 22.8775 22.65312 23.01875 23.19938 23.15438 23.04 22.6525 22.99312 23.01187 23.02313 23.15187 23.22125 22.3375 22.32313 22.62813 22.92 22.62437 22.46562 22.79188 22.35437 22.39938 22.71375 22.5175 22.40438 22.09938 22.36375 22.31875 22.52625 22.56313 22.72687 22.65875 22.92438 22.62438 22.84562 23.04125 22.8875 22.55312 22.73063 22.88062 23.01937 23.0275 23.27563 22.87938 22.8325 23.31812 23.30125 23.30083 -9999 -9999 -9999 23.05364 22.66875 22.77375 22.99625 22.58687 22.45313 22.28312 22.12 22.41562 22.49625 22.62062 22.80313 22.67812 22.33125
22.3725 22.58125 22.81437 22.70438 22.80375 22.96562 23.01875 22.98 22.95875 22.87125 22.34875 22.44563 22.72437 22.985 23.13375 22.82063 22.41562 23.04563 23.2225 22.64 22.25625 22.825 22.8775 22.58 22.48062 22.53625 22.52938 22.37 21.95875 22.435 22.52313 21.705 22.21437 22.53188 22.64625 22.79812 22.82625 22.7225 22.97688 23.05437 23.21125 23.25375 23.3175 23.31938 23.15938 23.12562 23.20312 22.79625 22.97437 23.21273 -9999 23.4875 23.42071 23.35 22.8375 22.49562 22.40938 22.42312 22.31813 22.6075 22.57375 22.73875 22.63875 22.49625 22.85375 22.2525 21.73625
22.16313 22.06125 22.04563 22.35375 22.83625 22.65375 23.04187 22.93125 22.84687 22.94688 23.02 22.61563 22.565 22.89875 23.11 22.9475 22.60187 22.985 23.09687 23.21062 22.97375 22.48063 22.58625 22.61188 21.80375 21.45938 21.80563 22.31125 21.945 22.02687 22.4825 22.43813 22.51625 22.6025 22.68563 22.96 23.08313 22.9975 22.51938 22.985 23.38437 23.445 23.4475 23.39313 23.26125 23.40563 23.39 23.1875 23.23267 23.32 23.5177 23.27688 23.11375 23.19313 23.20062 22.99688 22.81 22.51438 22.7775 22.70875 22.685 22.7625 22.49688 22.695 22.46125 22.67813 22.00937
22.76 22.64 22.62687 22.635 22.51563 22.81688 22.94813 22.89 22.90938 22.7625 22.96875 22.46437 22.00062 22.55687 22.91625 22.8525 22.62062 22.82875 22.99813 23.23688 23.16562 22.92625 22.1525 22.63375 22.48438 22.44938 22.25562 22.15625 21.72875 20.61187 21.55125 21.67375 22.45938 22.64812 22.75875 22.97188 23.10875 23.2 23.26938 23.45 23.45125 23.44938 23.4425 23.43375 23.41313 23.38563 23.25 23.02937 22.98375 23.3175 23.23333 22.9475 22.29562 22.66812 22.73188 22.59187 22.81125 23.04313 22.76312 22.93 22.8625 22.86062 22.785 22.61188 22.38875 22.8025 22.7675
22.8975 22.5375 22.05375 22.59313 22.5675 22.64813 22.84562 22.9225 22.945 22.84937 22.82562 22.88875 22.9125 22.985 22.7875 22.71313 22.70938 22.71625 22.92063 23.07187 23.06812 23.0075 22.60875 22.23312 22.14812 21.73 21.72313 22.02813 22.11062 22.49312 22.03375 21.64437 22.21937 22.7775 23.05938 23.28875 23.36625 23.43563 23.47125 23.45938 23.43937 23.43563 23.3775 23.3925 23.41188 23.37625 23.15375 22.87125 22.9025 23.10714 23.06667 22.90666 22.708 22.6325 22.616 22.67625 23.02714 23.305 23.05187 22.63625 22.23313 22.2125 22.3775 22.42938 22.81375 22.64563 22.53875
22.69125 22.82062 22.20125 21.70375 22.37812 22.3525 22.29125 22.735 22.91313 22.78875 22.49812 22.5125 22.73625 22.94188 22.76375 22.83625 22.60563 22.27313 22.72125 22.9175 22.76875 22.6775 22.7 22.84687 22.82187 22.57938 22.60063 22.285 22.46125 22.38125 21.77938 21.59375 22.65125 22.58688 22.86437 23.17125 23.27625 23.41063 23.44375 23.3775 23.33813 23.37938 23.32187 23.25813 23.34438 23.24813 22.68937 22.83125 22.985 22.88 23.16312 23.1175 23.24667 -9999 -9999 -9999 23.36555 23.31813 23.17 22.72 22.46563 22.5525 22.4275 22.27188 22.50312 22.605 22.7425
22.5375 22.78938 22.75813 22.58438 22.77 22.86188 22.68313 22.23812 22.62125 22.71625 22.45813 22.49063 22.5275 22.77188 22.82375 22.64562 22.61125 22.49813 22.52375 22.53125 22.64938 22.40937 22.49813 22.71813 22.1925 22.0475 22.58562 22.67937 22.54375 22.10125 21.73875 21.86 22.59625 23.04188 23.18313 23.20687 23.08063 23.34188 23.30375 23.18687 22.8975 23.2875 23.13312 23.09812 23.13938 23.16125 23.145 22.93125 23.05687 23.05125 23.08875 23.10125 23.07688 23.27667 23.43 -9999 23.255 23.41167 23.55727 23.47 23.22937 22.96812 22.92125 21.83187 21.90875 22.48313 22.83
22.2025 22.38875 22.56687 22.56188 22.36187 22.7725 22.83625 22.15563 22.17625 22.63062 22.46125 22.13625 22.26188 22.45188 22.48125 22.70187 22.73 22.77 22.61875 22.72625 22.49688 22.34187 22.27625 22.4425 22.63187 22.35375 22.16562 22.29 21.87687 22.27188 22.38188 22.4175 22.56187 22.95313 22.83937 22.99125 23.16813 23.20125 23.23375 23.22688 23.19125 23.05062 23.06688 23.0225 22.85437 22.90062 22.90875 23.03 22.6725 23.01937 23.00937 23.08312 22.955 23.01813 23.12933 23.414 23.41538 23.3575 23.3425 23.34 22.98715 22.97437 22.9175 22.84125 22.3325 22.39312 22.34562
