Code_and_data/Tas_Plant_GDM_Files/ASCII grids/mintempjuly_2010_1km.asc
ncols         470
nrows         479
xllcorner     143.8
yllcorner     -43.7425
cellsize      0.01
NODATA_value  -9999
[rows 330 to 359 of 479, columns 340 to 407 of 470]
-0.021875 -0.15625 -0.03437499 0.06999999 -0.028125 0.02625 0.150625 0.276875 0.363125 0.41375 0.424375 0.431875 0.394375 0.4425 0.51375 0.46 0.379375 0.465625 0.641875 0.56875 0.854375 0.855625 0.7893751 0.8906251 1.05875 1.088125 1.07 0.9943749 0.774375 0.9087501 1.07125 1.14 1.175625 1.229375 1.26375 1.2025 1.334375 1.34625 1.308125 1.265625 1.310625 1.278125 1.19625 1.178125 1.17125 1.1875 1.295 1.36625 1.365 1.32875 1.4675 1.429375 1.3775 1.436875 1.528125 1.171875 1.078125 1.2125 1.040625 1.0125 1.166875 1.1975 1.308125 1.3075 1.22125 1.2025 0.951875 1.328125
0.069375 0.0475 0.158125 0.014375 0.0375 0.183125 0.121875 0.319375 0.45 0.5487499 0.568125 0.56875 0.4437499 0.5368749 0.498125 0.488125 0.423125 0.500625 0.543125 0.7075 0.863125 0.9218749 0.983125 1.0325 1.075625 1.1025 1.09875 1.024375 0.8581249 0.8806249 1.109375 1.221875 1.276875 1.315 1.3325 1.323125 1.23 1.27 1.204375 1.3625 1.35875 1.354375 1.34 1.31875 1.295 1.355625 1.37375 1.423125 1.4725 1.486875 1.521875 1.503125 1.52125 1.524375 1.644375 1.49875 1.4475 1.5325 1.385625 1.393125 1.47375 1.50875 1.58 1.606875 1.58875 1.475625 1.636875 1.80625
0.45375 0.34625 0.28625 0.28 0.31625 0.20375 0.0575 0.145 0.309375 0.574375 0.7025 0.56 0.47375 0.6525 0.6381251 0.645625 0.6268749 0.63 0.665625 0.7737501 0.82875 0.9649999 0.8425 0.8699999 1.0625 1.09375 1.12625 1.05625 0.934375 0.95 1.138125 1.21875 1.291875 1.28375 1.185 1.210625 1.176875 1.125625 1.044375 1.315 1.3225 1.340625 1.3375 1.35 1.406875 1.446875 1.39 1.391875 1.486875 1.5025 1.525625 1.584375 1.625625 1.63625 1.656875 1.708125 1.649375 1.73875 1.6475 1.59375 1.611875 1.6425 1.510625 1.62875 1.709375 1.799375 1.79875 2.253125
0.5075 0.4875 0.26 0.385625 0.480625 0.399375 0.511875 0.546875 0.55 0.7368749 0.6149999 0.54875 0.6475 0.8100001 0.808125 0.859375 0.753125 0.775 0.7675 0.82 0.750625 0.834375 0.900625 0.89 1.0875 1.116875 1.14875 1.09875 0.995 1.165 1.211875 1.255 1.25 1.17 1.14625 1.165625 1.05 1.035 1.09625 1.294375 1.33625 1.329375 1.38 1.4225 1.410625 1.5 1.488125 1.475 1.485625 1.475625 1.504375 1.535 1.585625 1.620625 1.749375 1.72625 1.863125 1.874375 1.6025 1.4925 1.4 1.400625 1.619375 1.996875 2.1375 2.033125 1.80125 1.89
0.6281249 0.5906249 0.378125 0.45 0.5831249 0.7006249 0.78125 0.713125 0.7306251 0.805625 0.733125 0.710625 0.7750001 0.9137499 0.9424999 0.9462498 0.956875 0.9723078 0.9849999 0.9731249 0.871875 0.83 0.94625 1.049375 1.094375 1.088125 1.121875 1.043125 0.995 1.151875 1.256875 1.28375 1.184375 1.088125 1.095 1.129375 1.110625 1.124375 1.2975 1.335 1.338125 1.31375 1.425 1.48375 1.4525 1.488125 1.55375 1.500625 1.535 1.52375 1.454375 1.45 1.47375 1.526875 1.77 2.02875 2.18875 1.7475 1.87875 1.6525 1.476875 1.616875 1.971875 2.351875 2.008125 1.844375 1.919375 2.18625
0.6481249 0.698125 0.59375 0.665 0.634375 0.699375 0.8656249 0.8375 0.8625 0.9062499 0.913125 0.91875 0.9243751 0.9606249 0.96875 0.955625 0.9299999 0.9666666 1.003333 0.996923 0.95125 0.9412498 0.924375 1.083125 1.079375 1.155 1.17 1.121875 1.10625 1.088125 1.22875 1.120625 1.0075 0.9675 1.03375 0.9899999 1.166875 1.245 1.21625 1.333125 1.3475 1.39 1.506875 1.525 1.566875 1.596875 1.6075 1.55375 1.524375 1.488125 1.42375 1.3575 1.40125 1.69375 1.66 1.585625 2.244375 2.273125 2.344375 2.14625 2.16875 2.284375 2.139375 2.5525 2.371875 2.2175 2.29125 2.105
0.6918749 0.7287501 0.8287499 0.7925 0.879375 0.8643751 0.805625 0.8812501 0.846875 0.923125 0.8375 0.918125 0.9 0.8293751 0.936875 0.9725 0.95875 0.9913332 1.018 1.014167 0.935625 0.915625 1.01875 1.035 0.988125 1.12875 1.188125 1.065625 1.165 1.21375 1.074375 0.889375 0.89875 0.845 0.7887501 0.8975 1.133125 1.191875 1.2775 1.365625 1.40125 1.42875 1.4925 1.53125 1.595 1.621875 1.685625 1.634375 1.636875 1.5375 1.4925 1.401875 1.4875 1.7225 2.101875 2.136875 2.475 2.4625 2.41875 2.39375 2.53125 2.634375 2.47625 2.63625 2.4775 2.828125 2.399375 2.209375
0.7743751 0.810625 0.85 0.9725 0.8150001 0.7175 0.79875 0.939375 0.863125 0.91 0.785 0.89875 0.9337499 0.716875 0.88125 0.9793749 0.9837498 0.989375 1.021875 1.011875 0.889375 0.9375 1.01375 1.114375 1.0975 1.13 1.19 1.0825 1.13125 1.16625 1.1825 1.010625 0.970625 0.928125 1.03625 1.209375 1.253125 1.30375 1.335625 1.35625 1.391875 1.423125 1.444375 1.503125 1.565625 1.565 1.729375 1.680625 1.8175 1.72875 1.54 1.618125 1.85 2.240625 2.464375 2.44875 2.32375 2.445 2.36375 2.286875 2.4175 2.501875 2.748125 2.92 2.935 3.064375 2.8675 2.75
0.9112499 0.930625 0.9587499 0.920625 0.82125 0.7993751 0.8893751 0.9425 0.79875 0.8525 0.80625 0.888125 0.988125 0.93375 0.8687499 0.8425001 0.9287499 0.99625 1.02375 1.010625 1.05 1.0375 1.048125 1.114375 1.10625 1.0375 0.9549999 1.153125 1.185625 1.20125 1.22375 1.169375 1.25375 1.335625 1.344375 1.359375 1.22875 1.346875 1.395 1.44125 1.449375 1.506875 1.53 1.585 1.635625 1.715 1.75 1.75 1.978125 1.854375 1.788125 2.0125 2.280625 2.430625 2.43625 2.203125 2.25 2.251875 2.359375 2.314375 2.418125 2.65125 2.818125 2.88 2.834375 2.65 2.92 2.9975
0.82625 0.860625 0.9012499 0.85875 0.834375 0.9074999 0.9587502 0.9412498 0.8625 0.738125 0.7112501 0.880625 0.9374999 0.96 0.8668751 0.6968749 0.843125 0.993125 0.965625 0.9687501 1.043125 1.04125 1.063125 1.13125 1.1425 1.103125 0.86625 1.028125 1.140625 1.0725 1.125625 0.9937499 1.078125 1.3675 1.446875 1.4725 1.374375 1.395625 1.35875 1.46375 1.439375 1.48 1.576875 1.503125 1.585625 1.76375 1.89625 2.028125 2.156875 1.9725 2.019375 2.225 2.328125 2.24875 2.35875 2.2925 2.2275 2.245625 2.395625 2.5275 2.569375 2.6375 2.769375 2.896875 2.6375 2.305 2.360625 2.635
0.57625 0.63375 0.6431249 0.8206251 0.8668751 0.9318749 0.9162501 0.82875 0.903125 0.889375 0.7325 0.8987501 0.9275 0.9199999 0.80125 0.6887501 0.641875 0.895625 0.843125 0.9037501 1.005625 0.99625 1.0375 1.135625 1.161875 1.1125 0.8831249 0.8599999 1.006875 1.05375 0.966875 1.00125 1.0825 1.3525 1.335625 1.50875 1.47375 1.374375 1.426875 1.50375 1.44875 1.44125 1.516875 1.485625 1.539375 1.764375 1.96 2.058125 2.1175 2.155 2.284375 2.369375 2.179375 2.18 2.3325 2.291875 2.206875 2.235 2.485 2.628125 2.48875 2.683125 2.86875 2.548125 2.181875 2.108125 2.313125 2.645625
0.54 0.5375 0.5275 0.796875 0.9087499 0.944375 0.78 0.671875 0.775625 0.90625 0.9124999 0.9818751 0.9556249 0.9862501 0.95375 0.9012501 0.8774999 0.843125 0.8068751 0.971875 0.94625 0.92 1.011875 1.09625 1.155625 1.08625 0.5699999 0.490625 0.675 0.944375 0.9787501 1.066875 1.245 1.211875 1.195 1.4725 1.505 1.28375 1.494375 1.57125 1.580625 1.535625 1.526875 1.485625 1.705625 1.848125 1.98625 1.864375 1.9775 2.24 2.25375 2.183125 2.185625 2.108125 2.243125 2.216875 2.1225 2.22625 2.465625 2.51125 2.371875 2.593125 2.599375 2.51625 2.280625 2.12625 2.20875 2.62
0.715 0.7043749 0.621875 0.720625 0.88125 0.886875 0.80875 0.951875 0.9831251 1.016875 1.02625 1.025 0.93375 0.74875 0.581875 0.848125 0.946875 0.7418749 0.778125 0.978125 0.836875 0.87375 0.92 1.06625 1.183125 1.145625 0.8418751 0.9118751 1.049375 0.978125 0.9999999 0.978125 1.293125 1.378125 1.408125 1.57875 1.615625 1.525625 1.6575 1.6975 1.686875 1.73625 1.755 1.73625 1.813125 1.940625 2.025 2.034375 2.1 2.19875 2.115 2.120625 2.170625 1.97125 2.01125 1.97 1.96 2.1525 2.17125 2.41375 2.458125 2.294375 2.4225 2.384375 2.291875 2.306875 2.565625 2.841875
0.9156249 0.8368749 0.66 0.59 0.728125 0.8350001 0.6612501 0.8200001 0.9806249 1.030625 1.05 1.0225 0.880625 0.78 0.5875 0.82875 0.96125 0.811875 0.9175 1.070625 1.00625 0.9481249 0.97875 1.079375 1.155 1.16125 1.083125 1.13125 1.1675 1.30625 1.373125 1.323125 1.24375 1.37875 1.47125 1.54625 1.500625 1.674375 1.79125 1.863125 1.893125 1.923125 1.9125 1.893125 1.904375 2.03625 2.09125 2.05625 2.1075 2.135 1.990625 1.9175 1.9 2.02875 2.00625 2.010625 1.92125 2.006875 2.138125 2.165625 2.359375 2.221875 2.166875 2.17 2.235625 2.403125 2.6925 2.821875
0.9650001 0.895 0.8475001 0.70625 0.610625 0.5756249 0.66 0.858125 0.8468751 0.993125 1.05375 1.055 0.9250001 0.806875 0.770625 0.774375 0.8737499 1.015625 1.0625 1.14875 1.114375 1.083125 1.110625 1.023125 0.9962501 1.055 1.0325 1.011875 1.10125 1.38125 1.50125 1.43125 1.426875 1.459375 1.313125 1.29625 1.39625 1.73125 1.84 1.825625 1.876875 1.859375 1.80625 2.0025 2.0625 2.07625 2.125625 2.131875 2.155625 2.121875 2.026875 1.953125 1.969375 1.95125 1.835 1.99375 1.94 1.930625 1.844375 1.86875 2.24 2.290625 2.275 2.08875 1.94375 2.39125 2.4475 2.88375
1.01625 0.97125 0.845625 0.82 0.8218751 0.686875 0.7850001 0.854375 0.655 0.8150001 0.970625 1.02375 1.020625 0.8749999 0.7756249 0.823125 0.9941668 1.121 1.172667 1.18875 1.15 1.11375 1.030625 1.01875 1.101875 1.078125 1.110625 1.18 1.2 1.40625 1.56 1.61125 1.645625 1.581875 1.444375 1.535625 1.7275 1.83125 1.83375 1.8275 1.84125 1.84125 1.940625 1.996875 1.959375 2.008125 1.99625 2.006875 1.985625 2.129375 2.109375 2.043125 2.036875 1.929375 1.875625 1.878125 1.93375 1.928125 1.83125 1.886875 1.930625 2.093125 2.2675 2.179375 2.130625 2.131875 2.479375 2.876875
0.92375 0.9506249 0.9156249 0.9737499 0.926875 0.9662501 0.7425001 0.7818751 0.68125 0.6731249 0.889375 1.003125 0.973125 1.078 1.09 1.12 -9999 -9999 1.209091 1.161875 1.18 1.153125 1.1225 1.11875 1.176875 1.095 1.239375 1.326875 1.305 1.401875 1.498125 1.585625 1.669375 1.67625 1.72125 1.71625 1.765625 1.815625 1.75875 1.743125 1.853125 1.994375 1.9375 1.858125 1.90875 1.983125 2.00125 1.974375 2.01875 2.10125 2.07875 2.054375 1.969375 1.75875 1.664375 1.740625 1.81375 1.88875 1.81 1.67 1.768125 2.09375 2.150625 2.1275 2.22375 2.304375 2.46125 2.85625
0.5962499 0.7612501 1.031875 1.18125 1.066875 1.015 0.824375 0.689375 0.6568749 0.6637501 0.9543749 1.085 0.95625 0.94 1.105 1.15 -9999 1.23 1.234 1.375625 1.3925 1.381875 1.324375 1.364375 1.3375 1.25875 1.314375 1.373125 1.311875 1.325625 1.519375 1.58625 1.61 1.570625 1.665 1.626875 1.6575 1.6975 1.59 1.6175 1.91125 1.9625 1.724375 1.825 1.931875 1.9725 2.014375 2.0275 2.07 2.09375 2.093125 2.10875 2.123125 1.9925 1.885 1.9375 1.87875 1.805 1.92375 1.98125 1.989375 2.073125 2.23625 2.308125 2.363125 2.45125 2.82 2.933125
0.770625 0.918125 1.2125 1.204375 1.045 1.1125 1.113125 0.925 0.6462501 0.625 0.906875 1.051875 1.018125 0.829375 0.940625 1.049231 1.196 1.219 1.2175 1.425 1.384375 1.3575 1.390625 1.405625 1.425 1.430625 1.443125 1.418125 1.385 1.3475 1.29875 1.31625 1.485625 1.54625 1.49125 1.430625 1.5 1.6325 1.61125 1.806875 1.9975 1.80875 1.730625 1.86625 1.884375 1.954375 2.04625 2.0925 2.115 2.144375 2.093125 2.019375 2.129375 2.029375 1.73625 1.751875 1.863125 1.968125 2.05625 1.929375 1.8575 1.938125 2.30625 2.4225 2.305625 2.34125 2.581875 2.71875
1.13625 1.1875 1.355 1.355 1.335 1.235625 1.06625 0.969375 0.66875 0.549375 0.8806249 1.079375 1.0375 0.8599999 0.708125 0.94625 1.186875 1.213125 1.224375 1.350625 1.525 1.42625 1.37875 1.400625 1.40625 1.428125 1.45125 1.470625 1.4575 1.42625 1.39375 1.325 1.13875 1.104375 1.323125 1.425625 1.6575 1.85625 1.890625 1.923125 1.975625 1.865625 1.849375 1.89375 1.948125 1.95625 1.98875 2.045 2.13875 2.2325 2.234375 2.189375 2.255 2.234375 2.113125 2.00125 1.85875 2.08375 1.973125 1.66625 1.7725 2.105625 2.545625 2.350625 2.354375 2.58625 2.43875 2.58625
1.160625 1.225 1.36875 1.236875 1.313125 1.21 1.0925 1.193125 0.9143749 1.005625 0.9975 1.089375 1.01125 0.8362499 0.7056251 0.9443749 1.10375 1.239375 1.255 1.288125 1.38875 1.62875 1.37875 1.36875 1.395 1.410625 1.448125 1.490625 1.48625 1.446875 1.34625 1.100625 0.57125 0.8468751 1.358125 1.40125 1.68125 1.8825 1.88 1.841875 1.893125 2.011875 1.99375 2.043125 2.0575 2.061875 2.120625 1.988125 2.0375 2.2775 2.264375 2.240625 2.250625 2.125 2.18 2.091875 2.11125 2.111875 2.040625 1.946875 1.908125 2.225 2.746875 2.771875 2.765 2.530625 2.6425 2.8925
1.25875 1.44 1.339375 1.214375 1.363125 1.3275 1.1875 1.36 1.31875 1.169375 0.99375 1.136875 0.99125 0.9506249 0.905 0.6662501 0.774375 1.19875 1.366875 1.3125 1.321875 1.63125 1.21625 1.345 1.321875 1.37375 1.455625 1.484375 1.470625 1.363125 1.29 1.145625 0.65125 0.87875 1.420625 1.64625 1.805625 1.874375 1.79875 1.72875 1.800625 2.0225 2.085 2.140625 2.180625 2.1525 2.264375 2.150625 2.2075 2.28875 2.055625 2.091875 2.19625 1.975 2.001875 1.915625 1.83625 1.875625 1.776875 1.79375 1.9225 2.37625 2.76625 2.85375 2.994375 3.02625 2.93625 3.03375
1.5025 1.428125 1.459375 1.32625 1.46 1.410625 1.306875 1.161875 1.111875 1.173125 0.9881249 1.0725 1.186875 1.000625 1.1325 1.001875 0.7862499 1.095625 1.398125 1.576875 1.750625 1.568125 1.34 1.505625 1.388125 1.394375 1.409375 1.375625 1.361875 1.279375 1.341875 1.176875 0.894375 0.91125 1.239375 1.501875 1.765 1.88625 1.8375 1.914375 1.98625 1.93875 2.014375 2.0525 2.1025 2.128125 2.318125 2.371875 2.28 2.246875 2.07625 2.105625 2.220625 1.88 1.828125 1.855625 1.901875 2.13625 2.10875 1.735625 2.18375 2.535625 2.56625 2.6275 2.975 3.241875 3.269375 2.944375
1.539375 1.475625 1.4175 1.46125 1.3625 1.421875 1.38125 1.178125 1.150625 1.269375 1.22125 1.079375 1.19625 1.229375 1.29 1.385 1.241875 1.26125 1.34125 1.518125 1.658125 1.478125 1.6225 1.7425 1.704375 1.566875 1.48625 1.249375 1.36125 1.26375 1.268125 1.3225 1.34125 1.19 1.24 1.5325 1.7475 1.828125 1.680625 1.7175 1.895 1.861875 2.049375 2.124375 2.19125 2.135625 2.33125 2.301875 2.208125 2.15375 2.2375 2.26875 2.19 2.15125 2.0925 2.219375 2.339375 2.45125 2.043125 1.896875 2.340625 2.356875 2.459375 2.743125 3.02625 2.875 3.090625 3.441875
1.50875 1.429375 1.354375 1.375625 1.2725 1.171875 1.314375 1.27375 1.26875 1.225625 1.066875 1.14875 1.161875 1.30375 1.540625 1.684375 1.543125 1.450625 1.57125 1.87 1.60875 1.45625 1.651875 1.89375 1.901875 1.801875 1.676875 1.33125 1.5025 1.38125 1.14375 1.206875 1.364375 1.23875 1.305625 1.355625 1.646875 1.553125 1.15875 1.285625 1.770625 1.81125 1.9825 2.159375 2.314375 2.254375 2.433125 2.388125 2.3525 2.329375 2.460625 2.26 2.178125 2.26875 2.330625 2.5525 2.77625 2.36875 2.3225 1.926875 2.4025 2.56625 2.726875 2.783125 2.611875 2.953125 3.065625 3.2875
1.553125 1.450625 1.14875 1.169375 1.27 1.15 1.3575 1.0925 0.989375 1.07 0.934375 1.09 1.4025 1.364375 1.594375 1.85125 1.803125 1.740625 1.69625 1.83875 2.045625 1.840625 1.93375 1.835 1.774375 1.776875 1.69875 1.351875 1.595 1.333125 1.245 1.22875 1.28125 1.05625 1.165625 1.395625 1.248125 1.344375 0.9268751 1.2725 1.78625 1.994375 2.000625 2.06875 2.26875 2.4225 2.5025 2.386875 2.229375 2.204375 2.519375 2.603125 2.51 2.3975 2.483125 2.748125 2.920625 2.838125 2.72625 2.475 2.43125 2.40375 2.586875 2.655 2.568125 2.878125 3.229375 3.466875
1.575625 1.544375 1.318125 1.190625 1.276875 1.219375 1.32625 1.173125 0.7568749 0.6337501 0.8775001 1.080625 1.4225 1.633125 1.735 1.891875 1.915625 1.929375 1.82375 1.87 1.921875 2.145 1.889375 1.8425 1.989375 1.973125 1.824375 1.610625 1.714375 1.75125 1.495625 1.29625 1.361875 1.311875 1.325625 1.461875 1.521875 1.494375 1.3225 1.58 1.93 2.101875 2.20125 2.1475 2.219375 2.34 2.440625 2.5575 2.441875 2.42375 2.576875 2.753125 2.74125 2.599375 2.4825 2.629375 2.756875 2.965 2.985 2.849375 2.660625 2.5775 2.6875 2.611875 2.786875 2.94 3.175625 3.5
1.60375 1.485625 1.375625 1.44875 1.270625 1.135 1.1475 1.0425 0.9762499 0.5056251 0.560625 1.055625 1.25875 1.49125 1.65625 1.874375 2.035625 2.01 1.934375 1.96125 2.009375 2.193333 2.069375 2.144375 2.16875 2.103125 1.84625 1.793125 1.995 1.945 1.631875 1.499375 1.449375 1.630625 1.5275 1.726875 1.811875 1.816875 1.836875 1.955 2.065625 2.165 2.264375 2.325 2.270625 2.323125 2.439375 2.590625 2.618125 2.79375 2.85625 2.98125 2.641875 2.666875 2.591249 2.7625 2.83875 2.94 3.18 2.96875 2.81875 2.761875 2.865625 3.02625 3.115 3.195 3.371875 3.596875
1.616875 1.43125 1.210625 1.3225 1.150625 0.87625 0.7537501 0.36875 0.600625 0.5525 0.756875 1.13375 1.47 1.684375 1.781875 1.81875 1.998125 2.116875 2.113125 2.010625 1.891875 2.204286 2.161333 2.204375 2.081875 2.115 2.05875 1.883125 2.011875 2.079375 1.914375 1.763125 1.744375 1.735625 1.749375 1.906875 2.0425 2.033125 2.045 2.120625 2.22125 2.295 2.295625 2.384375 2.411875 2.390625 2.44 2.616875 2.69 2.775 3.010625 3.023125 2.808125 2.845 2.835625 2.855 3.085625 3.244375 3.2225 3.065 3.020625 3.023125 2.944375 3.153125 3.25625 3.276875 3.499375 3.700625
1.54375 1.459375 1.323125 1.09375 0.90875 0.524375 0.2725 -0.035 0.04375 0.715 1.05375 1.4375 1.61125 1.80625 1.973125 2.009375 2.0925 2.176875 2.204616 2.206 2.136 2.171111 2.17625 2.13875 2.08875 1.9975 1.9475 1.934375 2.12 2.27375 1.956875 1.939375 1.7225 1.579375 1.88 1.991875 2.215625 2.065 2.11125 2.105625 2.21625 2.325625 2.374375 2.436875 2.47125 2.536875 2.554375 2.678125 2.789375 2.7275 2.984375 3.1075 2.9 3.06375 3.045 2.996875 3.193125 3.349375 3.286875 3.11875 3.066875 3.1725 3.243125 3.371875 3.263125 3.48 3.36875 3.71125
