Code_and_data/Tas_Plant_GDM_Files/ASCII grids/mintempjuly_2010_1km.asc
ncols         470
nrows         479
xllcorner     143.8
yllcorner     -43.7425
cellsize      0.01
NODATA_value  -9999
[rows 330 to 359 of 479, columns 136 to 203 of 470]
-9999 -9999 -9999 -9999 6.094 5.985 5.65375 5.7925 -9999 -9999 -9999 -9999 -9999 -9999 -9999 -9999 -9999 -9999 -9999 -9999 -9999 -9999 4.780834 4.595625 4.431875 4.276875 3.980625 3.75375 3.5175 3.48125 3.420625 3.545 3.264375 3.5125 3.218125 2.820625 2.10125 1.115 1.650625 2.269375 2.248125 1.87125 0.895 1.668125 2.481875 2.98125 2.97625 2.963125 2.950625 2.8825 2.953125 2.284375 1.526875 2.06125 2.41 2.209375 2.175625 2.164375 2.00625 1.813125 1.715625 1.999375 1.964375 1.699375 1.175625 0.18 -0.2793333 0.33625
-9999 -9999 -9999 -9999 6.14 5.995333 5.756875 5.778125 5.5325 5.478 -9999 -9999 -9999 -9999 -9999 -9999 -9999 -9999 -9999 -9999 -9999 -9999 -9999 4.628334 4.510625 4.291875 4.123125 3.976875 3.80125 3.736875 3.9175 3.68 3.923125 3.869375 3.52 3.115625 2.12875 1.008125 0.7031249 2.19 2.6425 2.42625 1.57375 1.856875 2.53875 2.96875 2.71875 2.885 2.670625 2.74375 2.836875 2.85125 2.11875 1.651875 2.5275 2.418125 2.036875 1.953125 2.04375 2.03625 1.7025 1.72875 1.620625 1.493125 0.7474999 -0.01124999 -0.4175 -0.463125
-9999 -9999 -9999 -9999 -9999 5.969 5.719375 5.478125 5.398126 5.789999 -9999 -9999 -9999 -9999 -9999 -9999 -9999 -9999 -9999 -9999 -9999 -9999 -9999 4.99 4.847692 4.619375 4.455626 4.31375 4.1925 4.164375 4.16875 4.100625 4.096875 3.629375 3.35375 3.06625 2.224375 1.131875 0.9293751 2.37875 2.81 2.21125 1.435 1.68375 2.3375 2.835 2.75125 2.846875 2.736875 2.541875 2.830625 2.94875 2.685 1.725625 2.34625 2.768125 2.614375 2.5875 2.5675 1.953125 1.24875 1.28 1.785625 1.3875 0.619375 0.37375 -0.193125 0.61
-9999 -9999 -9999 -9999 -9999 6.014286 5.724375 5.52 5.528125 5.827143 5.825 5.344285 5.068125 5.675 -9999 5.516667 -9999 -9999 -9999 -9999 -9999 -9999 -9999 -9999 -9999 4.7375 4.73 4.611875 4.429375 4.404375 4.43375 4.15 4.041875 3.8625 3.6625 3.348125 2.471875 1.226875 1.334375 2.54625 2.850625 2.148125 1.590625 2.1575 2.58125 2.688125 2.839375 2.829375 2.921875 2.6625 2.613125 2.728125 2.861875 2.118125 1.9275 2.18 2.191875 2.39125 2.725 2.19125 1.525 1.251875 2.08375 1.61 0.4868751 -0.3575 0.19625 0.706
-9999 -9999 -9999 -9999 -9999 5.965 5.89125 5.774375 5.575 5.475001 5.444375 5.166875 4.91 5.548182 5.420834 5.556 -9999 -9999 -9999 -9999 -9999 -9999 -9999 -9999 -9999 -9999 4.725 4.5375 4.40125 4.455 4.549375 4.294375 4.334375 4.206875 4.04375 3.798125 3.11 1.91125 1.535625 2.80875 2.99875 2.4325 1.70625 1.983125 2.901875 2.983125 2.92125 2.755 2.939375 3.09 3.058125 3.0525 3.065625 2.258125 1.551875 1.463125 1.938125 2.26875 2.42375 2.706875 2.438125 1.829375 2.314375 1.62625 0.71125 -0.01375 0.606875 1.205
-9999 -9999 -9999 6.15 6.097 5.991875 5.886874 5.670625 5.454375 5.35375 5.19125 5.0425 4.92875 5.041875 5.125625 -9999 -9999 -9999 -9999 -9999 -9999 -9999 -9999 -9999 -9999 -9999 -9999 4.60625 4.55 4.55875 4.564375 4.41625 4.49375 4.466875 4.3225 4.1275 3.460625 2.829375 3 3.329375 2.90125 2.8625 2.89625 2.48375 3.030625 3.1975 2.9975 2.6875 2.89 3.078125 2.864375 2.88125 2.926875 3.006875 2.515625 1.985625 1.545 1.719375 2.18875 2.32 2.404375 2.65625 2.430625 1.6725 1.00625 0.63375 1.063125 1.08125
-9999 -9999 -9999 6.135 6.028125 5.893125 5.86875 5.73 5.541875 5.325625 5.066249 4.8975 4.810625 4.73375 5.20375 5.55 -9999 -9999 -9999 -9999 -9999 -9999 -9999 -9999 -9999 -9999 -9999 4.75 4.73875 4.580833 4.66625 4.615001 4.515625 4.46625 4.426875 4.190625 3.671875 3.07125 3.625 3.3875 2.878125 2.6775 3.29375 3.05875 3.259375 3.2725 2.925625 2.583125 2.805625 2.883125 2.76125 2.784375 2.655 2.77875 3.131875 2.746875 1.6625 1.21 1.516875 1.94625 2.275625 2.66875 2.419375 1.404375 1.284375 1.34625 1.164375 1.19875
-9999 -9999 -9999 6.116667 5.913125 5.66125 5.58375 5.473125 5.283125 5.216875 5.02125 4.875 4.855625 5.043125 5.400624 5.452308 5.401667 -9999 -9999 -9999 -9999 -9999 -9999 -9999 -9999 -9999 -9999 -9999 -9999 -9999 4.696667 4.653125 4.54125 4.545 4.459375 4.30125 3.941875 3.6575 3.810625 3.375625 2.899375 2.754375 3.528125 3.365 3.3425 3.318125 2.975 2.600625 2.786875 2.853125 2.855 2.936875 2.648125 2.94375 3.176875 3.19 2.763125 2.0375 1.49375 1.501875 1.89375 2.248125 2.341875 2.26875 1.905 0.781875 0.6025 1.35625
-9999 -9999 -9999 -9999 6.0425 5.876875 5.552501 5.37 5.195 5.105625 4.965 4.81 4.9125 5.130625 5.218125 4.96875 5.05125 5.368333 -9999 -9999 -9999 -9999 -9999 -9999 -9999 -9999 -9999 -9999 -9999 -9999 4.644 4.594375 4.58375 4.634285 4.56 4.448889 4.249375 4.20625 4.10625 3.655 3.4875 3.045 3.41 3.311875 3.433125 3.260625 2.659375 2.785 2.815625 2.65375 2.97375 3.0825 3.111875 3.07625 3.221875 3.11125 2.988125 3.129375 2.546875 1.830625 1.730625 1.934375 1.744375 2.51 1.54625 0.8068751 0.975 1.4925
-9999 -9999 -9999 -9999 -9999 5.79125 5.555624 5.423749 5.298125 5.159375 5.001874 4.851875 4.956875 4.930625 4.765625 4.851875 5.136875 5.286667 5.179375 5.257999 5.32 -9999 -9999 -9999 -9999 -9999 -9999 -9999 -9999 -9999 4.74 4.661111 4.673333 -9999 4.61 4.53 4.305 4.310625 4.264375 4.11 3.928125 3.48625 3.52 3.64875 3.263125 3.311875 3.160625 3.29375 3.0325 2.753125 2.96375 3.09875 3.08125 2.64625 2.87125 2.6375 2.764375 3.055 3.124375 2.675 2.133125 2.116875 2.458125 2.275625 1.34375 1.37375 1.72 1.83375
-9999 -9999 -9999 -9999 -9999 -9999 5.870834 5.644375 5.40875 5.109375 4.947501 5.01 4.934999 4.809375 4.740625 4.871251 4.976874 5.161251 5.04 5.1225 5.203572 5.224 -9999 -9999 -9999 -9999 -9999 -9999 -9999 -9999 -9999 -9999 4.642727 -9999 -9999 -9999 4.3 4.260715 4.44 4.323333 4.16 3.870625 3.81375 3.415 3.296875 3.29 3.42125 3.459375 3.085625 2.755625 2.949375 2.870625 2.880625 2.3275 2.299375 2.27125 2.281875 2.4775 2.61 3.028125 2.9375 2.43625 3.013125 2.51375 1.815 1.241875 1.4425 1.625
-9999 -9999 -9999 -9999 -9999 6 5.895 5.600625 5.310626 5.115625 5.301875 5.253749 4.9675 4.853125 4.809375 4.8725 4.918749 4.79875 4.700625 4.751251 5.048125 4.990625 5.126 -9999 -9999 5.04 -9999 -9999 -9999 -9999 -9999 -9999 4.72 -9999 4.615 4.582858 4.4875 4.455 4.44 4.345385 4.08125 3.865 3.655 3.649375 3.306875 3.535 3.684375 3.59375 3.243125 2.988125 2.30375 2.149375 2.14 2.0275 1.9625 1.5025 1.66625 1.801875 2.279375 2.71 3.019375 3.003125 2.258125 1.953125 1.54375 1.1025 1.43 1.725625
-9999 -9999 -9999 -9999 -9999 -9999 5.925 5.641876 5.3975 5.490625 5.32625 5.085626 5.054375 4.98625 5.023125 4.988125 4.865 4.644375 4.629375 4.67375 4.773125 4.805625 4.98875 5.003077 5.022857 4.885 4.995 -9999 -9999 -9999 -9999 -9999 -9999 -9999 -9999 4.6 4.493333 -9999 4.428888 4.283125 4.1075 3.7 3.448125 3.529375 3.284375 3.74 3.399375 3.51625 3.4625 2.75375 1.913125 1.686875 1.9875 2.09375 2.0175 1.64125 1.710625 1.97875 1.896875 2.744375 2.659375 2.4575 2.711875 1.95875 1.438125 0.9162501 1.19375 1.718125
-9999 -9999 -9999 -9999 -9999 -9999 5.9175 5.846 5.759375 5.619375 5.3625 5.334375 5.279375 5.20125 5.081875 4.896875 4.720625 4.66125 4.700624 4.673125 4.475625 4.6175 4.815001 4.875625 4.695624 4.64625 4.858125 4.964286 -9999 -9999 -9999 -9999 -9999 -9999 -9999 -9999 -9999 4.43 4.46 4.358125 4.156875 3.733125 3.488125 3.119375 3.00125 3.698125 3.323125 3.39625 3.4675 3.190625 2.058125 1.571875 1.893125 2.194375 2.17125 2.170625 2.42625 2.278125 1.905 2.810625 2.58875 2.229375 2.523125 2.180625 1.613125 0.9368749 1.209375 1.800625
-9999 -9999 -9999 -9999 -9999 -9999 -9999 5.837143 5.634375 5.606875 5.499375 5.263125 5.295001 5.200625 5.115 4.933125 4.78125 4.666875 4.573125 4.428125 4.34125 4.275 4.55875 4.61375 4.579375 4.625625 4.759375 4.809999 4.92 -9999 -9999 -9999 -9999 -9999 -9999 -9999 -9999 4.46 4.32875 4.29625 4.270001 4.039375 3.74625 3.3875 2.933125 3.56875 3.86 3.491875 3.205625 3.315625 3.160625 2.624375 2.204375 1.851875 1.97125 2.313125 2.605625 2.31625 2.454375 3.03625 2.45 2.026875 1.8075 1.911875 1.545625 1.278125 1.738125 2.200625
-9999 -9999 -9999 -9999 -9999 -9999 -9999 5.875 5.768 5.62125 5.555 5.450625 5.34125 5.19125 5.13 4.98625 4.809375 4.5725 4.588125 4.6125 4.43875 4.35 4.37375 4.345 4.555625 4.475626 4.513125 4.685625 4.774666 4.92 -9999 -9999 -9999 -9999 -9999 -9999 -9999 4.500909 4.37375 4.290625 4.224375 3.95625 3.43 3.600625 3.1525 3.21875 3.6125 3.34125 3.23625 3.176875 3.3625 2.9575 2.538125 2.15375 1.52625 1.806875 2.449375 2.7325 3.274375 2.530625 1.741875 1.559375 1.48 1.369375 1.6375 1.705625 1.746875 2.185625
-9999 -9999 -9999 -9999 -9999 -9999 -9999 5.88 5.783751 5.6 5.42875 5.353125 5.37625 5.41625 5.34 4.943125 4.721875 4.78 4.66875 4.554375 4.38875 4.426875 4.38375 4.329375 4.466875 4.281875 4.30625 4.40875 4.689286 4.93 -9999 -9999 -9999 -9999 -9999 -9999 4.58 4.519375 4.3875 4.174375 4.0125 3.892501 3.538125 3.733125 3.268125 2.854375 3.4125 3.78625 3.4475 3.04375 3.28 3.151875 2.635 2.091875 1.515 1.973125 2.610625 2.9875 3.4025 3.04125 2.949375 2.54 2.5675 2.236875 2.34625 2.39625 2.390625 2.203125
-9999 -9999 -9999 -9999 -9999 -9999 -9999 -9999 5.79 5.66125 5.61375 5.442501 5.424375 5.17 5.03 5.02125 4.904375 4.700625 4.636876 4.615625 4.56 4.5975 4.325 4.23875 4.18125 4.081875 4.115 4.470625 4.835834 -9999 -9999 4.84 4.779231 4.7475 -9999 4.655 4.586154 4.465625 4.3675 4.276875 4.21125 3.990625 3.566875 3.86125 3.798125 3.539375 3.91375 4.048125 3.849375 3.45625 3.4875 3.06 3.163125 2.793125 2.48375 2.456875 2.5375 2.545 2.963125 3.119375 3.513125 3.2525 2.98625 2.993125 2.773125 2.678125 2.399375 2.01125
-9999 -9999 -9999 -9999 -9999 -9999 -9999 -9999 5.816667 5.750714 5.57625 5.395 5.3025 5.135625 4.924375 5.020625 4.92125 4.82625 4.67125 4.503125 4.54375 4.528125 4.241875 4.13375 4.101875 4.13125 4.453125 4.678125 4.857692 4.925 4.873 4.804 4.7225 4.545001 4.603846 4.59 4.587334 4.425 4.276363 4.391819 4.297999 4.199375 3.93 3.90875 3.95875 4.162727 4.070667 4.102307 3.994 3.755715 3.737693 3.701875 3.653125 3.506875 2.726875 2.445 2.3775 2.588125 2.881875 3.091875 3.556875 3.23 3.108125 3.3725 3.33875 2.960625 2.495625 1.81625
-9999 -9999 -9999 -9999 -9999 -9999 -9999 -9999 -9999 5.6825 5.479375 5.3225 5.204375 5.113125 4.96 4.91125 4.809375 4.789999 4.7125 4.592501 4.6625 4.3975 4.219375 4.18625 4.15375 4.18625 4.395625 4.7 4.77 4.878 4.81 4.7525 4.66875 4.561875 4.635624 4.574375 4.461667 4.495 4.28125 4.206875 4.112 4.111 4.214286 4.108333 4.180909 3.956667 3.633077 3.77875 3.744375 3.195 3.625 3.93125 3.66 3.49875 3.188125 2.889375 2.4575 2.590625 2.938125 3.328125 3.609375 3.375 3.25625 3.266875 3.1275 3.065625 2.32 2.21875
-9999 -9999 -9999 -9999 -9999 -9999 -9999 -9999 5.7325 5.62125 5.513125 5.3975 5.274375 5.11125 5.036875 5.02125 4.936249 4.791875 4.727499 4.73 4.713125 4.4825 4.313125 4.2275 4.34125 4.3925 4.431875 4.678125 4.775625 4.809166 -9999 4.76 4.70125 4.585 4.505625 4.545625 4.445625 4.258125 3.815625 3.711875 3.718125 3.33875 3.671875 4.04625 3.9175 4.094375 3.513125 3.335625 3.333125 3.11 3.060625 3.830625 2.903125 2.363125 2.445625 2.503125 2.55 2.56625 2.83625 3.33375 3.61 3.610625 3.239375 2.783125 3.035 2.35 2.81875 2.16625
-9999 -9999 -9999 -9999 -9999 -9999 -9999 5.84 5.681538 5.470625 5.41125 5.320624 5.209375 5.11875 5.124374 5.139376 4.98125 4.889375 4.8775 4.738125 4.573125 4.395625 4.36125 4.3625 4.22875 4.34375 4.55125 4.640625 4.746876 4.751875 -9999 4.817778 4.75625 4.62625 4.411875 4.288125 4.424375 4.0725 3.798125 3.370625 3.444375 3.044375 3.1825 3.783125 3.945625 4.008125 3.93375 3.429375 3.34 3.09625 3.105 3.8975 3.0925 2.1525 1.52 1.72125 2.451875 2.659375 2.886875 3.295625 3.621875 3.444375 2.688125 2.4925 3.180625 2.38125 2.285625 2.151875
-9999 -9999 -9999 -9999 -9999 -9999 -9999 5.85 5.785333 5.674375 5.49625 5.297501 5.17625 5.13 5.135 5.059375 4.819375 4.851875 4.864375 4.695 4.523125 4.421875 4.365625 4.3125 4.406875 4.510625 4.642499 4.613125 4.62125 4.74375 4.8625 4.836 4.77375 4.66625 4.578125 4.455 4.32875 4.083751 3.76625 3.598125 3.239375 3.01375 3.161875 3.87875 4.085625 3.594375 3.80375 3.259375 2.975 3.164375 3.0425 3.80125 3.20625 2.841875 1.81375 1.215 1.31625 1.743125 2.133125 2.8875 3.60875 3.349375 2.39875 2.431875 3.2025 3.018125 2.800625 2.4075
-9999 -9999 -9999 -9999 -9999 -9999 -9999 -9999 5.81 5.75 5.58 5.315625 5.254375 5.274375 5.25 5.115624 5.045625 4.95875 4.781875 4.625 4.48875 4.42875 4.689375 4.575625 4.331875 4.318125 4.658751 4.690001 4.75125 4.86 4.88875 4.772501 4.719375 4.46 4.435626 4.48 4.30875 4.16 4.049376 3.79 3.5225 3.278125 3.378125 3.92125 3.884375 3.224375 3.155625 3.293125 2.850625 2.943125 2.938125 3.785 2.98625 2.989375 2.283125 1.64875 1.24 1.36125 1.504375 2.104375 2.813125 3.554375 2.849375 2.66 3.105 3.10875 2.80125 2.808125
-9999 -9999 -9999 -9999 -9999 -9999 -9999 -9999 -9999 5.768 5.628125 5.458126 5.38125 5.3 5.1775 4.94875 4.862501 4.843125 4.825 4.684375 4.585 4.57625 4.894375 4.7575 4.5125 4.315625 4.465625 4.640625 4.72375 4.8525 4.895 4.827778 4.716876 4.595625 4.56875 4.53875 4.45625 4.370625 4.239375 4.06875 3.955 3.720625 3.588125 3.920625 3.593125 3.135625 3.030625 3.31 3.091875 2.9125 2.958125 3.910625 3.200625 2.671875 2.476875 1.9 1.935 2.053125 2.1325 2.41375 2.635 3.413125 3.258125 2.78125 3.08125 2.96375 3.0825 2.943125
-9999 -9999 -9999 -9999 -9999 -9999 -9999 -9999 -9999 -9999 5.651875 5.466875 5.274375 5.17375 5.165 4.960626 4.948125 4.90625 4.750625 4.68875 4.581875 4.518125 4.586875 4.903125 4.79875 4.730625 4.539999 4.566875 4.6875 4.7975 4.868571 4.814 4.7125 4.57875 4.435 4.39375 4.5175 4.46625 4.375 4.26375 4.169375 3.861875 3.844375 3.929375 3.57 3.47125 3.02875 3.258125 3.284375 3.395 3.575625 3.992666 3.405625 2.860625 2.641875 2.158125 2.315 2.685625 2.795625 3.111875 3.25125 3.635625 3.51625 2.98625 3.079375 2.83 2.83875 2.26625
-9999 -9999 -9999 -9999 -9999 -9999 -9999 -9999 -9999 5.765 5.667333 5.53125 5.461875 5.366876 5.23 5.104375 5.078125 5.034376 4.855 4.755625 4.581875 4.614375 4.641875 4.818125 4.998126 4.77 4.830626 4.673125 4.6625 4.840625 4.897 4.87 4.741875 4.6225 4.5625 4.5575 4.585626 4.5425 4.465625 4.36125 4.28125 4.024375 3.830625 3.775 3.958125 3.63875 3.146875 3.428125 3.70875 3.746875 4.015001 4.00625 3.5475 3.209375 2.891875 2.333125 2.491875 2.8925 3.200625 3.52625 3.77125 3.756875 3.35 2.911875 2.9075 2.809375 2.29125 1.866875
-9999 -9999 -9999 -9999 -9999 -9999 -9999 -9999 -9999 -9999 5.695556 5.55 5.460001 5.31625 5.225625 5.12125 5.03125 5.0425 4.924375 4.836875 4.58875 4.760001 4.766875 4.94625 5.061249 4.70625 4.941875 4.84 4.6275 4.724375 4.918126 4.9225 4.791334 4.7575 4.706875 4.665625 4.624375 4.560625 4.455 4.371875 4.351875 4.278125 4.15125 4.07625 4.07375 3.813125 3.44 3.58375 3.75 3.936875 4.149375 3.9975 3.76 3.4225 2.90625 2.6 2.68625 2.9325 3.1 3.72875 3.808125 3.449375 2.6775 2.015625 2.654375 2.7425 2.185625 2.21125
-9999 -9999 -9999 -9999 -9999 -9999 -9999 -9999 -9999 -9999 5.655 5.56375 5.44125 5.419375 5.291251 5.244375 5.14125 5.008751 5.08375 4.964375 4.795625 5.034375 4.899375 4.605 4.711875 4.965 4.73375 4.965625 4.905 4.91125 4.945 4.926875 4.8725 4.815625 4.75125 4.67375 4.62625 4.58875 4.540625 4.493125 4.45 4.24 3.814375 3.5075 3.48125 3.570625 3.83375 3.908125 3.81125 3.899375 4.144375 4.06 3.884375 3.5925 3.305 2.94 2.789375 3.049375 3.469376 3.838125 3.71375 3.360625 2.61 2.196875 2.798125 2.686875 2.146875 2.10375
-9999 -9999 -9999 -9999 -9999 -9999 -9999 -9999 -9999 -9999 -9999 5.602222 5.540625 5.3375 5.154375 5.109375 5.093125 5.034375 5.169374 5.04625 5.0525 4.801875 4.6725 4.40625 4.420625 4.8225 4.973751 4.994375 5.00875 4.883125 4.894375 4.905625 4.8775 4.795625 4.733125 4.688125 4.639375 4.588125 4.54875 4.498126 4.365 4.216875 4.035 3.399375 3.3575 3.736875 3.985 4.141875 4.178125 4.12375 4.170625 4.04 3.76 3.620625 3.23 3.04625 2.98625 3.14125 3.628125 3.896875 3.78875 3.545625 2.93 2.60125 3.025 2.79875 2.175 1.993125
