Code_and_data/Tas_Plant_GDM_Files/ASCII grids/mintempjuly_2010_1km.asc
ncols         470
nrows         479
xllcorner     143.8
yllcorner     -43.7425
cellsize      0.01
NODATA_value  -9999
[rows 390 to 419 of 479, columns 340 to 407 of 470]
1.4225 1.770625 2.364375 2.79625 2.920625 2.950625 3.1525 3.1475 3.31125 3.63625 3.8125 3.76 3.8525 -9999 -9999 3.969091 3.701875 3.888125 3.874375 3.83875 3.744375 3.629375 3.593125 3.45125 3.23625 3.381875 3.711875 3.97875 4.063125 4.113125 4.137333 4.145 -9999 -9999 -9999 -9999 -9999 -9999 -9999 -9999 4.41 4.398571 4.410625 4.383125 4.19625 4.26125 4.395625 4.459375 4.36625 4.316875 4.486875 4.556251 4.53375 4.579374 4.588125 4.589375 4.549375 4.335001 3.96375 3.998125 4.491876 4.670625 4.86 4.963846 -9999 -9999 -9999 -9999
1.410625 1.995 2.306875 2.5075 2.43375 2.545 3.011875 3.145 3.361875 3.3325 3.59375 3.72 3.7575 3.9475 -9999 3.947693 3.993334 3.92125 3.73375 3.859375 3.713125 3.65625 3.861875 3.82875 3.603125 3.30625 3.565 3.985 4.091875 4.04875 4.057777 -9999 -9999 -9999 -9999 -9999 -9999 -9999 -9999 -9999 4.46 4.4275 4.459167 4.482666 4.39375 4.46 4.522857 4.547778 4.590769 4.55125 4.618125 4.5275 4.3025 4.435 4.484375 4.50625 4.48875 4.215625 3.895 4.005625 4.214375 4.560625 4.913571 5.016667 5.02 -9999 5.12 5.0425
0.59625 1.058125 0.983125 1.898125 2.330625 2.576875 2.7775 3.115625 3.104375 2.89 3.310625 3.770625 3.943125 3.996923 4.06 4.045 4.09 4.079167 4.088462 4.107143 4.078125 3.839375 3.960625 4.021875 3.795 3.7425 3.678125 4.031875 4.118124 4.043125 3.961334 -9999 -9999 -9999 -9999 -9999 -9999 -9999 -9999 -9999 -9999 -9999 -9999 -9999 4.486 4.564286 4.575 4.614285 4.513125 4.371333 4.50875 4.466875 4.3675 4.59375 4.703125 4.661875 4.55625 4.564374 4.488125 4.6625 4.634375 4.800625 4.9475 -9999 5.025 -9999 5.066667 5.088
-0.58625 -0.7318749 -0.339375 0.5568749 1.30625 2.114375 2.68875 3.01 3.175625 3.038125 3.370625 3.79 3.96375 4.014546 -9999 -9999 -9999 -9999 -9999 -9999 4.1825 4.02875 3.970625 4.115 4.12375 3.983125 3.691875 3.99 4.213125 4.23625 4.178 -9999 -9999 -9999 -9999 -9999 -9999 -9999 -9999 -9999 -9999 -9999 -9999 -9999 4.41 4.577143 4.669091 4.6175 4.585 4.468571 4.4875 4.64 4.788181 4.800625 4.6925 4.563125 4.595 4.769375 4.821875 4.966875 4.99625 5.024286 -9999 5.14 5.135 5.07 5.19 5.205
-0.965 -0.6625 -0.9068751 -0.895625 0.655 2.193125 2.75375 3.061875 3.3425 3.359375 3.674375 3.8425 3.944375 4.034 -9999 -9999 -9999 -9999 -9999 -9999 -9999 4.113077 3.97375 4.191875 4.23625 4.165625 3.854375 4.01375 4.27375 4.331428 4.34 -9999 -9999 -9999 -9999 -9999 -9999 -9999 -9999 -9999 -9999 -9999 -9999 -9999 -9999 -9999 -9999 4.659167 4.657143 -9999 4.76 -9999 4.88 4.89 4.758 4.846667 4.899375 4.944167 4.942143 5.06 5.073333 5.095455 5.028571 4.94 4.849999 4.888124 5.090001 5.125625
-0.321875 -0.6693749 -0.82125 -0.643125 1.143125 2.233125 2.649375 2.908125 3.104375 3.269375 3.19375 3.4675 3.68875 3.963333 4.10125 4.166667 -9999 -9999 -9999 -9999 -9999 4.252 4.13375 4.285455 4.30625 4.297692 4.211 4.2925 4.370769 4.382857 -9999 -9999 -9999 -9999 -9999 -9999 -9999 -9999 -9999 -9999 -9999 -9999 -9999 -9999 -9999 -9999 -9999 -9999 -9999 -9999 -9999 -9999 -9999 -9999 -9999 -9999 5.01 -9999 5.09 -9999 -9999 -9999 5.096875 4.98 4.81375 4.47 4.8575 5.06375
0.205 -0.09999999 -0.383125 0.100625 1.491875 2.16 2.540625 2.68875 2.718125 3.0075 3.144375 3.204375 3.275 3.43875 3.63125 3.930667 -9999 -9999 -9999 -9999 -9999 4.23909 4.17625 4.325715 -9999 -9999 -9999 4.415 4.43875 4.439333 4.418 4.383333 -9999 -9999 -9999 -9999 -9999 -9999 -9999 -9999 -9999 -9999 -9999 -9999 -9999 -9999 -9999 -9999 -9999 -9999 -9999 -9999 -9999 -9999 -9999 -9999 -9999 -9999 -9999 -9999 -9999 -9999 5.125385 4.9025 4.833125 4.811875 5.0275 4.95125
1.47875 1.4825 0.980625 1.4025 2.073125 2.530625 2.79625 2.8075 2.845625 3.019375 3.40875 3.430625 3.198125 3.023125 3.29125 3.83875 4.245 -9999 -9999 -9999 -9999 4.122308 4.144286 4.35 -9999 -9999 4.32125 4.184375 4.435 4.482142 4.46875 4.525 4.478889 -9999 -9999 -9999 -9999 -9999 -9999 -9999 -9999 -9999 -9999 -9999 -9999 -9999 -9999 -9999 -9999 -9999 -9999 -9999 -9999 -9999 -9999 -9999 -9999 -9999 -9999 -9999 -9999 5.22625 5.1675 5.088125 5.096875 5.041875 5.16375 4.97625
2.27375 2.091875 1.771875 2.015625 2.461875 2.75875 3.088125 2.8425 3.085625 3.230625 3.301875 3.785625 3.505 3.12875 3.491875 4.12 -9999 -9999 -9999 -9999 4.38 4.291 4.285 -9999 -9999 4.49 4.29875 4.22 4.478125 4.525 4.549333 4.570001 4.50375 4.495 -9999 -9999 -9999 -9999 -9999 -9999 -9999 -9999 -9999 -9999 -9999 -9999 4.905 4.746666 4.67875 4.69 -9999 -9999 -9999 -9999 -9999 -9999 -9999 -9999 5.18 -9999 -9999 5.235 5.255 5.246364 5.148126 5.261428 5.319375 5.14625
2.345 2.390625 2.18875 2.41125 2.514375 2.69375 3.2525 3.2125 3.306875 3.560625 3.483125 3.805 3.360625 3.44875 3.99 4.22 -9999 -9999 -9999 -9999 -9999 -9999 -9999 -9999 -9999 4.54125 4.37625 4.419375 4.529375 4.53125 4.58875 4.608125 4.484375 4.498889 -9999 -9999 -9999 -9999 -9999 -9999 -9999 -9999 -9999 4.885 4.864545 -9999 4.93 4.9 4.86875 4.839334 -9999 4.97 4.996667 -9999 -9999 -9999 -9999 -9999 5.155 -9999 -9999 -9999 5.355 5.295714 5.19 5.305455 5.326154 5.285
2.725625 2.693125 2.74625 2.791875 2.928125 3.13875 3.345 3.608125 3.6325 3.858125 3.775625 3.99 3.583125 3.659375 4.153333 -9999 -9999 -9999 -9999 -9999 -9999 -9999 -9999 -9999 -9999 4.569167 4.4625 4.546249 4.428125 4.42375 4.584375 4.6625 4.665 4.705 4.74 -9999 -9999 -9999 -9999 -9999 -9999 -9999 -9999 -9999 4.792 -9999 -9999 5.00375 4.993637 5.043846 5.069091 5.022 4.994286 -9999 -9999 -9999 -9999 -9999 -9999 -9999 -9999 5.31 -9999 5.4 5.346251 5.336 5.30375 5.236249
2.895625 2.97 2.92625 2.90125 2.904375 3.09625 3.315 3.55375 3.74875 3.924375 4.064375 4.110625 3.765625 3.926667 -9999 -9999 -9999 -9999 -9999 -9999 4.505714 -9999 -9999 -9999 4.51 4.595624 4.507857 4.6275 4.3775 4.416875 4.609375 4.71 -9999 4.75 4.696923 -9999 -9999 -9999 -9999 -9999 -9999 -9999 -9999 -9999 -9999 -9999 -9999 5 4.956875 4.941875 4.973751 4.963125 5.061429 5.2 -9999 -9999 -9999 -9999 -9999 -9999 -9999 5.341667 5.299167 5.360714 5.145 5.151875 5.20875 5.23375
3.00875 3.068125 3.043125 3.08 2.9925 3.191875 3.46625 3.67875 3.83875 3.99375 4.026875 4.13125 4.217273 4.2275 -9999 -9999 -9999 -9999 -9999 4.4675 4.558571 -9999 -9999 -9999 4.63 4.66 -9999 4.684286 4.635625 4.648125 4.578125 4.737143 -9999 4.813334 4.7925 -9999 -9999 -9999 -9999 -9999 -9999 -9999 -9999 -9999 -9999 -9999 -9999 -9999 5.14375 5.086875 5.025 5.0625 5.174999 -9999 -9999 -9999 -9999 -9999 -9999 -9999 -9999 -9999 5.415 5.467999 5.376667 5.364999 5.304375 5.300625
3.181875 3.288125 3.236875 3.19375 3.32375 3.114375 3.4525 3.728125 3.909375 3.953125 3.84625 3.878125 4.167692 -9999 -9999 -9999 -9999 -9999 -9999 -9999 4.568889 4.535385 -9999 -9999 -9999 -9999 -9999 4.7575 4.74125 4.701876 4.575624 4.67875 4.825454 4.857501 4.852857 4.855 -9999 -9999 -9999 -9999 -9999 -9999 -9999 -9999 -9999 -9999 -9999 -9999 5.195 5.194375 5.1575 5.147693 5.19 -9999 -9999 -9999 -9999 -9999 -9999 -9999 -9999 -9999 -9999 5.55 5.51 5.45 5.39875 5.28
3.166875 3.334375 3.35375 3.53125 3.44875 3.234375 3.55 3.674375 3.9625 4.0425 3.950625 4.041875 4.257143 -9999 -9999 -9999 -9999 -9999 -9999 4.65 4.539375 4.477333 -9999 -9999 -9999 -9999 -9999 4.667142 4.78125 4.744375 4.714375 4.631876 4.684286 -9999 -9999 -9999 -9999 -9999 -9999 -9999 -9999 -9999 4.8825 5.06 4.980714 5.091538 5.155 5.2125 5.153125 5.181251 5.228125 5.265 -9999 -9999 -9999 -9999 -9999 -9999 -9999 -9999 -9999 -9999 -9999 -9999 5.473571 5.433125 5.385 5.299376
3.221875 3.248125 3.033125 3.389375 3.74 3.823125 3.895625 3.981875 4.115 4.09375 4.02125 4.135625 4.294545 -9999 -9999 -9999 -9999 -9999 -9999 4.675 4.629 4.677857 4.7325 -9999 -9999 -9999 -9999 4.714615 4.768126 4.808125 4.813125 4.6175 4.55 -9999 -9999 -9999 -9999 -9999 -9999 -9999 -9999 -9999 4.584 4.9525 4.7625 4.96875 5.14375 5.17 5.13 5.119375 5.295625 5.36 -9999 -9999 -9999 -9999 -9999 -9999 -9999 -9999 -9999 -9999 -9999 -9999 5.596667 5.49125 5.394 5.431875
3.139375 3.031875 3.068125 3.35375 3.626875 3.920625 4.02375 4.075 4.195 4.17625 4.060626 3.868125 4.111875 4.26 -9999 -9999 -9999 -9999 -9999 -9999 -9999 4.736667 4.749167 -9999 -9999 -9999 -9999 4.752727 4.695 4.892221 4.904667 4.806153 4.845 -9999 -9999 -9999 -9999 -9999 -9999 -9999 -9999 -9999 4.646924 4.797501 4.6925 5.054375 5.176875 5.07 5.19 5.239375 5.315 5.295625 5.37625 5.316667 5.385 -9999 -9999 -9999 -9999 -9999 -9999 -9999 -9999 -9999 -9999 5.67 5.695 5.675
3.076875 3.161875 3.34125 3.59125 3.7875 3.9625 4.058462 4.167 -9999 4.280769 4.20375 3.814375 3.859375 4.39625 -9999 -9999 -9999 -9999 -9999 -9999 -9999 4.799091 4.802 4.876 4.9 -9999 4.943333 4.926667 4.884 4.96 -9999 -9999 -9999 -9999 -9999 -9999 -9999 -9999 -9999 -9999 -9999 -9999 4.989 5.063125 4.979375 5.063125 5.094376 5.0075 5.128749 5.31625 5.32875 5.364375 5.405334 5.272 5.34125 -9999 -9999 -9999 -9999 -9999 -9999 -9999 -9999 -9999 5.71 5.72 5.77 5.625714
3.153125 3.296875 3.454375 3.605 3.81375 3.871875 4.095625 4.187778 -9999 4.315 4.29625 3.9575 3.71375 4.394167 -9999 -9999 -9999 -9999 -9999 -9999 4.83 4.661333 4.798125 4.897272 4.916667 4.9375 4.96 4.975 -9999 -9999 -9999 -9999 -9999 -9999 -9999 -9999 -9999 -9999 -9999 -9999 -9999 -9999 5.046667 5.050626 4.995 4.9825 5.005 5.035 5.22 5.33 5.26875 5.324376 5.2875 5.289375 5.433333 -9999 5.5225 -9999 -9999 -9999 -9999 -9999 -9999 5.48 5.588333 5.695 5.758 5.540625
3 3.209375 3.38875 3.556875 3.603125 3.8825 4.145833 -9999 -9999 -9999 4.40125 4.17375 3.86625 4.208125 4.494 -9999 -9999 -9999 -9999 -9999 4.88 4.841111 4.853333 -9999 -9999 -9999 -9999 4.927143 4.6875 -9999 -9999 -9999 -9999 -9999 -9999 -9999 -9999 -9999 -9999 -9999 -9999 -9999 5.005 5.094375 4.86 4.640625 4.906875 4.961251 5.21625 5.098125 5.154374 5.240625 5.161875 5.298125 5.501249 5.534166 5.578 5.65 5.62 5.64 5.58 -9999 -9999 5.64 5.580833 5.685001 5.75625 5.351875
2.984375 3.145 3.21375 3.257499 3.569375 3.984375 4.181 -9999 -9999 -9999 -9999 4.444545 4.33 4.372858 -9999 -9999 -9999 -9999 -9999 -9999 -9999 -9999 -9999 -9999 -9999 -9999 -9999 4.77 4.783077 -9999 -9999 -9999 -9999 -9999 -9999 -9999 -9999 -9999 -9999 -9999 -9999 -9999 4.949167 5.000626 4.71 4.459375 4.838125 4.974374 5.133125 4.875 5.188125 5.018125 5.02125 5.0725 5.438751 5.540626 5.59625 5.627334 5.593125 5.5675 5.640666 5.724286 5.716 5.81 5.666363 5.708666 5.817143 5.613125
2.973125 3.323125 3.241875 3.55375 3.90625 4.141334 4.2175 -9999 -9999 -9999 -9999 -9999 -9999 -9999 -9999 4.651818 4.4725 -9999 -9999 -9999 -9999 -9999 -9999 -9999 -9999 -9999 -9999 -9999 5.12 -9999 -9999 -9999 -9999 -9999 -9999 -9999 -9999 -9999 -9999 -9999 -9999 -9999 5.079999 4.91625 4.89125 5.0525 5.214375 4.9875 4.8075 5.051875 5.18625 4.814375 5.006876 5.201875 5.355625 5.44125 5.549375 5.505625 5.4925 5.404999 5.626875 5.59 5.65125 5.800625 5.616875 5.7225 5.82125 5.694375
3.155625 3.515 3.579375 3.5075 3.836875 4.145 4.2 4.300833 4.404 4.45 -9999 -9999 -9999 -9999 4.694546 4.551875 4.5075 -9999 -9999 -9999 -9999 -9999 -9999 -9999 -9999 -9999 -9999 -9999 -9999 -9999 -9999 -9999 -9999 -9999 -9999 -9999 -9999 -9999 -9999 -9999 -9999 -9999 5.12 4.97 4.791817 4.9125 5.3575 5.32125 5.309375 5.429375 5.210625 4.889375 5.251875 5.555625 5.408749 5.23875 5.414375 5.165 5.09625 5.4625 5.51 5.39125 5.361875 5.69875 5.669374 5.67 5.7775 5.449375
3.17125 3.32875 3.223125 3.378125 3.954375 4.02 3.91375 3.88875 4.0725 4.432667 -9999 -9999 4.644 4.554286 4.59375 4.316875 4.8825 4.925 -9999 -9999 -9999 -9999 -9999 -9999 -9999 -9999 -9999 -9999 -9999 -9999 -9999 -9999 -9999 -9999 -9999 -9999 -9999 -9999 -9999 -9999 -9999 -9999 -9999 -9999 -9999 5.217272 5.30125 5.533636 5.44375 5.344375 5.261875 5.4075 5.50875 5.618125 5.46875 5.538125 5.279375 4.949376 4.6175 5.14 5.186875 4.861876 5.254375 5.664375 5.628125 5.638125 5.79125 5.598751
3.123125 3.415625 3.62125 3.583125 3.931875 3.843125 4.1025 3.980625 4.2575 4.49 -9999 -9999 4.663333 4.4175 4.415625 4.4575 4.763125 4.854445 -9999 -9999 -9999 -9999 -9999 -9999 -9999 -9999 -9999 -9999 -9999 -9999 -9999 -9999 -9999 -9999 -9999 -9999 -9999 -9999 -9999 -9999 -9999 -9999 -9999 -9999 -9999 -9999 -9999 5.33 5.330714 5.4525 5.380909 5.646363 5.657143 5.725 5.687142 5.571875 5.138124 4.440625 4.34375 4.751875 4.796875 4.789999 5.163125 5.26375 5.481874 5.734375 5.840001 5.871875
3.47125 3.5525 3.800625 3.993125 4.105 4.21375 4.33 4.384 4.451666 -9999 -9999 4.685 4.57 4.608125 4.608125 4.6875 4.869375 4.88625 4.81375 -9999 -9999 -9999 -9999 -9999 -9999 -9999 -9999 -9999 -9999 -9999 -9999 -9999 -9999 -9999 -9999 -9999 -9999 -9999 -9999 -9999 -9999 -9999 -9999 -9999 -9999 -9999 -9999 -9999 -9999 -9999 -9999 5.745 5.674286 5.753 5.747273 5.63 5.121251 4.67 4.625625 4.827499 4.33375 4.753125 4.976875 4.973125 5.479375 5.8875 5.966922 5.821875
3.24375 3.33875 3.808125 4.0375 4.1075 4.14 4.31375 4.485 -9999 -9999 4.66 4.688 4.764444 4.823333 4.828 4.883125 4.96625 4.880625 4.646667 -9999 -9999 -9999 -9999 -9999 -9999 -9999 -9999 -9999 -9999 -9999 -9999 -9999 -9999 -9999 -9999 -9999 -9999 -9999 -9999 -9999 -9999 -9999 -9999 -9999 -9999 -9999 -9999 -9999 -9999 -9999 -9999 5.79 -9999 5.788571 5.585625 5.6625 5.633125 5.463125 5.234375 4.629375 4.9275 5.1975 5.21 5.273125 5.7625 5.989 6.01125 5.781875
3.5475 3.704375 3.669375 3.909375 4.250667 4.385 4.46 -9999 -9999 -9999 -9999 -9999 4.778571 4.8325 4.94 4.98125 4.96625 4.8875 4.663125 4.734286 -9999 -9999 -9999 -9999 -9999 -9999 -9999 -9999 -9999 -9999 -9999 -9999 -9999 -9999 -9999 -9999 -9999 -9999 -9999 -9999 -9999 -9999 -9999 -9999 -9999 -9999 -9999 5.72 -9999 5.743333 5.661333 5.68375 5.808462 5.684667 5.33 5.3725 5.702499 5.58625 5.555624 5.466249 5.57625 5.495 5.463125 5.53625 5.94 6.067 6.054 5.994445
3.4675 3.6825 3.853125 4.071876 4.312667 4.36 -9999 -9999 -9999 4.555 4.7 4.82 -9999 4.903333 4.811429 4.975 4.8725 4.8 4.676875 4.813636 -9999 -9999 -9999 -9999 -9999 -9999 -9999 -9999 -9999 -9999 -9999 -9999 -9999 -9999 -9999 -9999 -9999 -9999 -9999 -9999 -9999 -9999 -9999 -9999 -9999 -9999 -9999 5.645 5.81 5.746 5.67 5.7375 5.75625 5.57875 5.161875 5.28375 5.643125 5.7025 5.668125 5.601875 5.55375 5.487501 5.664375 5.896875 6.030625 6.105 6.13 -9999
3.320625 3.81875 4.09125 4.236875 4.352222 -9999 -9999 -9999 4.665 4.626923 4.499375 4.632667 4.836667 4.868667 4.7675 4.9675 4.871874 4.860625 4.893125 4.92375 -9999 -9999 -9999 -9999 -9999 -9999 -9999 -9999 -9999 -9999 -9999 -9999 -9999 -9999 -9999 -9999 -9999 -9999 -9999 -9999 -9999 -9999 -9999 -9999 -9999 -9999 -9999 -9999 -9999 5.842857 5.78 5.73 5.454999 5.696875 5.315625 5.329375 5.59625 5.719376 5.61 5.44 5.408125 5.10625 5.396875 5.861875 6.0775 6.095 -9999 -9999
