Code_and_data/Tas_Plant_GDM_Files/ASCII grids/mintempjuly_2100_1km.asc
ncols         470
nrows         479
xllcorner     143.8
yllcorner     -43.7425
cellsize      0.01
NODATA_value  -9999
[rows 240 to 269 of 479, columns 204 to 271 of 470]
5.303124 5.06625 4.526875 5.053125 5.150625 5.0625 5.181251 5.24 5.210625 5.2325 5.39125 5.493125 5.503125 5.579374 5.76 5.809375 5.811251 5.625 5.534375 5.5775 5.545 5.450625 5.2775 5.470625 5.621875 5.734375 5.799375 5.861875 5.953125 6.076875 6.061875 6.133126 6.033125 5.94625 5.973125 5.89125 5.967501 6.028125 6.075 6.119375 6.087142 6.233334 6.297143 6.356923 6.305 6.384375 6.411875 6.383125 6.306251 6.358125 6.19875 5.679375 5.851875 6.195625 6.290625 6.39 6.551875 6.606874 6.5625 6.556875 6.616875 6.496251 6.656875 6.72625 6.649374 6.15625 6.145 6.31625
5.110625 4.803124 4.754375 4.87625 4.92 5.110625 5.17625 5.256876 5.32125 5.319375 5.2 5.49 5.6175 5.716876 5.74 5.671875 5.80875 5.798125 5.755625 5.650001 5.468749 5.3925 5.41625 5.473125 5.538125 5.6225 5.728125 5.935625 6.017499 6.05375 6.04875 5.796875 5.809374 6.021875 6.05625 6.000001 6.122501 6.1775 6.298462 6.231 6.298572 6.3 6.184375 6.19375 6.31875 6.338125 6.3825 6.371251 6.30125 6.294375 6.223125 5.786875 5.785 6.281876 6.2975 6.469375 6.432501 6.450625 6.416875 6.42625 6.431249 6.34625 6.43125 6.639374 6.679374 6.334375 5.916875 6.080625
5.107501 5.178125 5.214375 5.201875 5.324375 5.47125 5.299376 5.479375 5.3975 5.05 5.09125 5.26 5.26625 5.218125 5.331874 5.259375 5.590625 5.757501 5.666875 5.39 5.1325 5.30375 5.314376 5.418125 5.47125 5.64125 5.85 5.99625 5.92375 5.698125 5.77625 5.713125 5.920001 6.071875 6.098125 6.036876 6.179333 6.26125 6.286 6.305833 6.223125 6.075625 6.104375 6.17375 6.28 6.306876 6.354374 6.353125 6.339998 6.334374 6.281875 6.248126 6.257499 6.275001 6.293125 6.368749 6.248126 6.181251 6.14125 6.096875 6.086874 6.075624 6.15875 6.358125 6.585625 6.539374 5.991875 5.951875
5.124375 5.235625 5.344375 5.38625 5.5175 5.586875 5.574375 5.574375 5.26875 4.774375 4.65375 4.44375 4.53875 4.72 5.126875 5.005 5.019375 5.351875 5.72875 5.061875 4.9825 5.268125 5.35875 5.349375 5.3425 5.615 5.839375 5.9025 5.83625 5.635625 5.82625 5.920625 5.916875 5.965 6.076876 6.09625 6.166666 6.208889 6.214 6.22625 6.126875 5.985625 6.135 6.17 6.258125 6.30125 6.31875 6.325 6.32375 6.316251 6.310626 6.245625 6.161875 6.1075 6.05375 6.257501 6.257501 6.068125 5.97875 6.003125 5.98625 5.9825 6.025625 6.086875 6.37375 6.573125 6.355 5.869375
5.108125 5.120625 5.15625 5.294375 5.34625 5.405626 5.440625 5.570625 5.4925 5.4275 5.42625 5.2575 5.19875 5.110625 5.263125 5.4775 5.599375 5.595625 5.653125 5.405 5.119376 5.23875 5.32375 5.195001 5.285001 5.60125 5.865 5.629375 5.438125 5.721875 5.81875 5.72875 5.78875 5.8675 5.89375 5.991429 6.127 6.01625 6.0325 6.079999 5.91125 6.035001 6.130625 6.163125 6.238125 6.235625 6.278124 6.26 6.2 6.250625 6.2775 6.218125 6.21375 6.083125 5.725 6.1 6.2375 6.18875 6.2225 6.077499 6.13625 6.188126 6.296875 6.335625 6.47125 6.540625 6.535625 6.259375
5.025625 5.06625 5.19 5.461875 5.466875 5.48125 5.504375 5.52 5.47125 5.555 5.57375 5.548124 5.479375 5.405624 5.484375 5.574375 5.48125 5.541875 5.38875 5.313125 5.18 5.176875 5.24 5.1575 5.442501 5.699375 5.500625 5.31625 5.555 5.685625 5.601875 5.566875 5.713124 5.71875 5.927333 6.003846 5.962501 5.700001 5.81875 5.809375 5.82375 5.926875 6.023125 6.106875 6.146874 6.220625 6.258125 6.236875 6.153125 6.238124 6.24625 6.264375 6.286875 6.2825 6.231249 6.267499 6.32625 6.32375 6.2925 6.3175 6.36 6.4375 6.51 6.44125 6.295625 6.3625 6.4125 6.395625
5.044375 5.140625 5.303125 5.07375 4.99875 4.66375 4.946876 5.335625 5.334375 5.4025 5.41875 5.468125 5.5525 5.545 5.495 5.320625 5.249375 5.450625 5.220625 5.192499 5.2425 5.131875 5.051249 5.073125 5.511875 5.327499 5.115 5.313125 5.352499 5.32125 5.47625 5.628125 5.720625 5.944286 6.093333 5.95875 5.56625 5.500625 5.6875 5.825 5.941875 5.975625 5.97625 6.11125 6.130625 6.1875 6.238125 6.235 6.215 6.246875 6.265625 6.246876 6.245 6.205625 6.215 6.18875 6.111249 6.118125 6.2125 6.36375 6.1925 6.159999 6.431875 6.24625 5.976875 5.99 6.1225 6.183749
4.88125 5.0125 5.216875 4.889375 4.33875 3.70375 4.5825 5.09875 5.105625 4.770625 4.97875 5.2625 5.180624 5.066875 5.2175 5.02875 5.18375 5.258124 5.074374 5.0525 5.140625 5.145 5.071249 5.091875 5.4475 5.134375 5.00125 5.0825 5.051875 5.300625 5.356875 5.607499 5.820001 5.987272 5.968667 5.716875 5.392499 5.440625 5.4425 5.650625 5.93125 6.018125 6.120625 6.155 6.1725 6.178749 6.199375 6.198125 6.21125 6.1875 6.156875 6.00125 6.078751 5.942499 5.948125 5.98875 5.966249 6.070625 6.1625 6.27625 6.0875 6.165625 6.3675 6.01 5.88375 5.900625 5.951875 6.118124
4.975 5.10375 4.991876 4.813125 4.314375 3.888125 4.565 4.864375 4.56625 3.94875 4.373125 4.708125 4.21125 4.5925 4.989375 4.99625 4.931875 4.93375 4.959375 5.0225 5.030625 5.055625 4.904376 4.98625 5.252501 5.338125 4.950625 5.039375 5.201875 5.586876 5.77 5.865333 5.905455 5.842 5.504375 5.243125 5.175 5.405 5.7 5.843125 6.01 6.03 6.045 6.035625 6.034375 6.036875 6.119375 6.02125 6.06 5.920626 5.88125 5.931251 5.967499 5.905 5.944375 6.00375 6.05 6.10875 6.175625 6.099376 5.900625 6.061875 6.331876 6.022501 5.941875 5.934374 5.986249 5.924375
5.01375 5.008749 4.93625 4.846875 4.398125 4.019375 4.30125 4.166875 4.14125 3.4225 3.004375 3.36 3.962 4.563125 4.75375 4.713125 4.533125 4.72 4.875625 4.953125 4.929375 5.039375 4.83625 4.850625 5.099375 5.366251 5.0875 5.015 5.203125 5.50375 5.806666 5.912308 5.769375 5.455626 5.13125 5.004375 5.26 5.415625 5.899374 5.960625 5.88125 5.56375 5.3975 5.436875 5.435626 5.3725 5.846875 5.660625 5.7825 5.901875 5.889375 6.020625 5.988124 5.980626 5.903749 5.9725 6.0575 5.960625 6.073124 5.991251 5.873125 6.038125 6.260625 5.900625 5.76375 5.733125 5.901875 5.900625
4.830625 4.906875 4.72125 4.535625 4.204375 3.60625 3.69625 3.3 3.40375 2.87125 2.77625 2.864375 3.320625 3.900625 3.909374 4.07125 3.543125 4.111875 4.603125 4.72875 4.78625 4.810625 4.69125 4.83875 5.241251 5.0025 4.862499 5.000625 5.4 5.635 5.842666 5.711875 5.339375 5.161875 5.00625 5.026875 5.441875 5.771875 5.86125 5.728126 5.525001 4.574375 3.62375 3.713125 3.973125 4.54625 5.26 5.459375 5.79375 5.97375 6.009375 6.02625 5.900625 5.8625 5.948125 5.98125 6.044375 6.04125 5.958125 5.940624 6.068124 6.194375 6.154375 5.903124 5.698125 5.7025 5.76 5.706875
4.76 4.825 4.610625 4.146875 3.738125 3.714375 3.464375 3.29875 3.09375 2.995 3.08625 3.015 3.19375 3.418125 3.365625 3.41625 3.45875 3.793125 4.11875 4.30125 4.614375 4.653749 4.799286 5.157334 5.06875 4.841249 4.73125 5.106875 5.465625 5.763334 5.833333 5.585626 5.125 5.092501 5.1875 5.336875 5.623124 5.820625 5.804375 5.464999 5.11625 4.3 3.04125 3.270625 3.310625 3.639375 4.480626 5.248125 5.780625 5.915 5.739375 5.87625 5.970624 5.969375 5.965626 5.953125 5.97375 5.978125 5.84875 5.82625 6.07125 6.101876 5.968126 5.949375 5.771874 5.595 5.54625 5.525625
4.645 4.61625 4.531875 4.284375 3.945 3.645625 3.475625 3.223125 3.195 3.441249 3.38125 3.36625 3.53625 3.69875 3.67375 3.46 3.623125 4.005 4.425 4.7225 4.940625 4.92625 5.084546 5.101818 5.004375 4.85875 4.90625 5.26875 5.632499 5.77 5.688125 5.304375 5.250625 5.365625 5.461251 5.5525 5.581875 5.589375 5.621875 5.524375 5.14375 4.468125 3.495625 3.613125 3.686875 3.636875 4.47125 5.445 5.796875 5.685 5.59 5.67375 5.868125 5.784375 5.835625 5.821251 5.831875 5.805625 5.928124 5.96125 6.0475 6.103751 6.071875 6.01875 5.724375 5.605 5.586875 5.525625
4.545 4.144375 4.2925 4.278125 3.818125 3.689375 3.50375 3.274375 3.3575 3.666875 3.8025 3.793125 3.923125 4.04375 3.880625 3.81375 4.0975 4.11 4.47625 4.7275 4.805 4.964375 5.056923 5.025625 4.785625 4.590625 4.72 5.026249 5.563125 5.665 5.419374 5.413125 5.00875 4.60375 4.449375 4.253125 4.305 4.21 4.781875 4.86375 4.334374 3.59 3.47125 3.921875 4.175625 4.2375 4.499375 5.430625 5.299375 4.990625 5.431875 5.443125 5.65375 5.500626 5.664375 5.685625 5.623125 5.641874 5.77 5.65625 5.676875 5.894374 5.884375 5.718125 5.986249 5.955626 5.799375 5.51875
4.29125 4.0575 4.313125 4.139375 3.855 3.495 3.406875 3.5325 3.7125 3.83125 3.94 4.219375 4.196875 4.307499 4.323125 4.306875 4.436875 4.465625 4.264375 4.285625 4.28625 4.6475 4.879375 4.69625 4.42875 4.38875 4.77625 5.135625 5.623333 5.475555 4.8775 4.96625 4.819375 4.696249 4.075 4.049376 4.039375 3.97375 4.16875 3.893125 3.93125 4.18625 4.16375 4.535 4.96875 5.395625 5.375 5.46875 5.53 5.265625 5.223125 4.775625 5.21125 5.27625 5.139375 5.21125 5.41375 5.489376 5.488125 5.4875 5.588125 5.688125 5.5675 5.50875 5.75125 5.912501 5.879375 5.68375
4.32125 4.270625 4.216249 3.839375 3.6725 3.5575 3.59125 3.91923 3.925625 3.9375 4.0425 3.7875 3.65625 3.99125 4.34625 4.173125 3.905625 3.791875 3.78375 3.8475 4.101875 4.5625 4.681251 4.489375 4.269375 4.615 5.01125 5.243751 5.605 5.46 4.597499 4.404375 4.565625 4.68125 4.595625 4.494375 4.714375 4.86125 4.73125 4.8375 5.15 5.33 5.385625 5.4375 5.5575 5.671875 5.73375 5.759375 5.74 5.68625 5.4425 5.11375 4.8675 4.645 4.251875 4.3775 4.664375 4.656875 4.686875 4.858125 4.905625 5.0825 5.009376 5.038125 5.311875 5.681875 5.561875 5.65625
4.41875 4.270625 3.993751 3.7975 3.654375 3.747499 3.921428 3.975 3.836364 3.709375 3.6875 3.86625 3.940625 3.9975 4.113125 4.034375 3.849375 3.835625 3.955625 4.095625 4.544375 4.619375 4.325625 4.283125 4.66625 5.03875 5.25625 5.447334 5.6 5.335715 4.540625 4.21625 4.36125 4.31375 4.38125 4.63 4.72 4.340625 4.821875 5.245625 5.35 5.6 5.537499 5.620625 5.735625 5.730625 5.706874 5.735625 5.740625 5.722499 5.638124 5.538126 5.40375 5.064375 4.751875 4.86125 4.819375 4.489375 4.924375 4.971875 4.831875 4.75 4.510625 4.586875 4.9675 5.525625 5.377501 5.563125
4.403125 4.249375 4.043125 3.6575 3.84375 3.94 3.945 3.778 3.436875 3.538125 3.800625 3.874375 3.92625 3.9675 4.025 4.0225 4.15 4.18625 4.30375 4.43 4.178751 4.1225 4.20125 4.371251 4.6675 5.013125 5.27125 5.481874 5.4925 5.368125 5.188749 4.888125 4.353125 4.249375 4.3325 4.40625 4.379375 4.350625 4.455625 5.181875 5.401875 4.9675 4.791251 4.944375 5.465 5.559375 5.445625 5.666876 5.671875 5.646876 5.644375 5.595625 5.54125 5.495625 5.340625 5.450625 5.450625 5.355625 5.423126 5.52375 5.395 5.479374 5.434375 5.405 5.441875 5.470625 5.026249 5.328125
4.304375 4.043125 3.80375 3.815 4.01125 3.940625 3.791875 3.575 3.5475 3.715625 3.791875 3.869375 3.948125 4.04375 4.10375 4.131875 4.06875 3.98875 3.976875 4.196875 4.015 4.131875 4.28125 4.17875 4.635624 4.985625 5.2075 5.388126 5.588 5.501334 5.3825 5.121875 4.700624 4.308125 4.24 4.2175 4.198124 4.67625 5.235 5.365625 4.803124 4.710625 4.8125 4.6475 4.72125 4.905625 5.314375 5.55375 5.52 5.515625 5.51125 5.53375 5.486875 5.518125 5.444375 5.385 5.285625 5.2025 5.1225 5.065 5.0475 5.07375 5.10125 5.07875 5.105625 5.19375 5.1675 5.233125
3.996875 3.62625 3.64125 3.99625 3.99625 3.7475 3.623125 3.665 3.705625 3.758125 3.80625 3.92625 3.97 3.949375 3.9825 3.99375 3.953125 3.93 3.99125 4.05625 4.05875 4.108125 4.12875 3.994375 4.1225 4.729375 5.089375 5.315 5.473333 5.441875 5.2275 4.919374 4.27 4.209374 4.3 4.435625 4.661875 5.040625 5.401874 5.43125 4.9475 4.674375 4.87625 5.083749 5.056875 4.863125 4.87875 5.045625 5.165626 5.300625 5.23 5.358124 5.384376 5.353125 5.30375 5.156875 4.986875 4.988126 4.99 4.95625 5.075625 4.96875 5.0725 5.10125 5.09875 5.13875 5.174375 5.098125
3.85125 3.60375 3.92625 3.99875 3.903125 3.726875 3.686875 3.723125 3.753125 3.819375 3.871875 3.915001 3.84875 3.745 3.825625 3.78875 3.845 3.9175 3.944375 3.926875 3.96375 4.021875 4.05 4.253125 3.96875 4.461875 4.768125 5.036875 5.375834 5.26625 5.12125 4.775 4.176875 4.175 4.285 4.7725 5.05 5.20375 5.435 5.35 5.1075 5.11625 5.093126 5.141875 4.935 5.12 5.261876 5.236875 5.17875 5.06 4.8825 5.003125 5.244375 5.126875 5.16375 5.226249 5.19375 5.15125 5.120625 5.081875 5.11375 5.105 5.13125 5.12375 5.093124 5.049375 5.006249 4.871875
3.615 3.916875 4.01625 3.718125 3.780625 3.624375 3.546875 3.563125 3.623125 3.76 3.781875 3.686875 3.626875 3.605625 3.584375 3.595625 3.635625 3.851875 4.061875 3.914375 3.916875 4.394375 4.911875 4.93125 4.199375 4.394375 4.6275 5.081429 5.332858 4.895625 4.62125 4.160625 4.03125 4.13375 4.37375 4.320625 4.41625 4.85375 5.33375 5.039375 4.749375 4.765 4.836875 4.72375 4.850625 5.043125 5.119375 5.11375 5.044375 4.928125 4.86625 4.921875 5.13875 4.964375 5.091249 5.138125 5.101875 5.000626 5.003125 4.958125 4.943125 5.064375 5.048125 5.0075 4.925 4.893125 4.76 4.661875
3.725 4.098125 4.06 3.901875 3.755 3.5225 3.331875 3.401875 3.61 3.66875 3.668125 3.531875 3.73 3.664375 3.733125 3.650625 3.74375 3.91625 4.15 4.399375 4.114375 4.31 4.805625 4.758125 5.038126 5.12375 5.145 5.002857 5.285 4.816875 4.69375 4.27875 4.0525 4.038125 4.0625 4.04875 4.404375 4.953125 5.26625 5.004375 4.568125 4.4125 4.54875 4.2975 4.60375 4.714375 4.875 4.911875 4.838125 4.816875 4.979375 5.051875 4.96 4.85 4.99125 5.03 4.905625 4.651875 4.818125 4.820001 4.89125 4.975625 4.9375 4.882501 4.7525 4.75375 4.699375 4.716875
4.358125 3.8525 3.953125 3.83125 3.716875 3.418125 3.325625 3.48375 3.601875 3.725 3.825 3.8775 4.0025 3.981875 4.109375 4.09375 4.290625 4.305625 4.224999 4.636875 4.815 4.688751 4.66125 4.151875 5.0125 5.116875 4.63625 4.614375 5.275625 5.2925 5.140625 4.876875 4.465625 4.0375 3.958125 3.924375 4.27 4.74125 5.166874 5.01125 4.934375 4.588751 4.32375 4.0275 4.07 4.099375 4.315 4.3725 4.538125 4.61 4.596875 4.669375 4.711249 4.81875 4.8925 4.852499 4.82625 4.693125 4.721875 4.869375 4.898125 4.87125 4.747499 4.66625 4.585 4.754375 4.806251 4.798125
4.139375 3.431875 3.614375 3.655625 3.60375 3.490625 3.435 3.583125 3.724375 3.735 3.826875 3.635625 3.4575 3.309375 3.7825 3.759375 4.095 3.69875 3.579375 4.056875 4.0425 4.095 4.4875 4.661875 5.053749 4.785625 4.4925 4.56125 5.039375 5.3375 5.28 4.99125 4.556875 4.008125 3.85125 3.800625 3.9 4.254375 5.00375 4.675625 4.7525 4.36625 3.996875 3.554375 3.200625 3.253125 3.5675 3.7875 3.965625 3.943125 4.056875 4.216876 4.41375 4.610625 4.658751 4.63875 4.742499 4.7775 4.783751 4.820001 4.815625 4.80375 4.703125 4.610625 4.573125 4.740625 4.744375 4.729375
4.06125 3.3475 3.284375 3.286875 3.30125 3.4725 3.51375 3.615 3.386875 3.464375 3.5675 3.015 3.06625 3.223125 3.226875 3.900625 3.745 3.4125 3.316875 3.571875 3.945625 4.049375 4.373125 4.7975 4.900625 4.666875 4.78875 4.905625 5.14625 5.286875 5.214375 5.0425 4.564374 4.140625 3.893125 3.840625 4.036875 4.916875 4.45625 4.016875 4.27875 3.933125 3.361875 2.765625 2.18375 2.324375 2.60875 2.803125 2.93375 3.01125 3.294375 3.554375 3.845 4.21 4.353125 4.474375 4.60125 4.700625 4.716875 4.7225 4.7175 4.71 4.703125 4.67625 4.668125 4.678125 4.56625 4.565
3.475625 3.145625 3.045 3.11 3.25625 3.43 3.34375 3.325 3.18375 3.3625 3.49875 2.881875 2.87625 3.25625 3.641875 3.735 3.653125 3.238125 3.306875 3.66375 3.43125 3.48375 4.229375 4.875625 4.2825 4.383125 4.511875 4.81 5.11 5.21875 4.904375 4.966875 4.625626 4.054375 3.82125 3.868125 4.008125 4.7475 4.7225 4.333125 4.01 3.66375 3.090625 2.51625 1.870625 1.8975 1.8475 1.975 2.02625 2.183125 2.51125 2.833125 3.186875 3.5825 3.9425 4.2425 4.2375 4.385625 4.585001 4.5975 4.588125 4.585625 4.595625 4.595 4.58375 4.575 4.55 4.5525
2.930625 3.161875 3.096875 3.109375 3.179375 3.333125 3.171875 3.1175 2.96125 3.11875 3.38625 3 3.0225 3.3375 3.483125 3.32625 3.1075 3.161875 3.238125 3.360625 3.351875 3.655 3.870625 4.528125 4.344376 3.755 4.12 4.624375 5.0425 4.945 4.793125 4.460625 4.16125 4.12 3.764375 3.641875 3.70625 4.27625 4.8075 4.090624 3.840625 3.7525 3.41625 2.954375 2.725 2.41 1.931875 1.9975 1.999375 1.9775 2.059375 2.253125 2.473125 2.825 3.304375 3.466875 3.72125 4.038125 4.291874 4.4225 4.394375 4.339375 4.453125 4.491875 4.475 4.4725 4.47625 4.441875
3.575625 3.345625 3.084375 3.1075 3.08625 3.16125 3.04 2.899375 2.868125 2.9875 3.234375 3.279375 3.230625 3.145 3.101875 3.016875 2.841876 2.84 3.05625 2.99875 3.2775 3.85 4.36625 4.301875 3.744375 3.37125 4.121875 4.674375 5.066875 5.1225 4.871875 4.41875 3.78625 3.525 3.49625 3.459375 3.575625 3.70875 4.677 4.565 4.315 3.973125 3.683125 3.621875 3.289375 2.54 2.025 2.056875 2.0675 2.04125 2.08625 2.09125 1.940625 2.123125 2.55625 2.668125 3.080625 3.703125 3.964375 4.109375 4.08125 4.005625 4.173125 4.330625 4.340625 4.345625 4.34875 4.24125
3.596874 2.95 2.875 2.874375 2.95 2.930625 2.829375 2.6425 2.925625 3.105625 3.101875 3.166 3.080625 2.756875 2.808667 2.783125 2.868125 3.14625 3.31875 3.285 3.528125 4.124375 3.614375 3.42 3.3025 3.60875 4.194375 4.74375 4.645 4.92125 4.739375 4.219375 3.776875 3.394375 3.348125 3.394375 3.454375 3.716249 4.635385 4.392307 4.261334 3.62875 3.748125 3.985625 3.25375 2.44375 1.96125 2.0775 2.1625 2.15375 2.189375 2.2025 2.135625 1.9975 1.86125 1.945 2.271875 2.926875 3.40125 3.4275 3.30625 3.395625 3.754999 4.113125 4.17875 4.19875 4.105625 3.98
