Code_and_data/Tas_Plant_GDM_Files/ASCII grids/mintempjuly_2010_1km.asc
ncols         470
nrows         479
xllcorner     143.8
yllcorner     -43.7425
cellsize      0.01
NODATA_value  -9999
[rows 300 to 329 of 479, columns 272 to 339 of 470]
-1.608182 -1.59125 -1.522857 -1.600625 -1.7 -1.7025 -1.76625 -1.7375 -1.61375 -1.589375 -1.524375 -1.525 -1.525625 -1.564375 -1.61625 -1.671333 -1.68 -9999 -9999 -9999 -9999 -9999 -9999 -1.65 -1.64 -1.638572 -1.63 -1.674286 -1.8375 -2.020625 -2.073125 -2.015 -1.903125 -1.78875 -1.53875 -1.455 -1.52875 -1.43125 -1.342 -1.332 -1.353333 -9999 -9999 -9999 -9999 -1.28 -1.308125 -1.345 -1.168125 -0.8637499 -0.624375 -0.353125 -0.248125 -0.22625 -0.2112501 -0.305 -0.275625 -0.1625 0.046875 -0.023125 -0.15625 -0.261875 -0.180625 -0.25 -0.485625 -0.98875 -1.15875 -0.515
-1.656667 -1.575 -1.64125 -1.6125 -1.56 -1.570625 -1.614375 -1.62625 -1.691875 -1.681875 -1.5025 -1.528125 -1.6125 -1.595 -1.65125 -1.774375 -1.706667 -1.67 -1.6675 -9999 -9999 -9999 -9999 -1.64 -1.672727 -1.65375 -1.632857 -1.6575 -1.81625 -1.915625 -1.963125 -1.988125 -1.88625 -1.616875 -1.471875 -1.372727 -1.442308 -1.374667 -1.336667 -1.343333 -1.335 -9999 -9999 -9999 -9999 -1.319167 -1.44 -1.53375 -1.2675 -0.81375 -0.410625 -0.256875 -0.16875 -0.1175 -0.09500001 -0.1125 -0.12125 -0.0475 -0.020625 -0.184375 -0.52875 -0.904375 -0.370625 -0.25125 -0.663125 -1.155625 -1.334375 -0.9118749
-1.718125 -1.609375 -1.835625 -1.7975 -1.76125 -1.76 -1.870625 -1.68375 -1.618125 -1.7025 -1.5425 -1.495 -1.649375 -1.63875 -1.744375 -1.79375 -1.73 -9999 -9999 -9999 -1.6575 -1.636667 -1.645 -1.635833 -1.619375 -1.639375 -1.65 -1.661333 -1.809375 -1.880625 -1.7875 -1.750625 -1.658125 -1.535625 -1.386667 -1.345 -1.33 -1.33 -9999 -1.331667 -1.327778 -9999 -9999 -9999 -9999 -1.353636 -1.585 -1.675 -1.25 -0.76875 -0.409375 -0.240625 -0.159375 -0.154375 -0.1725 -0.498125 -0.618125 -0.31125 -0.18625 -0.445625 -0.9175001 -0.79375 -0.53 -0.818125 -0.99375 -1.19 -1.3025 -1.2325
-1.746875 -1.7525 -1.83125 -1.785 -1.835625 -1.80125 -1.801875 -1.6425 -1.547692 -1.599375 -1.55 -1.505625 -1.46375 -1.608125 -1.77875 -1.79 -1.708 -1.726 -1.69 -1.67 -1.649375 -1.585714 -1.586 -1.598 -1.630625 -1.659375 -1.684375 -1.6925 -1.76375 -1.85875 -1.76875 -1.775 -1.651875 -1.46375 -1.373333 -9999 -9999 -9999 -9999 -9999 -1.32 -1.31 -1.303333 -9999 -1.28 -1.313077 -1.48625 -1.598125 -1.286875 -0.7968749 -0.430625 -0.25875 -0.18875 -0.170625 -0.22375 -0.5925 -0.8562501 -0.62875 -0.545 -0.740625 -0.9299999 -0.614375 -0.9287499 -1.165 -1.14625 -1.17875 -1.26875 -1.33875
-1.59125 -1.66875 -1.665 -1.575625 -1.70125 -1.65625 -1.645 -1.516667 -1.48 -1.519286 -1.578125 -1.583125 -1.56 -1.705625 -1.690625 -1.780625 -1.796875 -1.80875 -1.68625 -1.66125 -1.630625 -1.573333 -1.612857 -1.628125 -1.6475 -1.69625 -1.7075 -1.704375 -1.64 -1.715625 -1.5425 -1.443125 -1.40375 -1.399375 -1.44 -1.425 -1.355 -9999 -9999 -9999 -1.28 -1.3525 -1.3 -9999 -1.293 -1.2425 -1.273125 -1.3375 -1.34 -0.96 -0.4593749 -0.268125 -0.220625 -0.22 -0.25 -0.59125 -0.92875 -0.87625 -0.8618751 -0.895625 -0.8174999 -0.8406249 -0.7837499 -0.9968749 -1.16375 -1.241875 -1.170625 -1.249375
-1.305 -1.378125 -1.453125 -1.45375 -1.3825 -1.464375 -1.524 -1.501429 -1.508333 -1.490625 -1.476875 -1.36875 -1.535 -1.735 -1.635 -1.728125 -1.809375 -1.7925 -1.715625 -1.80375 -1.791875 -1.603846 -1.749375 -1.823125 -1.733125 -1.809375 -1.6925 -1.51125 -1.466875 -1.480625 -1.3775 -1.280625 -1.3825 -1.4425 -1.51625 -1.424375 -1.373333 -9999 -9999 -9999 -1.33 -9999 -9999 -1.30375 -1.296875 -1.231875 -1.153125 -1.06125 -1.081875 -0.945625 -0.550625 -0.340625 -0.3 -0.27375 -0.235625 -0.555625 -0.9075 -0.8575 -0.785 -0.824375 -1.04375 -1.01 -0.829375 -1.041875 -1.171875 -1.31 -1.14875 -1.17375
-1.11125 -1.164375 -1.236875 -1.213125 -1.339375 -1.431875 -1.471875 -1.546875 -1.584375 -1.574375 -1.581875 -1.4625 -1.239375 -1.49 -1.51875 -1.6375 -1.78875 -1.71375 -1.65375 -1.804375 -1.83625 -1.601875 -1.725 -1.904375 -1.641875 -1.7075 -1.621875 -1.4925 -1.401875 -1.3325 -1.291875 -1.2525 -1.36375 -1.378125 -1.360625 -1.488125 -1.461875 -9999 -9999 -9999 -9999 -9999 -1.32 -1.365333 -1.36125 -1.27375 -1.2475 -1.239375 -1.0025 -0.773125 -0.576875 -0.461875 -0.42125 -0.2975 -0.258125 -0.31625 -0.546875 -0.744375 -0.7912501 -0.93875 -1.125 -0.968125 -0.91 -1.079375 -1.13375 -1.311875 -1.12125 -1.243125
-0.9631249 -1.061875 -1.0475 -1.084375 -1.401875 -1.600625 -1.636875 -1.6175 -1.67125 -1.624375 -1.56375 -1.538125 -1.375 -1.15125 -1.27875 -1.365625 -1.545 -1.49375 -1.505 -1.66 -1.73125 -1.605625 -1.531875 -1.695625 -1.50125 -1.453125 -1.43875 -1.436875 -1.284375 -1.270625 -1.239375 -1.21375 -1.274375 -1.32375 -1.2575 -1.4075 -1.4575 -1.365 -1.341667 -1.336364 -1.3725 -1.392 -1.52625 -1.649375 -1.5 -1.413125 -1.384375 -1.40625 -1.2375 -1.005 -0.6506251 -0.52 -0.469375 -0.42875 -0.344375 -0.326875 -0.5831251 -0.8718749 -0.965 -0.9956249 -1.0425 -0.934375 -0.925625 -0.9324999 -1.12 -1.276875 -1.084375 -1.23625
-0.83625 -0.91375 -0.935625 -1.06875 -1.324375 -1.558125 -1.67875 -1.705 -1.690625 -1.639375 -1.646875 -1.724375 -1.5625 -1.26125 -1.089375 -1.050625 -1.264375 -1.261875 -1.40375 -1.574375 -1.62125 -1.53 -1.44375 -1.57125 -1.37 -1.24375 -1.2375 -1.22125 -1.208125 -1.220625 -1.219375 -1.185625 -1.20875 -1.22 -1.2425 -1.26625 -1.490625 -1.41625 -1.404375 -1.3625 -1.29375 -1.47625 -1.49875 -1.610625 -1.548125 -1.450625 -1.471875 -1.528125 -1.335625 -1.095625 -0.896875 -0.8218749 -0.653125 -0.68 -0.445625 -0.54125 -0.7818751 -0.95375 -0.908125 -0.9456251 -0.95875 -0.94625 -0.911875 -0.904375 -1.085625 -1.214375 -1.07 -1.151875
-0.725625 -0.7806249 -0.9349999 -1.081875 -1.343125 -1.674375 -1.773125 -1.75625 -1.708125 -1.699375 -1.724375 -1.67375 -1.62375 -1.5325 -1.359375 -1.125 -1.000625 -1.125625 -1.2575 -1.519375 -1.523125 -1.5 -1.3475 -1.279375 -1.24 -1.2 -1.183125 -1.175625 -1.17 -1.19375 -1.213125 -1.18 -1.141875 -1.1625 -1.154375 -1.206875 -1.394375 -1.46625 -1.44 -1.3025 -1.2175 -1.1375 -1.269375 -1.54625 -1.521875 -1.4025 -1.40125 -1.539375 -1.393125 -1.28375 -1.301875 -1.13625 -0.870625 -0.686875 -0.591875 -0.6075 -0.758125 -0.894375 -0.8275 -0.8412501 -0.86875 -0.875 -0.8981249 -1.0475 -1.235 -1.22375 -1.175 -0.991875
-0.680625 -0.7106249 -0.975625 -1.185 -1.31 -1.6475 -1.76375 -1.76375 -1.741875 -1.75 -1.8125 -1.748125 -1.57625 -1.6875 -1.60875 -1.301875 -1.104375 -0.9593749 -1.249375 -1.4375 -1.381875 -1.36625 -1.309375 -1.28 -1.24125 -1.17625 -1.154375 -1.15125 -1.146923 -1.16375 -1.16 -1.14625 -1.106875 -1.10625 -1.154375 -1.24375 -1.364375 -1.365625 -1.401875 -1.308125 -1.41125 -1.0475 -1.0175 -1.1775 -1.18625 -1.0875 -1.069375 -1.051875 -0.9164286 -0.876 -1.293125 -1.038125 -0.721875 -0.68625 -0.8587499 -0.755625 -0.7218751 -0.799375 -0.9556249 -0.9612501 -0.84125 -0.8231251 -0.8356251 -1.0175 -1.100625 -1.229375 -1.135625 -0.9168749
-0.646875 -0.63125 -0.935625 -1.265625 -1.463125 -1.621875 -1.708125 -1.73 -1.74625 -1.754375 -1.790625 -1.76875 -1.625 -1.44 -1.47625 -1.284375 -1.155 -1.045625 -0.9662501 -1.095 -1.196875 -1.2925 -1.22625 -1.220625 -1.23625 -1.178125 -1.138125 -1.12875 -1.120625 -1.12375 -1.135714 -1.104375 -1.085 -1.06375 -1.09375 -1.150625 -1.189375 -1.253125 -1.234375 -1.1275 -1.111875 -1.01375 -0.9225 -0.849375 -0.82625 -0.79 -0.78125 -0.7 -9999 -0.7450001 -1.005625 -0.9550001 -0.704375 -0.94625 -1.069375 -0.895 -0.845625 -0.95625 -1.078125 -0.985625 -0.809091 -0.795 -0.795 -0.8192858 -0.821875 -0.915625 -0.8668751 -0.824375
-0.645625 -0.554375 -0.7368751 -0.9937501 -1.37 -1.624375 -1.68 -1.66375 -1.624375 -1.6475 -1.686875 -1.659375 -1.73 -1.595625 -1.404375 -1.225625 -1.07 -1.040625 -1.234375 -1.068125 -0.86625 -1.119375 -1.124375 -1.168125 -1.218125 -1.1775 -1.148125 -1.1125 -1.105 -1.0975 -1.095 -1.085 -1.066875 -1.054375 -1.07375 -1.09 -1.09125 -1.088125 -1.1 -1.05625 -0.9775 -0.9387501 -0.92375 -0.875625 -0.986875 -0.8926667 -0.79 -9999 -9999 -9999 -0.6928572 -0.75375 -0.7756251 -1.0825 -1.09125 -0.936875 -0.9006249 -1.013125 -1.03375 -0.8646666 -0.8033333 -9999 -9999 -0.78 -0.7625 -0.75 -9999 -0.7325
-0.595625 -0.48625 -0.836875 -1.07875 -1.25875 -1.49375 -1.63625 -1.68125 -1.5125 -1.4175 -1.476875 -1.4525 -1.51875 -1.648125 -1.49 -1.230625 -1.055625 -1.13375 -1.280625 -1.318125 -1.13375 -0.7825 -0.8293751 -1.20125 -1.2325 -1.19 -1.179375 -1.128125 -1.111875 -1.104167 -1.101333 -1.073125 -1.05875 -1.041875 -1.065625 -1.119375 -1.21125 -1.18 -1.05375 -0.8915384 -0.845 -9999 -9999 -0.872857 -1.179375 -1.281875 -0.8233334 -0.69 -9999 -9999 -0.7533333 -1.03875 -1.091875 -1.185625 -1.12 -1.024375 -0.9837499 -1.09125 -1.011875 -0.8125001 -9999 -9999 -9999 -0.78 -9999 -9999 -9999 -9999
-0.63 -0.53 -0.88625 -1.229375 -1.3525 -1.413125 -1.55875 -1.524375 -1.299375 -1.173125 -1.15 -1.07875 -1.281875 -1.491875 -1.2325 -1.090625 -1.055 -1.128125 -1.160625 -1.1575 -1.17875 -0.8487499 -0.743125 -1.125 -1.251667 -1.206429 -1.17875 -1.15875 -1.184375 -1.143125 -1.10625 -1.06625 -0.999375 -1.009375 -1.12125 -1.156875 -1.125625 -1.03625 -0.8714286 -0.83 -9999 -9999 -9999 -0.8733333 -1.1875 -1.158125 -0.7980001 -9999 -0.67 -0.7408333 -0.874375 -1.17625 -1.305625 -1.261875 -1.13875 -1.0375 -1.00875 -0.8993751 -0.84625 -0.795 -9999 -9999 -0.75 -0.764 -9999 -9999 -9999 -9999
-0.4425 -0.5425 -1.095625 -1.375 -1.424375 -1.4125 -1.485 -1.560625 -1.345 -1.12375 -1.004375 -0.9726668 -1.030909 -1.14 -1.265625 -1.135625 -1.11375 -1.113125 -1.07 -0.9675 -1.000625 -0.775 -0.6037499 -1.10375 -1.3125 -1.33875 -1.234375 -1.248125 -1.30375 -1.223125 -1.175 -1.08375 -0.9574999 -1.0175 -1.119375 -1.1525 -1.05 -0.964375 -0.8686666 -0.7966666 -0.7883332 -0.7575 -0.829 -0.954375 -0.9156249 -0.8068751 -0.80125 -0.7912501 -0.895 -1.13 -1.083125 -1.179375 -1.32 -1.399375 -1.2225 -1.07 -0.985 -0.85 -0.8 -0.7866667 -0.77 -9999 -0.7636364 -0.75 -9999 -9999 -9999 -0.7
-0.404375 -0.559375 -0.874375 -1.19 -1.32125 -1.3675 -1.314375 -1.383125 -1.319375 -1.220625 -1.005 -0.9672728 -9999 -1.026667 -1.198889 -1.048571 -1.181875 -1.0875 -0.914375 -0.8262501 -0.8306251 -0.68375 -0.593125 -0.881875 -1.183125 -1.3675 -1.3125 -1.34375 -1.361875 -1.281875 -1.290625 -1.040625 -0.9356251 -1.139375 -1.149375 -1.08625 -0.995625 -0.930625 -0.88625 -0.863125 -0.894375 -0.7912501 -0.784375 -0.860625 -0.7812499 -0.8356251 -1.010625 -1.035625 -1.02875 -1.168125 -1.225625 -1.295625 -1.335625 -1.36625 -1.28875 -1.121875 -1.08625 -0.95 -0.8381251 -0.7773333 -0.7653846 -0.7569231 -0.755 -9999 -9999 -9999 -9999 -0.69
-0.5225 -0.6183333 -0.724375 -0.893125 -1.186875 -1.374375 -1.21 -1.076875 -0.970625 -0.9972726 -0.9566667 -9999 -9999 -9999 -9999 -1.034 -1.163125 -1.13375 -0.9606251 -0.808125 -0.6956249 -0.48875 -0.369375 -0.6137499 -1.00875 -1.265 -1.28375 -1.34375 -1.330625 -1.186875 -1.183125 -0.87 -0.9881249 -1.108125 -1.053125 -0.916875 -0.90125 -1.019375 -1.05875 -0.9681251 -1.000625 -0.85375 -0.7106249 -0.723125 -0.7875 -0.84125 -0.9343749 -1.074375 -1.138125 -1.2175 -1.256875 -1.258125 -1.246875 -1.3125 -1.32625 -1.233125 -1.134375 -1.02125 -0.9343749 -0.78 -0.7581251 -0.7474999 -0.74 -0.72 -0.7166667 -9999 -9999 -0.6988889
-0.59 -0.61 -0.660625 -0.8 -1.15625 -1.338125 -1.19625 -0.960625 -0.9254546 -9999 -9999 -9999 -9999 -9999 -9999 -1.017 -1.109375 -1.10375 -0.945625 -0.860625 -0.713125 -0.51125 -0.3275 -0.6181251 -1.07375 -1.04125 -1.089375 -1.19875 -1.203125 -1.054375 -0.989375 -0.88375 -0.803125 -0.780625 -0.80875 -0.741875 -0.70125 -0.9399999 -1.074375 -0.8793749 -0.7299999 -0.696875 -0.73 -0.8043749 -0.7649999 -0.7825 -0.90125 -1.086875 -1.154375 -1.176875 -1.17625 -1.168125 -1.13 -1.12875 -1.203125 -1.20625 -1.041875 -0.908125 -0.835 -0.7787501 -0.779375 -0.7681251 -0.7361538 -0.7246155 -0.7207693 -9999 -0.6833333 -0.7043749
-0.6238462 -0.5920001 -0.600625 -0.9243751 -0.9493749 -0.9062501 -1.12125 -1 -0.91 -9999 -9999 -9999 -9999 -9999 -9999 -0.9873333 -1.06375 -1.045 -0.9925001 -0.855 -0.8393751 -0.7668749 -0.4075 -0.434375 -0.85625 -0.754375 -0.909375 -0.999375 -1.0025 -0.92875 -0.9631251 -0.7925001 -0.730625 -0.606875 -0.553125 -0.56125 -0.5568749 -0.6899999 -0.811875 -0.85875 -0.6668751 -0.7725 -0.8606249 -0.84625 -0.8575 -0.81125 -0.88125 -0.9599999 -1.0575 -1.116875 -1.08 -1.179375 -1.155625 -1.036875 -0.99 -1.04 -0.92375 -0.819375 -0.799375 -0.7674999 -0.7468749 -0.7474999 -0.7292308 -9999 -0.6983333 -0.6890909 -0.696923 -0.6918749
-0.628125 -0.578125 -0.5786667 -0.6956249 -0.605625 -0.6356251 -0.8824999 -1.18875 -1.095714 -1.014545 -1.02125 -0.915 -9999 -9999 -0.958 -0.9999999 -1.059375 -0.953125 -0.925 -0.8899999 -0.745 -0.764375 -0.51375 -0.30875 -0.288125 -0.463125 -0.76875 -0.77125 -0.7737499 -0.804375 -0.94125 -0.8949999 -0.655 -0.5875 -0.49625 -0.460625 -0.4674999 -0.59875 -0.626875 -0.6356251 -0.735 -0.93125 -0.9762501 -0.8875 -0.8825001 -0.865 -0.899375 -0.9625 -1.00375 -1.035 -0.9925 -1.0375 -1.1375 -1.055 -0.9112499 -0.841875 -0.8100001 -0.7512501 -0.7649999 -0.745 -0.719375 -0.715625 -0.7244445 -9999 -0.67 -0.69 -0.686 -0.67
-0.5412499 -0.527 -0.5314285 -0.4781249 -0.540625 -0.524375 -0.666875 -0.94375 -1.079375 -1.146875 -1.043846 -9999 -9999 -9999 -0.9611112 -1.023125 -1.0225 -0.990625 -0.851875 -0.821875 -0.7362499 -0.6725 -0.62625 -0.585 -0.62 -0.30125 -0.55875 -0.538125 -0.579375 -0.6999999 -0.83625 -0.9212499 -0.750625 -0.598125 -0.48625 -0.436875 -0.4225 -0.548125 -0.524375 -0.5475 -0.705 -0.8699999 -1.05125 -1.03625 -0.9775 -0.925 -0.909375 -0.9506249 -0.98125 -0.9768751 -0.88625 -0.8587499 -0.8375 -0.87 -0.814375 -0.761875 -0.7318749 -0.6743751 -0.6575 -0.6843749 -0.671875 -0.66375 -0.67625 -0.68 -9999 -9999 -9999 -0.6533334
-0.5475 -0.495 -0.5153333 -0.42875 -0.490625 -0.5899999 -0.75 -0.9274999 -1.000625 -1.010625 -0.9129999 -9999 -9999 -9999 -0.932 -0.95125 -0.94875 -0.9443749 -0.84125 -0.749375 -0.7643752 -0.7075 -0.6125 -0.6618751 -0.555625 -0.33125 -0.16625 -0.1825 -0.584375 -0.62875 -0.6618751 -0.696875 -0.7137499 -0.6475 -0.6025 -0.543125 -0.42625 -0.4575 -0.50125 -0.6693749 -0.76875 -0.7781249 -0.98375 -1.125625 -1.105 -1.03875 -0.936875 -1.0275 -1.160625 -1.189375 -1.011875 -0.8874999 -0.79125 -0.701875 -0.753125 -0.850625 -0.714375 -0.625 -0.586875 -0.6949999 -0.68875 -0.6706251 -0.6862499 -9999 -9999 -9999 -0.64 -0.6588889
-0.57125 -0.4785714 -0.475 -0.43 -0.5443751 -0.90125 -0.9868749 -0.9862499 -0.970625 -0.969375 -0.912 -9999 -9999 -0.93 -0.95 -0.88875 -0.9 -0.889375 -0.795625 -0.715625 -0.7737501 -0.7474999 -0.60125 -0.595 -0.54125 -0.43 -0.37 -0.27 -0.240625 -0.468125 -0.498125 -0.51375 -0.5518749 -0.586875 -0.615625 -0.578125 -0.379375 -0.383125 -0.543125 -0.64125 -0.57875 -0.50375 -0.638125 -0.825 -0.9025001 -0.8825 -0.9525 -1.02375 -1.049375 -1.10125 -1.02875 -0.9818751 -0.760625 -0.7443751 -0.834375 -0.86875 -0.719375 -0.59125 -0.55875 -0.6150001 -0.64625 -0.6875 -0.684375 -0.66 -9999 -9999 -0.66 -0.7006249
-0.5653332 -0.478 -0.476923 -0.45125 -0.475 -0.8668749 -0.99625 -0.894375 -0.8662501 -0.9368749 -0.9085714 -9999 -9999 -0.9175 -0.921875 -0.866875 -0.8575001 -0.8618751 -0.7793751 -0.6875 -0.7231249 -0.673125 -0.5706251 -0.535 -0.58375 -0.514375 -0.354375 -0.298125 -0.03375 -0.21625 -0.324375 -0.3825001 -0.411875 -0.4225 -0.429375 -0.5225 -0.38375 -0.330625 -0.421875 -0.33875 -0.36625 -0.375625 -0.413125 -0.46625 -0.531875 -0.788125 -0.998125 -0.965625 -0.9168749 -0.8531251 -0.8518749 -0.885 -0.6300001 -0.791875 -0.8918751 -0.899375 -0.6575 -0.549375 -0.59375 -0.61875 -0.655625 -0.765 -0.6899999 -0.6918182 -9999 -9999 -9999 -0.6491666
-0.6687499 -0.54625 -0.52375 -0.406875 -0.395 -0.7500001 -0.925625 -0.8 -0.815 -0.8225001 -0.8937499 -9999 -0.8750001 -0.9200001 -0.883125 -0.8218752 -0.83125 -0.8975 -0.7593749 -0.6675 -0.626875 -0.62875 -0.595625 -0.503125 -0.53875 -0.488125 -0.27 -0.26375 -0.06875 -0.19375 -0.3125 -0.35375 -0.3225 -0.3325 -0.449375 -0.5381249 -0.3856251 -0.23 -0.23625 -0.21375 -0.2425 -0.27625 -0.285 -0.305625 -0.37625 -0.575 -0.850625 -0.9024999 -0.8243752 -0.769375 -0.69875 -0.6668751 -0.545 -0.6125 -0.6325001 -0.604375 -0.505 -0.540625 -0.545625 -0.5725001 -0.6781249 -0.7774999 -0.773125 -0.874375 -0.7557142 -0.705 -0.7558334 -0.6887499
-0.6074999 -0.4775 -0.41125 -0.35 -0.345625 -0.486875 -0.613125 -0.72375 -0.6331251 -0.6068751 -0.691875 -0.77 -0.9207143 -0.968125 -0.868125 -0.79875 -0.84875 -0.9025 -0.694375 -0.56875 -0.541875 -0.560625 -0.510625 -0.499375 -0.440625 -0.468125 -0.300625 -0.03312501 -0.03125 0.019375 -0.26 -0.32625 -0.266875 -0.308125 -0.3906251 -0.378125 -0.29375 -0.274375 -0.19 -0.168125 -0.18625 -0.21625 -0.265625 -0.284375 -0.374375 -0.513125 -0.6675 -0.795 -0.84 -0.8656251 -0.7962499 -0.69125 -0.47 -0.42 -0.41 -0.43875 -0.523125 -0.6012501 -0.595 -0.70125 -0.634375 -0.709375 -0.81875 -1.0125 -0.88 -0.7425 -0.6487501 -0.463125
-0.3184615 -0.4924999 -0.471875 -0.445 -0.38625 -0.288 -0.3973333 -0.63875 -0.599375 -0.5131249 -0.565625 -0.70125 -1.02125 -0.9343749 -0.771875 -0.8043749 -0.8618751 -0.864375 -0.56625 -0.541875 -0.43375 -0.474375 -0.4943749 -0.4175 -0.375 -0.234375 -0.323125 -0.08375 0.1925 0.02375 -0.25875 -0.29375 -0.25875 -0.30875 -0.301875 -0.37375 -0.25375 -0.19875 -0.159375 -0.1675 -0.2225 -0.315625 -0.275625 -0.2725 -0.319375 -0.479375 -0.74 -0.6618751 -0.58625 -0.6537501 -0.726875 -0.590625 -0.35 -0.4437501 -0.47625 -0.528125 -0.524375 -0.5525001 -0.576875 -0.66625 -0.7543751 -0.9531249 -1.24625 -1.204375 -0.8737501 -0.659375 -0.37625 -0.27125
-0.3758334 -0.39625 -0.454375 -0.4368749 -0.40125 -0.2876923 -0.3766667 -0.610625 -0.696875 -0.538125 -0.4675 -0.661875 -0.8925001 -0.790625 -0.686875 -0.626875 -0.66 -0.684375 -0.4725 -0.4756249 -0.40125 -0.2825 -0.365 -0.375 -0.35125 -0.155625 0.009374999 0.0475 0.116875 0.0825 -0.101875 -0.1625 -0.165625 -0.24 -0.285625 -0.35 -0.176875 -0.149375 -0.224375 -0.235625 -0.226875 -0.26 -0.301875 -0.278125 -0.2625 -0.385625 -0.6075 -0.675 -0.564375 -0.4225 -0.384375 -0.404375 -0.309375 -0.64125 -0.6775 -0.6075 -0.55375 -0.503125 -0.4743749 -0.5543751 -0.715 -1.01875 -1.101875 -0.8006251 -0.6875 -0.519375 -0.359375 -0.310625
-0.7499999 -0.656875 -0.461875 -0.41125 -0.2914286 -0.255 -0.3063636 -0.534375 -0.6175 -0.439375 -0.4725 -0.713125 -0.7068751 -0.6306251 -0.57875 -0.600625 -0.4875 -0.56125 -0.4625 -0.366875 -0.315625 -0.255 -0.171875 -0.21125 -0.386875 -0.344375 -0.165 0.06125 0.235 0.09312499 -0.09062499 -0.145625 -0.08125 -0.144375 -0.2375 -0.19375 -0.118125 -0.17 -0.236875 -0.175625 -0.12875 -0.13125 -0.18125 -0.184375 -0.145 -0.249375 -0.34375 -0.49125 -0.49375 -0.496875 -0.286875 -0.1925 -0.3843751 -0.5368749 -0.59875 -0.549375 -0.5074999 -0.403125 -0.43875 -0.47375 -0.558125 -0.66 -0.634375 -0.5424999 -0.4924999 -0.340625 -0.403125 -0.445
