Code_and_data/Tas_Plant_GDM_Files/ASCII grids/mintempjuly_2100_1km.asc
ncols         470
nrows         479
xllcorner     143.8
yllcorner     -43.7425
cellsize      0.01
NODATA_value  -9999
[rows 390 to 419 of 479, columns 272 to 339 of 470]
4.853125 4.5325 4.36875 3.828125 3.769375 4.280624 4.684375 4.800625 4.918125 4.910625 4.745 4.15125 2.81875 2.749375 3.294375 3.854375 4.129375 3.6375 3.595625 3.475625 3.604375 3.644375 3.758125 3.768125 3.705 3.86875 4.1175 4.031875 3.956875 4.173125 4.317501 4.52625 4.764375 4.85875 4.87125 4.89 4.907499 4.90375 4.836875 4.91625 4.974375 4.949375 4.765 4.011875 3.889375 4.5575 4.830625 4.78 5.145625 5.265 5.31 5.31 5.350625 5.306875 4.864375 4.669375 5.11375 4.796875 4.8375 4.915 4.934375 4.205 4.264375 4.858125 5.245625 5.46875 5.48375 5.319375
4.8025 4.629375 3.86 3.878125 4.124375 4.38875 4.650625 4.795625 4.659375 4.82375 4.759375 4.148125 2.798125 2.80125 3.323125 3.85125 4.20125 4.08125 3.9125 3.631875 3.785 3.44375 3.575 3.91375 4.0975 4.188125 4.1425 4.340625 4.48625 4.388125 4.483125 4.718125 4.83625 4.865 4.8675 4.898126 4.91125 4.913125 4.86375 4.815 4.805625 4.743125 4.035625 3.553125 3.990625 4.555 4.78625 4.861875 4.861875 5.046875 5.27125 5.29 5.14625 5.05875 4.345625 4.125625 4.845624 4.60125 4.54875 4.75375 4.54125 3.96375 3.888125 4.29 4.835625 4.96625 4.82125 4.49625
4.602499 4.616874 3.974375 3.776875 4.383125 4.19625 4.6875 4.758125 4.468124 4.625625 4.788125 4.45625 3.49625 2.93875 3.443125 3.798125 4.07375 4.375625 4.291875 4.369375 4.359375 4.025001 3.833125 3.84625 3.91375 4.00625 4.26 4.37 4.455 4.6775 4.723125 4.79875 4.830625 4.865 4.891875 4.909375 4.91875 4.89125 4.678125 4.454375 4.273125 4.17125 3.596875 3.4475 3.9125 4.331875 4.159375 4.085625 3.95 4.21875 4.968125 5.303125 4.985625 4.511875 3.98625 3.9375 4.039999 3.338125 3.343125 4.235 4.3025 3.935625 3.148125 2.990625 4.01125 3.556875 3.46 3.53625
4.438125 4.451875 3.91375 3.895 3.984375 4.184375 4.245625 4.635625 4.561875 4.5075 4.7175 4.6025 3.924375 3.088125 3.470001 3.773125 4.046875 4.383125 4.4825 4.419375 4.711875 4.61375 4.415625 4.275 4.159375 4.03875 4.150625 4.12375 3.98 3.994375 4.45875 4.765625 4.820001 4.845 4.899376 4.920624 4.9175 4.90625 4.678751 4.316875 3.805 3.425 3.38875 3.475 3.893125 4.13 4.014375 3.91125 3.8675 4.316875 5.103125 5.268125 5.003126 4.5575 3.960625 3.544375 3.73125 3.489375 3.465625 3.67125 3.25125 3.58875 3.223125 3.26 4.159375 3.7975 3.695625 3.306875
4.7575 4.71125 4.469375 3.77125 3.766875 3.941875 4.4525 4.495625 4.375625 4.40125 4.33875 4.288125 4.124375 3.235 3.375625 3.91625 4.15125 4.455 4.681875 4.72625 4.826874 4.83125 4.7625 4.73 4.5175 4.183125 3.999375 4.00875 3.835 3.861875 4.024375 4.4175 4.7 4.788126 4.87875 4.926875 4.914375 4.889375 4.57375 4.280625 4.078125 3.925 3.9325 4.089375 4.351875 4.498125 4.27625 4.135625 3.9025 4.390625 5.071875 5.04125 4.77625 4.328125 4.3225 3.69625 3.851875 4.335001 3.945625 3.776875 4.219375 5.048749 4.675 4.890625 5.306875 4.249375 3.201875 2.64625
5.104375 5.10375 4.979375 4.040625 4.2475 4.25625 4.2875 4.415625 4.493125 4.336875 3.759375 3.239375 3.3825 2.935 3.45125 3.94625 4.254375 4.620625 4.77375 4.84625 4.838125 4.875625 4.898125 4.90125 4.815 4.490625 4.278125 4.238125 4.05625 4.215 4.13375 4.100625 4.110625 4.525 4.845 4.92375 4.820625 4.376875 4.39375 4.164375 4.12875 4.14625 4.298749 4.453125 4.836875 4.960625 4.50375 4.41625 4.24125 4.43 4.7425 4.640625 4.703125 4.791875 4.881875 4.44625 4.623125 4.565001 4.19125 4.331875 5.209375 5.564375 5.522501 5.610625 5.321875 4.384375 3.5575 2.833125
5.376874 5.394375 5.088125 4.94875 4.57125 4.32625 4.420625 4.561875 4.633124 4.208125 3.76 2.795625 2.481875 2.693125 3.015 3.5925 4.024375 4.483125 4.589375 4.685 4.569375 4.553125 4.73875 4.91 4.93375 4.84875 4.81 4.797501 4.424375 4.239375 4.53625 4.448125 4.455626 4.579375 4.846875 4.914375 4.865 4.3575 4.33875 4.350625 4.181875 4.12125 4.483125 5.045001 5.151875 5.138125 5.050625 4.736875 4.65 4.854375 5.148124 5.296875 5.2825 5.343124 5.438125 5.39375 5.1 4.294374 4.884376 5.17875 5.59125 5.77625 5.776875 5.51875 4.665625 4.1825 4.074375 3.906876
5.3375 5.410625 5.416875 5.3475 5.024375 4.773126 4.45375 4.685625 4.629375 4.086875 4.225 3.3125 2.64 2.688 3.281429 3.4275 3.56 3.82875 4.295 4.655625 4.63 4.439375 4.646875 4.868124 4.979375 4.9675 4.94375 4.90875 4.81375 4.813125 4.784375 4.915 4.8 4.664374 4.84875 4.693126 4.52625 4.453125 4.405625 4.375625 4.283125 4.1775 4.336875 5.08375 5.225626 5.224375 5.02 4.795 4.6975 4.796875 5.02 5.319375 5.480625 5.531875 5.523125 5.274375 4.786875 4.876875 5.394375 5.526875 5.700625 5.843125 5.77625 5.6 4.89 4.10375 4.66125 4.686875
5.3375 5.25125 5.360001 5.395625 5.42625 5.304375 4.966249 5.076875 4.77875 4.49 4.693125 4.206875 3.843125 2.644375 2.68625 2.942143 3.402667 4.064375 4.54875 4.69875 4.845625 4.85625 4.9075 4.953125 4.999375 5.020625 5.013124 4.995625 4.98125 4.979375 4.965626 4.964375 4.89625 4.429375 4.614375 4.3975 4.226875 4.229375 4.30625 4.359375 4.424375 4.486875 4.863125 5.18625 5.235 5.125 4.80875 4.651875 4.77625 4.91375 4.764375 5.089375 5.444375 5.55625 5.575625 5.470625 5.335624 5.48125 5.6175 5.65 5.83875 5.915625 5.8775 5.760624 5.423749 4.950625 4.475625 5.043751
5.45125 5.315625 5.42375 5.48 5.43625 5.440625 5.383125 5.249375 5.078125 4.933125 5.028125 4.756875 4.070625 3.030625 2.5225 3.1475 3.551333 4.185625 4.536875 4.70125 4.83875 4.93375 4.998125 5.006875 5.000625 5.00625 5.005 5.036875 5.066875 5.065001 5.034375 5.014375 5.00375 4.904375 4.591875 4.434375 4.27 4.42875 4.70375 4.75625 4.823125 4.751875 5.114375 5.223125 5.243125 5.00375 4.656875 4.8925 5.31875 5.28875 5.32125 5.37625 5.4875 5.534999 5.604374 5.668125 5.63875 5.67125 5.7475 5.813125 5.91 5.904375 5.880001 5.741251 5.32625 5.126875 5.060625 5.172499
5.556875 5.501875 5.453751 5.36375 5.37125 5.3025 5.363125 5.414375 5.370625 5.24875 5.09 4.64125 4.423125 3.858125 2.9075 2.899375 3.272667 3.93125 4.488125 4.775 4.935 4.987499 5.02125 5.05 5.066875 5.0425 5.006875 5.0125 5.031875 5.096875 5.136875 5.141875 5.07375 5.038751 4.983125 4.64125 4.395 4.2175 4.875625 5.09125 5.1225 5.123125 5.2075 5.249375 5.268125 5.238125 4.855625 5.038125 5.38625 5.43125 5.46625 5.4675 5.5075 5.52625 5.5825 5.675 5.75125 5.7675 5.835 5.90875 5.891875 5.863125 5.76625 5.4325 5.4625 5.563125 5.78125 5.746874
5.520625 5.358125 5.30375 5.305 5.2725 5.109375 5.3075 5.395625 5.406875 5.376875 5.2325 4.971875 4.90625 4.532 3.731875 3.28625 3.534375 3.64125 4.228751 4.770625 4.978125 5.07125 5.075625 5.106875 5.11375 5.124375 5.111249 5.091875 5.044374 5.048749 5.07875 5.162499 5.175 5.103125 5.075 5.065625 5.018125 5.03375 5.11125 5.155625 5.179375 5.210625 5.234375 5.288125 5.2875 5.32375 5.18 5.085625 5.234375 5.372499 5.485 5.531875 5.57 5.610625 5.6275 5.706875 5.81 5.845 5.894375 5.92 5.928751 5.8825 5.701876 5.555 5.731875 5.75 6.030625 6.126249
5.4175 5.385625 5.199375 5.1175 4.90625 5.01875 5.24875 5.315 5.28375 5.377501 5.394375 5.34375 5.17 4.85625 4.555 3.855 3.753125 4.149375 4.61875 4.912499 5.053125 5.111875 5.12875 5.14 5.115 5.0825 5.0775 5.151875 5.127501 5.0875 5.080625 5.145 5.2275 5.2325 5.16625 5.14875 5.144375 5.1425 5.175 5.184375 5.20625 5.235 5.3175 5.290625 5.309375 5.271874 5.099374 5.1325 5.071875 5.38375 5.475626 5.5475 5.60625 5.665625 5.703125 5.789375 5.8275 5.85875 5.855625 5.89625 5.923125 5.89625 5.82875 5.804375 5.874375 6.014375 6.14625 6.26625
5.499375 5.343125 4.89375 4.69375 4.325 4.843125 5.053125 5.160625 5.180625 5.236875 5.356875 5.393126 5.334375 5.236875 5.10125 4.755 4.0425 3.875 4.110625 4.498125 4.920625 5.115625 5.108124 5.1025 5.0425 5.021875 5.0725 5.136875 5.188125 5.198125 5.13125 5.135625 5.130624 5.174375 5.26 5.325625 5.303126 5.298751 5.345625 5.3275 5.351875 5.330625 5.2975 5.298125 5.311875 5.179375 5.345001 5.4175 5.429999 5.465626 5.50875 5.545625 5.594375 5.66625 5.798125 5.82375 5.813125 5.865625 5.885625 5.895625 5.941874 5.92125 5.714375 5.629375 5.73375 5.860625 6.155 6.31
5.4225 5.29625 5.0425 4.839375 4.214375 3.5625 4.239375 4.656875 4.75375 5.03 5.186875 5.245001 5.26375 5.38625 5.36 5.22625 4.880625 4.55 4.745 4.6975 4.980625 5.163125 5.141875 4.99625 4.671875 4.906875 5.09875 5.16125 5.201875 5.264375 5.285625 5.268125 5.181249 5.2075 5.28875 5.348125 5.278749 5.249999 5.26375 5.31625 5.4225 5.365625 5.290626 5.3225 5.341875 5.294375 5.4075 5.44625 5.474999 5.498125 5.533751 5.59875 5.67125 5.804375 5.848125 5.788749 5.76375 5.83875 5.86375 5.691249 5.759375 5.713125 5.6625 5.700625 5.8325 6.025625 6.05125 6.27
5.2225 5.209375 5.199375 5.00375 4.353125 3.0375 3.210625 3.57 4.131875 4.453125 4.905625 5.154376 5.266875 5.356875 5.4125 5.445625 5.258125 5.1075 5.224375 5.23 5.174375 5.231875 5.20625 5.043125 4.745625 4.831875 5.04375 5.17625 5.220624 5.219375 5.196875 5.208125 5.279375 5.381875 5.331875 5.216249 5.211251 5.217499 5.245625 5.258125 5.331875 5.474375 5.455625 5.38875 5.37 5.396875 5.42375 5.51125 5.578125 5.591875 5.661875 5.733125 5.855625 5.9 5.831251 5.793749 5.7875 5.77875 5.809375 5.788125 5.688125 5.246875 5.158125 5.68 5.810626 5.790625 5.9575 6.298751
4.881249 4.993125 4.995 5.07125 4.8425 3.805 2.985 3.121875 3.595715 4.089375 4.6475 4.97 5.21625 5.326251 5.39625 5.4475 5.440625 5.29125 5.264375 5.3225 5.34125 5.28875 5.296249 5.12 4.985 5.0725 5.055625 5.184375 5.1975 5.210625 5.20125 5.2025 5.2325 5.3975 5.29625 5.23 5.245 5.2525 5.27625 5.280624 5.30875 5.355 5.46375 5.525625 5.466875 5.522501 5.55 5.623125 5.725 5.79625 5.82 5.886875 5.92125 5.930625 5.863125 5.814999 5.786875 5.70875 5.619375 5.509375 5.694375 5.493125 5.414375 5.568749 5.7975 5.895626 6.180001 6.2825
4.35625 4.5375 4.7425 5.25875 5.13875 4.631875 3.75 3.159375 3.218125 3.8625 4.425 4.919375 5.176875 5.288125 5.349375 5.370625 5.34125 5.421875 5.43875 5.395625 5.45625 5.368749 5.35625 5.238125 5.234375 5.229375 5.16125 5.218125 5.238124 5.271875 5.25625 5.244375 5.296875 5.375625 5.304375 5.258125 5.26375 5.28 5.299375 5.315001 5.335625 5.345 5.391875 5.53625 5.5975 5.639375 5.6575 5.654375 5.57125 5.66 5.655 5.818749 5.958125 5.9825 5.943749 5.8675 5.833126 5.733125 5.575625 5.820625 5.861876 5.823125 5.8975 5.85 5.798125 5.63625 5.99125 5.938126
4.61375 4.73375 5.093125 5.378125 5.431876 5.236249 4.809375 4.36 3.534375 3.543125 4.185625 4.694375 4.92 5.049375 5.08875 5.075 4.996875 5.253126 5.385625 5.425625 5.444375 5.50625 5.426875 5.31875 5.355 5.29625 5.25875 5.268125 5.318125 5.363125 5.4125 5.386875 5.381875 5.28625 5.278125 5.291875 5.3075 5.315625 5.338125 5.35125 5.351875 5.381875 5.390625 5.426875 5.453125 5.504375 5.5 5.52 5.534375 5.5525 5.610625 5.6725 5.903124 6.022143 5.88875 5.768125 5.706875 5.373751 5.64875 5.971875 6.041875 6.081875 6.1175 6.073125 5.883124 5.423125 5.631875 5.809375
4.495625 5.086875 5.526875 5.5625 5.525625 5.395626 5.321874 5.120625 4.423125 3.76375 3.50375 4.118124 4.45875 4.305 4.536875 4.89125 4.96125 5.17 5.354375 5.365625 5.354375 5.410625 5.466249 5.491875 5.486249 5.395 5.353125 5.343124 5.42375 5.46625 5.42875 5.3 5.30375 5.305625 5.306875 5.331875 5.3125 5.3025 5.366874 5.380625 5.34625 5.408125 5.418125 5.445625 5.465625 5.490624 5.494375 5.505625 5.541875 5.6 5.64125 5.8025 5.975833 5.853125 5.794999 5.616875 5.564374 5.713126 5.993125 6.10875 6.064375 6.0475 5.980626 5.971874 5.91625 5.34625 5.550625 5.925
4.675 5.45375 5.574376 5.614999 5.6575 5.655625 5.54625 5.373125 5.09625 4.725625 3.853125 4.131875 4.511875 4.395625 4.62375 4.955 5.10625 5.1575 5.286875 5.338125 5.39 5.424375 5.476875 5.548125 5.54375 5.536875 5.5225 5.4925 5.496251 5.525 5.406876 5.330625 5.33375 5.340625 5.34 5.363125 5.345625 5.32125 5.385 5.3875 5.3325 5.313126 5.289374 5.43625 5.455625 5.515625 5.535625 5.56125 5.593125 5.633125 5.805 5.982143 5.926154 5.79125 5.743124 5.600625 5.860625 6.025625 5.966876 5.989375 6 6.00125 5.705625 5.496875 5.509375 5.4225 5.486249 5.873126
4.989375 5.20875 5.3325 5.406875 5.63125 5.733125 5.65125 5.6 5.464375 5.13625 4.6275 4.63625 4.831875 4.975 5.0175 5.135 5.236875 5.2675 5.339375 5.403125 5.46625 5.57375 5.625 5.497499 5.419376 5.4525 5.410625 5.375 5.38875 5.465001 5.4625 5.365625 5.364376 5.37875 5.385001 5.396876 5.386875 5.27625 5.35625 5.37875 5.2425 5.225 5.221875 5.390625 5.478125 5.525 5.56375 5.59125 5.665625 5.810625 5.958461 6.022501 5.953125 5.92125 5.875 5.928125 6.08875 6.001251 5.696876 5.648126 5.6525 5.816249 5.63375 5.5125 5.419375 5.345625 5.623126 5.953751
5.139375 4.898126 5.041875 5.4025 5.59125 5.71875 5.767499 5.72 5.586875 5.443749 5.355 5.303125 5.0875 5.13 5.353749 5.385625 5.266875 5.29125 5.391875 5.452499 5.530625 5.62375 5.62875 5.46625 5.398125 5.408751 5.383125 5.374375 5.391875 5.445 5.510624 5.445625 5.401875 5.39375 5.41875 5.41625 5.405624 5.42375 5.450625 5.446875 5.368124 5.390625 5.391251 5.469999 5.52875 5.5325 5.588125 5.61875 5.6475 5.810667 6.008183 5.953333 5.894375 5.909375 6.065625 6.113125 6.069375 6.009375 5.788125 5.234375 5.28625 5.571249 5.47875 5.53 5.4475 5.285625 5.485625 5.9025
5.52625 5.324999 5.505 5.686875 5.698124 5.778125 5.815625 5.80875 5.748126 5.71 5.650625 5.585625 5.53875 5.46875 5.525001 5.5475 5.458125 5.454375 5.50125 5.525625 5.59875 5.675625 5.6375 5.525 5.418125 5.394375 5.396875 5.413125 5.43875 5.495 5.521874 5.439375 5.42 5.439374 5.445 5.44375 5.366875 5.46 5.490624 5.48875 5.505625 5.515 5.445 5.53125 5.57 5.585625 5.616875 5.648126 5.781875 5.973636 5.993846 5.840625 5.805 5.851875 5.973751 6.046875 6.075625 6.056875 5.765625 4.910625 5.0275 5.30375 5.475625 5.34 5.415626 5.528125 5.781875 6.1625
5.53 5.679376 5.89125 5.8675 5.828125 5.843125 5.833125 5.81375 5.819999 5.805625 5.8 5.7525 5.770625 5.753751 5.7275 5.736875 5.65625 5.636875 5.68375 5.708125 5.720625 5.635625 5.53125 5.480625 5.4475 5.35375 5.383125 5.449375 5.5075 5.531876 5.494375 5.4625 5.443749 5.464375 5.474375 5.47625 5.391875 5.485 5.5075 5.53125 5.545625 5.545625 5.5375 5.569375 5.60125 5.619375 5.644376 5.683749 5.865385 6.03 6.044375 6.003125 5.919374 5.89 5.938125 6.005626 5.961874 5.994376 5.7325 5.183125 5.217501 5.446875 5.776875 5.538125 5.283125 5.458126 5.738125 6.095
5.73875 5.885 5.833125 5.85875 5.719374 5.756875 5.7375 5.75125 5.756875 5.739376 5.73625 5.6425 5.724375 5.689375 5.579375 5.58 5.64875 5.6875 5.7425 5.768749 5.691249 5.5625 5.4975 5.455 5.468125 5.464999 5.429376 5.47875 5.529375 5.519375 5.471876 5.472501 5.46625 5.485624 5.505 5.5025 5.466875 5.528125 5.523124 5.55125 5.573125 5.5825 5.596874 5.613125 5.624374 5.636875 5.71 5.806666 6.01 6.0625 6.07625 6.063125 5.981875 5.928124 5.943126 5.974375 5.998124 6.035625 5.86 5.5775 5.58875 5.823125 6.120625 6.078125 5.82625 5.891251 6.1675 6.48875
5.92375 5.855625 5.818125 5.70375 5.723125 5.648125 5.654999 5.699375 5.665625 5.628125 5.60625 5.574375 5.5725 5.43125 5.4375 5.29625 5.51375 5.621876 5.720625 5.765 5.68375 5.539999 5.455624 5.490625 5.5075 5.519375 5.51875 5.5275 5.561875 5.501875 5.495625 5.49125 5.493125 5.51375 5.533125 5.52625 5.54875 5.558125 5.543126 5.554375 5.601875 5.614375 5.605625 5.61625 5.63875 5.66375 5.7475 5.922 6.031429 5.985834 6.0125 6.065625 5.983125 5.953125 5.966875 6.123125 6.069375 6.1825 6.181875 6.14 5.988125 6.085625 6.309375 6.522501 6.498125 6.28375 6.409999 6.459376
5.833751 5.803751 5.7725 5.355625 5.491251 5.55375 5.48 5.485 5.483125 5.267499 5.2825 5.3875 5.085626 4.895625 5.27875 5.429375 5.56375 5.663125 5.75875 5.746875 5.61375 5.525625 5.25375 5.4575 5.540001 5.543126 5.55125 5.57 5.565625 5.52125 5.52625 5.520625 5.528125 5.5475 5.559375 5.56875 5.577499 5.565001 5.548125 5.564375 5.625625 5.644376 5.63875 5.65625 5.723125 5.7375 5.83625 5.953333 6.065 5.944375 5.913125 6.00125 6.0025 6.038125 6.03875 6.228124 6.27125 6.28375 6.19625 6.090625 6.008125 6.142499 6.305625 6.631876 6.639375 6.509375 6.396875 6.351875
5.875626 5.68125 5.755625 5.343125 5.001249 5.065626 4.956875 4.95125 4.895 4.7475 4.598125 4.755625 4.44375 4.703749 5.339375 5.54875 5.641875 5.695625 5.7425 5.681875 5.54375 5.41625 5.153125 5.40875 5.550625 5.548124 5.55625 5.573125 5.571876 5.544375 5.551874 5.552499 5.55625 5.571876 5.584374 5.594375 5.586875 5.575625 5.5725 5.571875 5.622499 5.673125 5.675624 5.675625 5.772501 5.871 -9999 -9999 6.056667 5.971251 5.92375 5.9625 6.055 6.18 6.19375 6.265 6.369375 6.226249 6.026875 6.063126 6.089376 6.32625 6.558749 6.761876 6.6675 6.5325 6.194376 6.303125
5.705625 5.483749 5.55 5.635 5.11125 4.508125 4.483125 4.29875 3.911875 3.98375 3.801875 4.118125 4.18 4.754375 5.340625 5.55625 5.635 5.679375 5.76375 5.665626 5.545625 5.353125 5.02875 5.185 5.541875 5.571876 5.5775 5.585625 5.580625 5.565625 5.575001 5.58125 5.580625 5.586249 5.589375 5.596251 5.605624 5.591249 5.58375 5.604374 5.6225 5.696875 5.704375 5.700625 5.78125 5.875333 -9999 6.035 6.0025 5.95375 5.950624 5.980625 6.054375 6.161875 6.3725 6.4125 6.44 6.410625 6.324375 6.25125 6.104375 6.348125 6.64875 6.866875 6.754375 6.6525 6.15625 6.28125
