Code_and_data/Tas_Plant_GDM_Files/ASCII grids/mintempjuly_2100_1km.asc
ncols         470
nrows         479
xllcorner     143.8
yllcorner     -43.7425
cellsize      0.01
NODATA_value  -9999
[rows 330 to 359 of 479, columns 136 to 203 of 470]
-9999 -9999 -9999 -9999 9.258 9.14125 8.804375 8.936251 -9999 -9999 -9999 -9999 -9999 -9999 -9999 -9999 -9999 -9999 -9999 -9999 -9999 -9999 7.904167 7.72125 7.558125 7.40375 7.110625 6.884375 6.64875 6.61375 6.555625 6.680625 6.401875 6.653125 6.36 5.964375 5.248751 4.261876 4.800625 5.42125 5.4 5.026875 4.053125 4.82625 5.638125 6.14 6.134375 6.1225 6.109375 6.040626 6.111875 5.444375 4.686875 5.225625 5.58 5.3825 5.354375 5.349375 5.197499 5.011875 4.9225 5.21875 5.19375 4.941251 4.43125 3.4525 3.008667 3.641249
-9999 -9999 -9999 -9999 9.3 9.154001 8.905624 8.92125 8.669166 8.612 -9999 -9999 -9999 -9999 -9999 -9999 -9999 -9999 -9999 -9999 -9999 -9999 -9999 7.748333 7.630625 7.413751 7.245 7.09875 6.9275 6.861875 7.041875 6.808125 7.05375 7.00125 6.65625 6.254375 5.269375 4.155 3.851875 5.34375 5.7975 5.58625 4.73625 5.020625 5.704999 6.135625 5.88625 6.0525 5.835001 5.9075 5.998125 6.012499 5.2825 4.81625 5.694376 5.589375 5.213125 5.1325 5.23125 5.23 4.906875 4.940625 4.844375 4.72875 3.9975 3.253125 2.865 2.836875
-9999 -9999 -9999 -9999 -9999 9.127001 8.870001 8.6225 8.53625 8.923333 -9999 -9999 -9999 -9999 -9999 -9999 -9999 -9999 -9999 -9999 -9999 -9999 -9999 8.1 7.96077 7.734375 7.56875 7.42625 7.308125 7.280625 7.287499 7.221875 7.218124 6.75375 6.481875 6.2 5.36375 4.275 4.07875 5.533124 5.97125 5.3775 4.605625 4.85625 5.511875 6.011876 5.9275 6.0225 5.909376 5.710625 5.99875 6.11625 5.8525 4.891875 5.51625 5.939375 5.788125 5.765625 5.750625 5.143125 4.44625 4.486875 5.003751 4.616875 3.86125 3.630625 3.080625 3.90125
-9999 -9999 -9999 -9999 -9999 9.169999 8.87375 8.662499 8.666249 8.958571 8.955 8.465714 8.186874 8.79 -9999 8.626667 -9999 -9999 -9999 -9999 -9999 -9999 -9999 -9999 -9999 7.8475 7.837857 7.719376 7.536249 7.513126 7.543125 7.262501 7.1575 6.981875 6.785 6.475626 5.6075 4.368125 4.48375 5.705 6.016251 5.320625 4.77125 5.340625 5.765625 5.874375 6.0275 6.013125 6.105625 5.841875 5.786874 5.89875 6.0325 5.2875 5.096875 5.349999 5.364374 5.566875 5.905624 5.37875 4.72 4.454375 5.2975 4.83375 3.723125 2.891875 3.465 3.99
-9999 -9999 -9999 -9999 -9999 9.118333 9.039374 8.914375 8.711249 8.60625 8.570001 8.28875 8.0275 8.66091 8.533333 8.666 -9999 -9999 -9999 -9999 -9999 -9999 -9999 -9999 -9999 -9999 7.8275 7.635626 7.5025 7.555 7.651875 7.398125 7.445 7.319376 7.16375 6.924376 6.24375 5.055 4.69125 5.97375 6.173125 5.615 4.894375 5.175625 6.098125 6.183125 6.12 5.951251 6.131875 6.27625 6.240625 6.23125 6.240001 5.431875 4.725 4.636875 5.11375 5.44625 5.605625 5.89375 5.6275 5.02625 5.521251 4.845 3.94125 3.2325 3.866875 4.484167
-9999 -9999 -9999 9.31 9.255 9.14125 9.031251 8.80875 8.589375 8.483126 8.31625 8.163125 8.046875 8.15625 8.2375 -9999 -9999 -9999 -9999 -9999 -9999 -9999 -9999 -9999 -9999 -9999 -9999 7.699375 7.642499 7.650625 7.66 7.514375 7.595001 7.57625 7.43875 7.2525 6.596875 5.976875 6.1575 6.501875 6.082499 6.054374 6.098749 5.69125 6.24 6.409375 6.206876 5.895625 6.0925 6.2725 6.054375 6.069375 6.10875 6.18625 5.693125 5.16125 4.7225 4.895625 5.369375 5.503125 5.593125 5.85125 5.633749 4.88625 4.233125 3.87125 4.31625 4.35375
-9999 -9999 -9999 9.2925 9.17875 9.038749 9.007499 8.86375 8.671875 8.452499 8.190625 8.01875 7.9275 7.848125 8.31375 8.65 -9999 -9999 -9999 -9999 -9999 -9999 -9999 -9999 -9999 -9999 -9999 7.836667 7.82625 7.6675 7.755 7.7075 7.615625 7.571875 7.5425 7.31625 6.806251 6.220625 6.79 6.566875 6.069376 5.880625 6.50625 6.278125 6.481875 6.4975 6.15 5.804375 6.020625 6.09 5.964375 5.979375 5.845 5.966249 6.315625 5.928125 4.843125 4.390625 4.7 5.131249 5.4625 5.863125 5.62 4.616251 4.505625 4.580625 4.410625 4.4625
-9999 -9999 -9999 9.263333 9.0575 8.8 8.715626 8.601874 8.408751 8.339375 8.141876 7.991876 7.97125 8.155 8.510625 8.558462 8.501667 -9999 -9999 -9999 -9999 -9999 -9999 -9999 -9999 -9999 -9999 -9999 -9999 -9999 7.782222 7.741875 7.636875 7.65 7.573125 7.426875 7.082499 6.811249 6.98 6.563125 6.1025 5.97125 6.754375 6.596875 6.58 6.558125 6.215 5.835625 6.01625 6.075 6.066875 6.143125 5.849375 6.14 6.3675 6.377501 5.948125 5.22125 4.678125 4.685 5.0825 5.44125 5.539375 5.475625 5.123125 4.01125 3.845 4.61625
-9999 -9999 -9999 -9999 9.175 9.0075 8.679999 8.491875 8.315 8.225624 8.08 7.924375 8.024375 8.24 8.324999 8.074375 8.151251 8.463333 -9999 -9999 -9999 -9999 -9999 -9999 -9999 -9999 -9999 -9999 -9999 -9999 7.724 7.680625 7.675625 7.734285 7.67 7.577777 7.391875 7.365 7.285 6.8525 6.7025 6.27375 6.650626 6.56125 6.686875 6.51625 5.91625 6.036874 6.059375 5.89 6.201875 6.298749 6.32125 6.28125 6.42 6.306249 6.18 6.32 5.735 5.018126 4.920625 5.125625 4.941875 5.71375 4.75875 4.03125 4.211874 4.74375
-9999 -9999 -9999 -9999 -9999 8.915 8.671875 8.53875 8.411249 8.271249 8.114375 7.96375 8.0675 8.04 7.870625 7.953749 8.234375 8.379333 8.266251 8.338999 8.39 -9999 -9999 -9999 -9999 -9999 -9999 -9999 -9999 -9999 7.82 7.743334 7.762222 -9999 7.72 7.666667 7.450624 7.474375 7.450625 7.315625 7.155 6.7275 6.775 6.91375 6.533126 6.583125 6.431875 6.561875 6.2925 6.0025 6.205 6.329375 6.304999 5.863124 6.079376 5.840625 5.964375 6.2525 6.318124 5.86625 5.325 5.311874 5.655625 5.478125 4.554376 4.594375 4.950625 5.0775
-9999 -9999 -9999 -9999 -9999 -9999 8.979167 8.751874 8.513124 8.21875 8.055626 8.116251 8.043125 7.914375 7.844376 7.971251 8.071876 8.2525 8.122499 8.19875 8.274285 8.29 -9999 -9999 -9999 -9999 -9999 -9999 -9999 -9999 -9999 -9999 7.730909 -9999 -9999 -9999 7.45625 7.433571 7.62 7.542222 7.40125 7.127501 7.085626 6.697499 6.586249 6.578125 6.71125 6.743125 6.361875 6.02125 6.204375 6.115 6.114375 5.554375 5.51875 5.484375 5.489374 5.680625 5.808125 6.223125 6.133125 5.630625 6.21125 5.71375 5.02375 4.45875 4.669375 4.86375
-9999 -9999 -9999 -9999 -9999 9.1 8.995 8.698124 8.409374 8.219999 8.406249 8.3575 8.07375 7.956875 7.909375 7.970625 8.0125 7.885625 7.780625 7.825001 8.116876 8.0525 8.185 -9999 -9999 8.1 -9999 -9999 -9999 -9999 -9999 -9999 7.81 -9999 7.74 7.722857 7.649167 7.625 7.65 7.576923 7.335625 7.135625 6.940001 6.948124 6.61 6.841875 6.990624 6.895 6.535625 6.270625 5.57375 5.408125 5.388125 5.266251 5.193125 4.72625 4.8825 5.01125 5.485626 5.910625 6.21625 6.199375 5.45625 5.155 4.74875 4.3175 4.653125 4.956875
-9999 -9999 -9999 -9999 -9999 -9999 9.014999 8.733749 8.490624 8.585626 8.425 8.185625 8.154375 8.085 8.12 8.083125 7.954375 7.7275 7.708751 7.74375 7.83875 7.86625 8.044375 8.058461 8.074286 7.937858 8.05 -9999 -9999 -9999 -9999 -9999 -9999 -9999 -9999 7.74 7.653334 -9999 7.64889 7.525 7.3725 6.984375 6.745 6.84 6.60125 7.059375 6.72 6.8325 6.766876 6.049376 5.1975 4.95875 5.246875 5.3475 5.259375 4.873125 4.93625 5.197501 5.11 5.951875 5.860626 5.658124 5.9125 5.161875 4.64375 4.13 4.414375 4.948125
-9999 -9999 -9999 -9999 -9999 -9999 9 8.928666 8.8475 8.709375 8.455 8.43 8.373751 8.29875 8.177501 7.989376 7.808751 7.743125 7.778126 7.744375 7.539375 7.67625 7.87 7.93 7.748125 7.701875 7.914376 8.024285 -9999 -9999 -9999 -9999 -9999 -9999 -9999 -9999 -9999 7.636667 7.688571 7.61 7.4325 7.028125 6.79875 6.441875 6.333125 7.031876 6.656875 6.725625 6.785625 6.4975 5.35375 4.855 5.165 5.458126 5.42375 5.414375 5.66 5.506249 5.128125 6.023751 5.79875 5.434375 5.72875 5.38625 4.8225 4.149375 4.428751 5.026875
-9999 -9999 -9999 -9999 -9999 -9999 -9999 8.915714 8.714375 8.69125 8.588125 8.351875 8.384375 8.29125 8.203751 8.021875 7.865 7.748125 7.64875 7.496875 7.406876 7.335 7.615624 7.673124 7.638749 7.684375 7.819376 7.876875 7.99 -9999 -9999 -9999 -9999 -9999 -9999 -9999 -9999 7.675 7.565 7.55875 7.556877 7.345625 7.069376 6.720624 6.275 6.914999 7.204375 6.833125 6.538749 6.635625 6.466875 5.92 5.49 5.12625 5.236875 5.566875 5.853126 5.554374 5.684374 6.26 5.66625 5.24125 5.02 5.1225 4.7575 4.493125 4.958125 5.423126
-9999 -9999 -9999 -9999 -9999 -9999 -9999 8.955 8.838 8.69875 8.635625 8.534374 8.425625 8.275624 8.21375 8.06875 7.891875 7.651875 7.663125 7.6825 7.504375 7.414375 7.434999 7.409375 7.620625 7.54125 7.583125 7.762501 7.854667 8.01 -9999 -9999 -9999 -9999 -9999 -9999 -9999 7.723636 7.621875 7.565625 7.52125 7.271875 6.7625 6.945 6.503125 6.574375 6.97 6.69125 6.578125 6.507501 6.6825 6.265 5.836874 5.442501 4.804375 5.073125 5.70625 5.98125 6.516249 5.763751 4.96875 4.780001 4.696875 4.58375 4.855625 4.924375 4.966875 5.411875
-9999 -9999 -9999 -9999 -9999 -9999 -9999 8.943334 8.84625 8.669374 8.502501 8.427499 8.454376 8.496251 8.420625 8.024376 7.800625 7.85625 7.744374 7.626875 7.45875 7.498125 7.451875 7.399374 7.54125 7.358125 7.388125 7.494375 7.78357 8.02 -9999 -9999 -9999 -9999 -9999 -9999 7.795 7.751874 7.6425 7.4575 7.318749 7.216249 6.879375 7.085625 6.6275 6.21875 6.775 7.145625 6.8 6.38625 6.61 6.47125 5.944375 5.39 4.804375 5.250625 5.88 6.2475 6.65375 6.285625 6.18375 5.771874 5.79125 5.45875 5.56625 5.616251 5.613125 5.426874
-9999 -9999 -9999 -9999 -9999 -9999 -9999 -9999 8.849999 8.72375 8.679376 8.51 8.495 8.24375 8.105625 8.095625 7.98125 7.77625 7.714375 7.690625 7.636874 7.6725 7.404375 7.319375 7.264375 7.170625 7.210625 7.571249 7.945834 -9999 -9999 7.985 7.933846 7.91625 -9999 7.87 7.813077 7.7125 7.636875 7.570625 7.52625 7.324375 6.911875 7.220625 7.163125 6.906875 7.283751 7.415 7.208125 6.806875 6.826875 6.391875 6.483125 6.105 5.7875 5.748125 5.82 5.816875 6.2275 6.374375 6.76 6.493751 6.221876 6.224375 6.003125 5.905 5.624375 5.238125
-9999 -9999 -9999 -9999 -9999 -9999 -9999 -9999 8.876667 8.807143 8.635001 8.455625 8.365624 8.20125 7.993124 8.091249 7.99625 7.9025 7.74875 7.583126 7.625 7.61375 7.329374 7.226875 7.200001 7.23625 7.565626 7.795624 7.983847 8.0675 8.015 7.961333 7.893126 7.731875 7.807693 7.813 7.823333 7.683125 7.556363 7.693636 7.621001 7.53625 7.283124 7.273125 7.329375 7.538182 7.447333 7.476153 7.362 7.113571 7.086154 7.0425 6.984375 6.828125 6.04 5.75 5.673125 5.8725 6.158751 6.36 6.816251 6.4825 6.354375 6.615 6.57375 6.1925 5.726875 5.045625
-9999 -9999 -9999 -9999 -9999 -9999 -9999 -9999 -9999 8.729167 8.53 8.376875 8.26125 8.1725 8.024376 7.978126 7.880001 7.865 7.7925 7.676875 7.75375 7.493125 7.32125 7.293125 7.268125 7.309375 7.525001 7.839375 7.918749 8.038 7.975 7.9325 7.861876 7.766875 7.85625 7.810625 7.717499 7.766 7.57375 7.519376 7.440667 7.457 7.570714 7.475834 7.554545 7.334166 7.010769 7.15625 7.115625 6.560625 6.982501 7.28375 7.001875 6.834374 6.515625 6.20625 5.76625 5.889374 6.228751 6.609375 6.881875 6.640625 6.515 6.5175 6.373749 6.306875 5.558126 5.45375
-9999 -9999 -9999 -9999 -9999 -9999 -9999 -9999 8.775001 8.660625 8.554376 8.441875 8.32125 8.160625 8.094376 8.084374 8.004375 7.865625 7.810625 7.82 7.809999 7.588126 7.429375 7.353126 7.47375 7.53625 7.58375 7.838125 7.94625 7.987501 -9999 7.963333 7.914999 7.811251 7.744375 7.800625 7.716875 7.543749 7.1175 7.03375 7.054375 6.690625 7.03125 7.415624 7.291875 7.474375 6.893126 6.715001 6.71 6.48 6.425 7.190626 6.255 5.709375 5.785 5.833125 5.871875 5.880625 6.140625 6.628125 6.897501 6.889375 6.51125 6.045625 6.293125 5.601875 6.061875 5.406875
-9999 -9999 -9999 -9999 -9999 -9999 -9999 8.88 8.716924 8.504375 8.445001 8.360001 8.25 8.164375 8.175 8.19625 8.045626 7.963125 7.96125 7.83375 7.67875 7.513124 7.48625 7.499375 7.378125 7.500625 7.718126 7.82 7.936875 7.950625 -9999 8.04 7.988125 7.870625 7.668749 7.558125 7.70625 7.369376 7.108125 6.69625 6.7825 6.39625 6.541874 7.15 7.318124 7.385625 7.313125 6.809375 6.71625 6.470625 6.475 7.264999 6.452499 5.50625 4.86875 5.063125 5.785625 5.986249 6.203751 6.603749 6.921875 6.735625 5.969999 5.769375 6.448125 5.642501 5.53875 5.3975
-9999 -9999 -9999 -9999 -9999 -9999 -9999 8.88 8.814667 8.704375 8.526249 8.32875 8.212499 8.169375 8.183125 8.11375 7.881875 7.924375 7.95125 7.791875 7.635 7.546876 7.50375 7.462501 7.566251 7.6825 7.825 7.805625 7.82375 7.95875 8.085 8.070001 8.01875 7.924375 7.845625 7.735 7.619375 7.3875 7.083125 6.92625 6.578125 6.361875 6.518125 7.2425 7.455 6.965626 7.179375 6.63625 6.3525 6.540001 6.4175 7.170001 6.57375 6.20375 5.170625 4.5675 4.6625 5.080625 5.461876 6.206875 6.9225 6.654374 5.693125 5.717501 6.480625 6.2875 6.06 5.657499
-9999 -9999 -9999 -9999 -9999 -9999 -9999 -9999 8.84 8.779166 8.606874 8.342501 8.285 8.310625 8.291874 8.165 8.109375 8.031875 7.86875 7.727501 7.606875 7.559999 7.835 7.731875 7.504375 7.499375 7.8525 7.895626 7.966875 8.09 8.12375 8.025001 7.9775 7.7275 7.709376 7.768126 7.60625 7.466875 7.366875 7.115 6.856875 6.621875 6.72875 7.2775 7.246251 6.591876 6.523749 6.665001 6.2225 6.31625 6.313125 7.158125 6.3575 6.358125 5.64625 5.0075 4.59375 4.706875 4.845625 5.4375 6.138124 6.86875 6.155625 5.956875 6.392499 6.3875 6.07 6.065
-9999 -9999 -9999 -9999 -9999 -9999 -9999 -9999 -9999 8.79 8.652499 8.481249 8.409375 8.331875 8.216875 7.99875 7.923124 7.916875 7.913751 7.7875 7.705 7.71125 8.044375 7.921875 7.69 7.505 7.668751 7.85375 7.9475 8.0875 8.132501 8.082222 7.98 7.866875 7.850625 7.826875 7.754374 7.676876 7.5525 7.389375 7.281875 7.054375 6.92875 7.267499 6.941875 6.49 6.39125 6.674999 6.459375 6.285 6.32875 7.283751 6.573125 6.045001 5.84625 5.265625 5.298125 5.409375 5.4825 5.7575 5.969375 6.739375 6.575626 6.08875 6.379375 6.250625 6.35875 6.21
-9999 -9999 -9999 -9999 -9999 -9999 -9999 -9999 -9999 -9999 8.674375 8.49 8.30125 8.203751 8.203125 8.008125 8.006875 7.979375 7.84 7.79375 7.705625 7.656875 7.74125 8.0725 7.979376 7.92625 7.748125 7.785625 7.919375 8.038126 8.115714 8.075999 7.977501 7.851875 7.716875 7.6825 7.815 7.7675 7.68125 7.575625 7.4875 7.184375 7.174375 7.264374 6.90625 6.815624 6.375625 6.61125 6.643125 6.75875 6.944375 7.365334 6.778125 6.234375 6.0125 5.53 5.68375 6.05 6.155 6.464374 6.596874 6.97125 6.845625 6.303751 6.390625 6.128125 6.125 5.53875
-9999 -9999 -9999 -9999 -9999 -9999 -9999 -9999 -9999 8.79 8.688666 8.5525 8.488125 8.39875 8.267501 8.150625 8.135626 8.108125 7.9425 7.86125 7.705625 7.755 7.798125 7.986875 8.182501 7.9675 8.04125 7.895626 7.89375 8.083125 8.146 8.13 8.006875 7.893125 7.841249 7.840624 7.875 7.835625 7.761875 7.66125 7.58375 7.33 7.145 7.091875 7.27875 6.96625 6.481875 6.769375 7.05625 7.1025 7.375 7.37375 6.918125 6.581874 6.265 5.70875 5.865 6.263125 6.5675 6.886875 7.125 7.10375 6.6875 6.243125 6.22625 6.118125 5.5875 5.15125
-9999 -9999 -9999 -9999 -9999 -9999 -9999 -9999 -9999 -9999 8.718889 8.571875 8.485624 8.348125 8.263124 8.1675 8.091874 8.11375 8.012501 7.942499 7.713126 7.900626 7.923125 8.116876 8.245625 7.903125 8.150624 8.061875 7.857499 7.961875 8.165625 8.174167 8.051334 8.0225 7.97875 7.940625 7.903125 7.841875 7.738125 7.655624 7.63875 7.568125 7.446249 7.376875 7.37875 7.12375 6.7575 6.909376 7.083749 7.281875 7.503125 7.35875 7.125 6.79375 6.27875 5.976875 6.061251 6.3075 6.472501 7.0975 7.170625 6.805625 6.025 5.354375 5.9825 6.060626 5.4925 5.505625
-9999 -9999 -9999 -9999 -9999 -9999 -9999 -9999 -9999 -9999 8.684999 8.590625 8.469999 8.451875 8.328125 8.2925 8.200625 8.08 8.171875 8.068748 7.91875 8.17375 8.05125 7.770626 7.890625 8.15875 7.93875 8.181874 8.129375 8.144375 8.1825 8.173126 8.125 8.071876 8.013125 7.936875 7.89125 7.85625 7.81 7.758749 7.718124 7.509375 7.086875 6.78375 6.764375 6.86125 7.131875 7.215625 7.1325 7.23125 7.4875 7.411875 7.245 6.96 6.6775 6.316875 6.165625 6.426875 6.84375 7.211251 7.0825 6.72375 5.968125 5.546875 6.13625 6.015625 5.463125 5.40625
-9999 -9999 -9999 -9999 -9999 -9999 -9999 -9999 -9999 -9999 -9999 8.633333 8.571875 8.372499 8.193749 8.159374 8.150626 8.106874 8.255625 8.14875 8.1725 7.936251 7.82 7.569375 7.595 8.006875 8.17 8.20125 8.224999 8.10625 8.123126 8.140624 8.115001 8.039375 7.9775 7.935 7.88625 7.834375 7.79375 7.740624 7.608125 7.46125 7.28125 6.6525 6.615 7.004375 7.260626 7.430625 7.478125 7.440625 7.503124 7.38125 7.1125 6.9825 6.5975 6.420625 6.36375 6.52 7.008125 7.275624 7.165625 6.9175 6.296874 5.96125 6.375625 6.14 5.50125 5.306875
