Code_and_data/Tas_Plant_GDM_Files/ASCII grids/mintempjuly_2100_1km.asc
ncols         470
nrows         479
xllcorner     143.8
yllcorner     -43.7425
cellsize      0.01
NODATA_value  -9999
[rows 270 to 299 of 479, columns 204 to 271 of 470]
3.7125 3.083126 2.895 3.11125 3.4325 3.34375 3.153125 3.0125 2.63125 2.461875 2.718333 2.862857 2.752 2.392667 2.63125 2.75375 2.893125 2.94875 3.080625 3.325625 3.53375 3.805625 3.76125 4.05125 3.9425 4.2225 4.73875 4.74625 4.914375 4.848125 4.550625 3.82875 3.48125 3.460625 3.398125 3.368125 3.385 3.80875 4.58 4.023125 4.515 4.000625 4.00125 4.054375 3.40625 2.768125 2.21125 2.12 2.1775 2.250667 2.20125 2.331875 2.306 2.031875 1.879375 1.824375 1.73 2.07375 2.560625 2.41875 2.286875 2.8075 3.473125 3.8575 3.95125 3.943125 3.729375 3.263125
3.63 3.351875 3.784375 4.10625 4.01875 3.94875 3.374375 2.939375 2.508125 2.108125 2.376875 2.658571 2.726667 2.8025 3.2575 3.483125 2.976875 3.23375 3.060625 3.200625 3.8925 4.13625 4.441875 4.494375 4.649374 4.704375 4.8525 4.958125 4.82375 4.61375 4.076875 3.438125 3.37 3.435625 3.40375 3.37 3.408124 4.02375 4.521818 4.26375 4.175625 4.380625 4.20875 4.101875 3.7175 3.286875 2.58375 2.59375 2.4 2.399375 2.6175 2.59625 2.139375 1.95 1.9375 1.922857 1.828 1.755 1.93625 1.84625 1.8425 2.509375 3.338125 3.54 3.6125 3.4925 3.015625 2.33
3.60375 4.03875 4.280625 3.659375 3.0425 2.95375 3.23 2.86625 2.72625 2.465625 2.189375 1.991875 2.51875 2.566875 2.905 3.110625 3.87 4.00375 4.09 4.1075 3.861875 3.358125 3.504375 3.943125 4.54875 4.806875 4.77625 4.2425 4.035625 3.815625 3.459375 3.33625 3.369375 3.369375 3.365 3.706875 4.001875 4.42375 4.398125 3.75875 3.58875 3.99625 4.340625 4.13625 3.989375 3.788125 3.534375 3.430625 3.136875 2.768125 2.550625 2.43625 2.284375 2.0975 2.03 1.926667 1.831875 1.804545 1.805625 1.795 1.839375 2.448125 2.7175 2.88875 2.7625 2.8025 2.248125 1.836875
4.575 4.4375 4.381875 4.055624 3.33375 2.921875 2.566875 2.32375 2.62125 2.686875 2.256875 2.07125 2.793571 2.920666 3.305714 3.745625 3.683125 3.5925 3.440625 3.18 2.8925 3.125 3.436875 4.470625 4.86375 4.78125 4.303749 3.425 3.204375 3.121875 3.104375 3.305625 3.450625 3.6 3.50625 4.134375 4.448125 4.5575 4.513125 4.13 3.569375 3.770625 4.14 4.066875 3.893125 3.65875 2.909375 2.45 2.08875 1.92875 1.98375 2.011875 1.918125 1.88625 1.859375 1.851111 1.688125 1.706875 1.74375 1.656667 1.677333 1.726 1.99375 1.8875 1.730625 1.8375 1.744375 1.7375
4.385 4.305 4.14 4.25 4.13625 3.048125 2.465 3.03875 3.403125 2.865625 2.33875 2.296875 2.81875 2.8425 2.843125 3.046875 2.903125 3.156875 3.249375 2.84375 3.030625 3.72625 4.22125 4.718125 4.551875 4.28125 4.0825 3.305 2.920625 2.706875 2.90875 3.2425 3.735625 4.13 4.153125 4.058125 3.77 4.311251 4.29125 3.963125 3.851875 3.925 3.87625 3.7975 3.809375 3.6725 3.145 2.5025 1.625625 1.650667 1.715333 1.767334 1.69625 1.606875 1.65875 1.814375 1.725625 1.666 1.636923 1.673125 1.628667 1.625625 1.67 1.62 1.56125 1.651875 1.8775 2.135625
3.16875 3.058749 2.865625 2.75625 3.5025 4.01875 3.805625 3.57375 2.70875 2.4725 2.341875 2.5925 2.656875 2.18 2.15 2.60125 3.014375 3.063125 3.055625 2.920625 3.30125 3.66125 4.556251 4.585 3.711875 3.28 3.181875 2.813125 2.705625 2.686875 2.955625 3.561875 4.054375 3.98 3.62375 3.31125 3.365 4.27 4.15 3.728125 3.8875 3.89875 3.585625 3.3525 3.24875 3.296875 3.369375 2.63875 1.765 1.558125 1.55375 1.62125 1.645625 1.49875 1.6425 1.703125 1.63375 1.66 1.605714 1.598462 1.53125 1.475625 1.44625 1.2925 1.255 1.321875 1.49125 1.781875
2.903125 2.764375 2.62375 2.64875 2.966875 3.70125 3.58875 2.8075 2.2 2.5125 2.785625 3.035625 3.42125 3.175 2.92125 2.9925 2.90625 2.859375 2.941875 3.085625 3.855 4.470625 4.703125 4.11 3.208125 2.74125 2.865 2.78 2.68375 2.85 3.308125 3.7925 4.035 3.551875 3.24625 3.164375 3.605625 4.299376 4.188125 3.85375 3.771875 3.565625 3.11625 2.798125 2.55875 2.3125 2.938125 2.88625 1.910625 1.606875 1.5725 1.5925 1.64 1.455 1.5975 1.655 1.631875 1.625333 1.613077 1.583 1.5 1.400625 1.27625 1.116875 1.081875 1.144375 1.165625 1.495625
2.924375 2.668125 2.52125 2.78875 3.379375 3.650625 2.8425 2.228125 1.999375 2.388125 2.716875 2.985 3.17125 3.208125 3.583125 3.83125 3.73 3.8425 3.725625 3.897501 4.42625 4.69625 4.41375 3.7 3.074375 2.59 2.605 2.581875 2.70625 3.04375 3.5125 3.9175 3.893125 3.473125 3.218125 3.3425 3.855625 4.237693 4.04375 3.71 3.2375 2.83875 2.390625 1.9725 1.74 2.086875 2.85125 3.030625 2.23375 1.709375 1.723333 1.632 1.630667 1.574445 1.589333 1.61375 1.615625 1.573077 1.516923 1.409333 1.500714 1.50875 1.3825 1.203125 1.19625 1.274375 1.360625 1.61375
3.084375 2.88375 2.91875 2.401875 2.628125 2.78 2.52125 2.546875 2.38 2.400714 2.500625 2.663125 2.635625 2.673125 2.712143 3.028571 3.26375 3.36625 4.21625 4.305625 4.62 4.4075 3.878125 3.290625 2.781875 2.495 2.499375 2.558125 2.8275 3.333125 3.75 3.93625 3.571249 3.3 3.233125 3.515 3.998334 4.3 4.038571 3.57625 2.541875 1.856875 1.65 1.57375 1.580625 2.2075 2.74375 2.968125 2.761875 2.418125 2.0075 1.7 1.65125 1.6375 1.62 1.567857 1.604667 1.570833 1.468667 1.383125 1.367333 1.419375 1.36125 1.24625 1.28 1.286875 1.35125 1.525
3.294375 3.30375 3.09125 2.575625 2.753125 2.874375 2.9075 2.693125 2.740715 2.68 2.5625 2.554375 2.591875 2.620769 2.619 2.528125 2.635333 3.0425 3.578125 4.309375 4.579375 3.70125 3.2725 2.60625 2.44625 2.472667 2.401875 2.434375 2.896875 3.3925 3.77875 3.780625 3.32875 3.176876 3.173125 3.45875 4.032666 4.24 4.103333 3.440625 2.341875 1.71875 1.645625 1.58 1.7275 2.011875 2.40875 2.235625 2.545 2.585 1.793125 1.591875 1.570625 1.584375 1.6175 1.563077 1.563846 1.566154 1.530625 1.480769 1.3875 1.351875 1.40375 1.385 1.369375 1.39 1.345 1.3775
3.64625 3.83875 3.5075 3.34125 3.195625 3.158125 2.965625 2.841875 2.82 2.890667 2.694286 2.619375 2.692 2.620625 2.647692 2.76625 2.941875 3.228125 3.875625 4.561875 4.4725 3.3475 2.650625 2.449375 2.393125 2.45375 2.42375 2.413125 2.76875 3.338125 3.739375 3.71625 3.33 3.245 3.2575 3.521875 4.076875 4.226667 4.038667 3.333125 2.315 1.630625 1.71875 1.60875 1.583125 1.68 1.8625 1.799375 2.180625 2.39 1.8375 1.346875 1.449286 1.43875 1.441875 1.459375 1.486875 1.547857 1.474375 1.446875 1.477857 1.4175 1.385625 1.466875 1.468889 1.45625 1.443571 1.422143
4.176875 4.32875 3.916875 3.399375 3.68 3.009375 2.61125 2.663125 2.754375 2.972 2.74 2.772307 2.89125 2.819375 2.700625 2.705625 2.868125 3.421875 4.3775 4.578125 4.2225 3.314375 2.531875 2.42375 2.46125 2.456875 2.507143 2.614375 2.994375 3.363125 3.674375 3.770625 3.6 3.306875 3.27625 3.594375 4.1225 4.176363 3.938125 3.415625 2.5475 1.955625 1.961875 1.875 1.78 1.663125 1.662667 1.6425 1.788125 1.7275 1.93875 1.483125 1.546429 1.465 1.477143 1.451875 1.526875 1.566428 1.546 1.505 1.504375 1.459375 1.475333 1.471429 1.4175 1.414375 1.46 1.43875
4.49375 4.1075 4.12875 3.874375 3.41 2.8725 2.649375 2.8225 3.048125 2.92375 2.77125 2.849375 3.00125 3.235 3.1575 3.455 3.87 4.29625 4.494375 4.004375 3.626875 3.3825 2.76 2.42125 2.45625 2.543125 2.523125 2.609375 2.8175 3.365 3.6775 3.72 3.61625 3.398125 3.345625 3.76625 4.194 4.11 3.82 3.428125 3.193125 2.931875 2.565 2.448125 2.338125 1.9775 1.9125 1.8 1.78875 1.60625 1.5075 1.579375 1.599333 1.580625 1.567333 1.554286 1.573571 1.570625 1.565 1.559375 1.534 1.526667 1.516667 1.473333 1.409375 1.435625 1.466 1.445
4.44 4.07375 4.11 3.573125 3.368125 3.397501 3.3525 3.498125 3.2275 2.896667 2.996667 3.035 3.0475 3.054375 3.33125 3.901875 4.255 4.500625 4.1425 3.25 2.69125 2.87125 2.614375 2.407333 2.49375 2.56875 2.639375 2.582 2.62375 3.194375 3.551875 3.590625 3.381875 3.244375 3.406875 3.853125 4.126667 4.11125 3.67 2.675 2.215625 2.266875 2.085 2.035 2.098 2.12875 2.045 1.980714 1.829375 1.590667 1.558333 1.591539 1.581875 1.597857 1.610714 1.604375 1.577857 1.575333 1.575 1.562666 1.539333 1.510667 1.506923 1.495455 1.471429 1.461333 1.453077 1.410625
4.8125 4.68875 4.3525 4.22 4.120625 3.82875 3.533125 3.71 3.511875 3.4275 3.395 3.249375 3.135 3.000625 3.028125 3.389375 4.1525 4.285 3.920625 2.60125 2.225 2.416875 2.3025 2.349375 2.323125 2.481875 2.61125 2.775625 2.749334 3.0175 2.986875 3.021875 3.08625 3.01375 3.344375 3.820625 4.066 4.087142 3.734375 2.804375 2.23875 2.1625 2.0475 1.960667 2.054375 2.0375 1.954 1.850625 1.72 1.605 1.598 1.596 1.6025 1.60125 1.618572 1.617334 1.601875 1.586429 1.580714 1.568 1.55 1.489286 1.473125 1.479167 1.47875 1.45875 1.4425 1.41
4.53125 4.069375 3.63625 3.705625 3.69875 3.88 3.734375 3.52375 3.285625 3.063125 3.035 2.94 3.021875 3.005 2.884375 3.153125 3.86125 3.8525 4.045625 2.87875 2.439375 2.48625 2.60875 2.405 2.588125 2.66375 2.67625 2.95875 2.783333 2.610625 2.299375 2.43125 2.669375 2.805 3.105625 3.559375 4.038182 4.063333 3.861875 2.98125 2.235625 2.184 2.076875 1.959375 1.9225 1.670625 1.813125 1.827143 1.777857 1.630667 1.587333 1.603125 1.598125 1.6 1.54 1.539333 1.585714 1.5825 1.57875 1.543334 1.531818 1.503333 1.444375 1.465625 1.480625 1.4475 1.43125 1.4425
4.454375 4.065 3.86875 4.28375 3.95625 3.54125 3.221875 2.9675 2.728125 2.781875 2.896875 2.920625 2.945625 2.806251 2.843125 3.175625 3.76375 3.794375 3.67 3.193125 3.131875 3.150714 3.125 3.055 3.105625 3.04125 2.999375 3.294375 2.628125 2.338125 2.348125 2.5125 2.458571 2.697333 3.11375 3.505625 3.977272 3.955714 3.6875 3.014375 2.4575 2.175625 2.071875 1.715 1.4775 1.635714 1.534375 1.6225 1.536875 1.605625 1.651875 1.63125 1.602143 1.595385 1.545333 1.5375 1.57 1.578571 1.560769 1.543077 1.498333 1.501429 1.49125 1.485 1.480625 1.42875 1.390667 1.365
4.664999 4.648125 4.523751 4.1725 3.834375 3.432501 3.215 3.05625 2.798125 3.113125 3.229375 3.07125 2.783125 2.130625 2.41375 2.815 3.63 3.471875 3.255 3.240625 3.26125 3.1625 3.0325 2.974375 3.086875 3.188125 3.219375 3.505 3.195625 2.823125 2.7275 2.717143 2.876875 3.418125 3.76375 3.9025 3.557857 3.453125 3.28 2.799375 2.444375 2.238125 2.0675 1.5625 1.528125 1.488125 1.496875 1.58125 1.451875 1.53625 1.631875 1.654667 1.612 1.581333 1.55 1.568667 1.565 1.543 1.537857 1.539286 1.4925 1.460625 1.49875 1.513125 1.450625 1.394375 1.355625 1.26875
4.215 4.677499 4.491875 4.12125 3.8825 3.76875 3.65125 3.36625 3.159375 3.498125 3.395 2.773125 2.503125 2.439375 2.68375 3.12625 3.630625 3.45625 2.91875 2.89875 3.1125 2.795 2.533125 2.5625 2.873125 3.08875 3.244375 3.6125 3.721875 3.6625 3.694999 3.65875 3.715 3.80875 3.63875 3.19625 2.89125 2.7175 2.778 2.81 2.58875 2.166875 2.127273 1.847857 1.611875 1.665625 1.72125 1.508125 1.567333 1.55 1.495 1.583125 1.6225 1.560667 1.535833 1.587333 1.548571 1.520833 1.52 1.52 1.506667 1.491333 1.494667 1.49375 1.474375 1.441875 1.393125 1.343125
4.80125 4.860625 4.6625 4.39375 4.43875 4.299375 3.950625 3.76875 3.855 3.89625 3.459375 2.78 2.825625 3.15375 3.2475 3.50625 3.219375 2.97 2.624375 2.75875 2.995 2.605625 1.883125 2.325625 2.800625 3.134375 3.345625 3.741875 3.166875 2.566875 2.929375 2.829375 3.346875 3.639375 3.075 2.36625 2.420625 2.47 2.78 2.565556 2.250625 2.173846 1.955 1.78125 1.793333 1.794167 1.799333 1.73625 1.692 1.528 1.44375 1.542 1.603 1.514375 1.554286 1.617333 1.540714 1.493 1.490769 1.498667 1.466428 1.413333 1.441875 1.450625 1.429375 1.453333 1.444444 1.43
5.193125 5.043125 4.934999 4.83875 4.394375 4.161875 4.14125 4.045625 3.93375 3.6175 3.105 2.81625 2.694375 2.3275 2.71 2.7625 2.30125 2.29 2.34125 2.53625 2.609375 2.614375 1.985 2.293125 2.861875 3.180625 3.545 3.65375 2.82625 1.974375 1.993125 2.439375 2.8825 3.295 3.180625 2.571333 2.441111 2.435625 2.54 2.099375 1.992667 2.111 1.845455 1.635625 1.705714 1.704286 1.746875 1.852 1.90875 1.745333 1.52875 1.521875 1.550714 1.605714 1.585 1.59375 1.51125 1.448666 1.475 1.491428 1.502857 1.5 1.476875 1.461818 1.454 1.446 -9999 -9999
5.054375 5.164375 5.034375 4.900625 4.59 4.221875 3.87625 3.615625 3.32625 3.120625 2.90375 3.249375 2.81 2.53625 2.8725 2.240625 2.56625 2.4175 1.725 1.76 2.149375 2.39375 2.465 2.71 3.106875 3.41 3.745 3.1175 2.13875 1.838125 1.928125 2.224 2.446923 2.643125 2.65875 2.33125 2.23 2.11625 2.42 2.015714 1.999167 2.048333 1.843846 1.683125 1.706875 1.709333 1.754375 1.765625 1.854375 1.897692 1.875384 1.71 1.5425 1.64875 1.626667 1.567333 1.502 1.491333 1.488571 1.495714 1.499333 1.4925 1.48 1.461429 1.4425 1.424375 1.415 1.386667
4.504375 4.88375 5.148125 5.096875 4.97875 4.3875 4.056875 3.82625 3.7825 3.7875 3.634376 3.3 2.580625 2.75625 3.24375 2.7225 2.76875 2.924375 2.356875 1.779375 2.378667 2.6475 2.746875 2.875 3.165625 3.60875 3.448125 2.52375 1.88375 1.960625 2.108 2.223077 2.244 2.170625 2.12125 2.159091 2.133333 2.096428 2.07875 2.078667 2.063077 1.960625 1.674 1.64 1.699286 1.71625 1.745 1.754375 1.76 1.862667 1.849286 1.851333 1.7225 1.680625 1.63625 1.532857 1.460667 1.479333 1.479285 1.479375 1.4825 1.4875 1.47 -9999 1.434286 1.407857 1.399231 1.384375
4.045 4.39 4.91375 4.97875 5.0975 4.9075 4.531875 4.294375 3.94875 3.61625 3.38125 3.384375 3.165 3.059375 3.475625 3.55375 3.58125 3.453125 3.090625 2.705 2.191875 2.7725 2.99875 3.11625 3.285625 3.46 3.03875 1.76125 1.819375 1.931875 2.09875 2.186923 2.074375 2.166429 2.122 1.774167 1.570667 1.701875 1.94875 2 1.983846 1.833125 1.78 1.634375 1.658333 1.675 1.729231 1.790625 1.815625 1.793125 1.8675 1.783125 1.772857 1.71375 1.69625 1.57875 1.48375 1.435333 1.45375 1.464 1.464375 1.4675 1.465333 1.446 1.428 1.415625 1.402857 1.384375
3.685625 3.836875 4.376875 4.923124 5.031875 5.055625 4.78 4.38875 4.1075 4.003125 3.969375 3.97125 4.010625 3.93875 4.125 4.1475 3.98125 3.945 3.659375 3.398124 3.06625 2.8425 2.79 2.8025 2.734375 3.035625 3.339375 2.626875 2.179375 1.852 1.87625 1.971875 1.993125 2.016667 2.079333 2.09 1.928125 1.946154 2.126667 1.972 1.68875 1.641875 1.67375 1.670625 1.696875 1.696154 1.721 1.716923 1.778125 1.80625 1.835714 1.758667 1.721334 1.799333 1.784 1.706875 1.560625 1.39875 1.4075 1.415 1.449375 1.454375 1.4525 1.4375 1.430625 1.418667 1.407333 1.394667
3.58375 3.768125 4.0225 4.45375 4.65 4.8025 5.050625 4.9175 4.74375 4.6125 4.556875 4.463125 4.343125 4.253125 3.835 3.428125 3.280625 3.644375 3.25125 2.725625 2.778125 2.106875 1.79 1.960625 1.9675 2.12125 2.6375 3.2325 2.845625 2.032 1.819375 2.060625 1.9725 2.046875 2.29625 2.32875 2.27875 2.182 1.94125 1.7775 1.674286 1.69 1.694667 1.66375 1.671429 1.6675 1.664375 1.706364 1.72125 1.69125 1.84 1.81 1.78 1.789091 1.847333 1.869375 1.71375 1.508125 1.39375 1.400625 1.40375 1.411875 1.399375 1.4 1.41125 1.4075 1.383125 1.367143
3.39625 3.629375 3.82375 4.136875 4.380625 4.278125 4.931875 4.786251 4.18375 3.37625 3.628125 3.601875 3.396875 3.533125 3.053125 2.930625 3.303125 3.615625 2.970625 2.041875 1.93625 1.954375 2.53375 2.705 2.52 2.26625 2.370625 2.81625 3.000625 2.79875 2.5725 2.48625 2.5725 2.5425 2.46 2.394667 2.190667 1.889375 1.71125 1.731539 1.666429 1.649167 1.668667 1.695333 1.689333 1.69125 1.665333 1.643636 1.685 1.685333 1.820769 1.820769 1.827143 1.832667 1.82125 1.9025 1.95625 1.7575 1.5125 1.508125 1.354375 1.354375 1.34375 1.383846 1.39 1.365 1.333125 1.32375
3.21 3.564375 3.749375 3.950625 4.2925 4.394375 4.870625 4.86375 4.25375 3.581875 3.27625 3.11375 2.83625 2.675625 2.870625 3.1875 3.205 3.144375 3.053125 2.381875 2.256667 2.025625 2.59125 2.9775 3.019375 2.6575 2.058125 2.255625 2.424375 2.589375 2.318125 2.055625 1.995 2.0425 2.255625 2.078125 1.900667 1.655 1.63 1.650625 1.665 1.684286 1.662143 1.693125 1.725625 1.767143 1.762143 1.618462 1.55375 1.660625 1.826429 1.745625 1.797333 1.88 1.883334 1.945625 2.029375 1.975625 1.881875 1.670625 1.438125 1.334375 1.2875 1.335625 1.334286 1.346364 1.325625 1.275625
3.233125 3.558125 3.85625 4.013751 4.551875 4.641875 4.658751 4.923124 4.66875 4.326875 3.88625 3.671875 3.451875 2.99625 2.46125 2.555625 2.36375 2.07875 2.58 2.594 2.503571 2.559375 2.089375 2.8875 3.235 2.85 2.081875 2.025333 1.966429 1.929375 1.99625 1.985 1.981429 1.922857 1.606875 1.743846 1.734167 1.660625 1.680714 1.652308 1.633125 1.746923 1.724375 1.76 1.796667 1.858333 1.77625 1.59625 1.66625 1.73375 1.756667 1.728572 1.756 1.87625 1.88625 1.95375 2.10125 2.178125 2.180625 1.94 1.743125 1.54 1.324375 1.281875 1.276875 1.3375 1.379375 1.368572
3.4775 3.698 3.641875 4.07875 4.425625 3.998125 4.189375 4.629375 4.810625 4.845625 4.625 4.415 4.17625 3.631875 3.2175 2.79 3.051875 2.6975 2.56625 2.52 2.5725 2.850625 2.72625 2.8125 3.24125 3.150625 2.47125 2.063125 2.00375 1.9875 1.932857 1.92125 1.905833 1.781333 1.636875 1.564667 1.753846 1.82375 1.806 1.783846 1.697333 1.827143 1.933 1.879167 1.905 1.93 1.831818 1.738125 1.743077 1.744167 1.619375 1.801538 1.864286 1.876667 1.8975 1.86875 1.94 1.9925 2.14625 2.301875 2.235 2.095 1.74125 1.48 1.326875 1.3425 1.419375 1.501429
