Code_and_data/Tas_Plant_GDM_Files/ASCII grids/precip_pet_ratio_2010_1km.asc
ncols         470
nrows         479
xllcorner     143.8
yllcorner     -43.7425
cellsize      0.01
NODATA_value  -9999
[rows 232 to 260 of 479, columns 195 to 259 of 470]
1.738155 1.697239 1.678452 1.613111 1.635197 1.611156 1.664144 1.631013 1.641247 1.636643 1.619754 1.588465 1.563955 1.477206 1.462646 1.561823 1.406768 1.422109 1.451208 1.436905 1.428717 1.425062 1.339577 1.259568 1.231286 1.190152 1.089243 1.033422 1.044391 1.061345 1.081788 1.10682 1.234412 1.265712 1.173567 1.142409 1.157545 1.101939 1.101429 1.146021 1.120944 1.117218 1.085636 1.077563 1.073446 1.040436 0.967603 0.9845034 0.9562916 0.9385929 0.9589254 0.9871027 1.022927 1.007074 1.006512 1.014196 0.9878169 0.9351197 0.9554285 1.065556 1.109086 0.9439878 0.8768746 0.836756 0.8129485
1.761972 1.765538 1.706046 1.65028 1.693595 1.662787 1.707619 1.673113 1.68961 1.675243 1.668619 1.562506 1.502297 1.500336 1.591139 1.651043 1.473051 1.431793 1.513243 1.485854 1.482579 1.429069 1.27295 1.135408 1.09234 1.048838 1.0649 1.122848 1.133927 1.180615 1.267846 1.22184 1.276819 1.239977 1.176099 1.223628 1.180901 1.153637 1.150311 1.173065 1.152016 1.150903 1.092352 1.051981 1.00107 0.9652646 1.037003 1.04156 1.022997 0.9687373 0.988084 1.024226 1.026708 1.03699 1.024269 1.014563 0.9659631 0.9581499 0.9602703 1.099149 1.192672 1.010901 0.9191491 0.8636931 0.8316337
1.76006 1.744331 1.655126 1.703252 1.747014 1.717604 1.718601 1.717989 1.69635 1.707306 1.66638 1.587345 1.529033 1.647342 1.628339 1.576966 1.562629 1.455716 1.553145 1.52744 1.442294 1.323622 1.123382 1.074527 1.054808 1.100412 1.214485 1.2791 1.282506 1.302704 1.315005 1.295388 1.297644 1.244197 1.217336 1.264142 1.229891 1.215622 1.207823 1.203541 1.177499 1.182682 1.145511 1.155493 1.011431 1.014139 1.08268 1.075838 1.021949 0.9870678 0.9733624 1.047354 1.046283 1.056225 1.046698 1.028962 0.9851118 1.011409 0.966845 1.048225 1.226097 1.106449 0.9631284 0.8928845 0.8411717
1.74077 1.721881 1.704269 1.761273 1.828484 1.768221 1.777797 1.72806 1.695331 1.648073 1.604781 1.568351 1.551088 1.659026 1.683776 1.601588 1.586915 1.483863 1.47692 1.542394 1.528704 1.326028 1.136662 1.103168 1.080059 1.130416 1.179864 1.284061 1.434837 1.450358 1.376722 1.349713 1.291348 1.235416 1.222775 1.269921 1.239091 1.214226 1.24031 1.273243 1.244672 1.191289 1.121072 1.107766 1.029755 1.015647 1.11876 1.15926 1.054944 0.9882816 0.988601 1.06212 1.065401 1.075615 1.052919 1.015457 1.003788 1.057222 1.023394 1.018451 1.125628 1.092024 0.9527367 0.8708535 0.8450769
1.824369 1.826892 1.767777 1.840797 1.915689 1.823122 1.817579 1.781829 1.757371 1.670563 1.64766 1.651929 1.676093 1.614973 1.633816 1.631845 1.532721 1.509727 1.554185 1.584613 1.78018 1.57814 1.328136 1.14476 1.10973 1.195475 1.351961 1.417915 1.531898 1.575697 1.434614 1.33051 1.342094 1.286848 1.333492 1.369745 1.291629 1.282738 1.370451 1.33614 1.350323 1.265355 1.135761 1.024618 1.056792 1.101148 1.137741 1.162768 1.182963 1.004943 1.04003 1.080786 1.073736 1.084537 1.076144 1.054057 1.00207 1.017998 1.058619 1.108006 0.9982731 0.9619612 0.9154732 0.8757036 0.8846334
1.92722 1.85744 1.782998 1.812613 1.927165 1.864358 1.851631 1.780112 1.748976 1.710598 1.713536 1.779724 1.746861 1.67979 1.662576 1.64851 1.600338 1.549367 1.596633 1.616904 1.712189 1.693265 1.515481 1.33922 1.146686 1.140588 1.247797 1.28541 1.3194 1.43477 1.428911 1.434817 1.472296 1.411559 1.356438 1.387813 1.377127 1.327579 1.37585 1.375207 1.37597 1.320171 1.17859 1.074226 1.222802 1.18062 1.144711 1.082781 1.079881 0.9996501 1.030245 1.083387 1.082577 1.077617 1.066815 1.053075 1.015989 1.020004 1.019546 1.06905 1.148103 0.9704411 0.9146202 0.9126179 0.9434919
2.023691 1.965654 1.840831 1.85364 1.91628 1.89377 1.865039 1.803044 1.785978 1.756849 1.756329 1.775519 1.758712 1.772843 1.707467 1.638729 1.581187 1.663539 1.758533 1.664807 1.738539 1.618272 1.539229 1.419905 1.202927 1.151197 1.17575 1.229539 1.310915 1.362525 1.567415 1.552596 1.533478 1.490667 1.437845 1.435527 1.429422 1.359536 1.303264 1.296488 1.224737 1.183647 1.093101 1.150426 1.232663 1.280073 1.290397 1.225336 1.187708 1.057203 1.00742 1.049271 1.078742 1.08295 1.068016 1.034413 1.044487 1.039349 1.031788 1.075466 1.244667 1.149383 0.9923458 0.9342719 0.9457503
2.5762 2.142431 1.89711 1.881013 1.923202 1.926254 1.888454 1.87181 1.821629 1.794064 1.830143 1.963161 1.908006 1.760071 1.725353 1.6652 1.664549 1.759128 1.876351 1.680668 1.654154 1.626658 1.640396 1.586415 1.284597 1.404121 1.625272 1.630448 1.565689 1.52854 1.604514 1.629117 1.572688 1.495656 1.383109 1.355826 1.304862 1.243758 1.204762 1.284405 1.190812 1.096511 1.204364 1.230319 1.248006 1.307467 1.292968 1.308899 1.377011 1.252485 1.036389 1.04458 1.063966 1.102844 1.0908 1.048332 1.073285 1.092651 1.059354 1.101623 1.192406 1.137981 1.02635 0.9516966 0.9594428
2.796606 2.170049 1.885167 1.848167 1.867921 1.910386 1.935031 1.882394 1.842578 1.840483 1.964171 2.317725 1.949735 1.887783 1.932334 1.857616 1.81623 1.825253 1.806079 1.713115 1.646896 1.632188 1.56445 1.401517 1.296673 1.29245 1.501618 1.567162 1.537196 1.559652 1.609501 1.695388 1.583867 1.490541 1.414563 1.366118 1.319239 1.254955 1.156861 1.183125 1.139427 1.219165 1.279129 1.266062 1.305412 1.269106 1.239401 1.217091 1.199446 1.204136 1.146983 1.116476 1.087949 1.129169 1.081063 1.056961 1.087337 1.121218 1.090218 1.134717 1.290509 1.222117 1.09896 1.047603 0.9853359
2.166694 2.002229 1.909335 1.869903 1.961198 1.991346 1.973199 1.873538 1.921494 1.931949 2.115055 2.146388 2.047774 2.012916 1.897721 1.852376 1.801103 1.759017 1.753812 1.810743 1.63922 1.548443 1.458796 1.416364 1.48299 1.28023 1.309498 1.379025 1.476586 1.596385 1.638028 1.618613 1.580779 1.536605 1.478863 1.407597 1.247273 1.183047 1.165122 1.181305 1.353744 1.34709 1.229277 1.214113 1.249711 1.182313 1.153396 1.083672 1.135319 1.097562 1.101729 1.163487 1.172766 1.116631 1.109632 1.070003 1.089896 1.126252 1.119473 1.127438 1.252711 1.239559 1.055946 1.036902 0.9480358
2.029714 1.995467 1.979537 1.98655 1.993061 1.972519 1.93606 1.905953 1.945356 1.927481 1.883841 1.85832 1.857103 1.784623 1.701143 1.782288 1.677194 1.713368 1.897986 1.866759 1.765305 1.755196 1.775531 1.70494 1.74161 1.519884 1.33607 1.448776 1.64414 1.778305 1.682329 1.670206 1.607793 1.570668 1.461559 1.308992 1.171981 1.254884 1.410406 1.363474 1.396433 1.279423 1.186273 1.174872 1.222179 1.135525 1.09192 1.079876 1.074952 1.137856 1.212993 1.206297 1.177958 1.137367 1.122938 1.08568 1.094766 1.112641 1.102918 1.108275 1.104423 1.085169 1.054436 1.030572 0.9811792
2.014874 2.023358 2.031959 2.039715 1.980703 1.922197 1.928192 1.968788 1.97264 1.913684 1.851018 1.789797 1.758461 1.684143 1.632903 1.627 1.61629 1.776814 2.059428 2.128139 2.25774 2.181502 2.054782 1.814274 1.875888 1.860932 1.652403 1.375043 1.815009 1.853168 1.698454 1.643465 1.642073 1.6383 1.47141 1.304622 1.250588 1.313076 1.441761 1.329089 1.271057 1.274817 1.250282 1.180911 1.174988 1.133246 1.1182 1.118947 1.117723 1.18192 1.247913 1.190975 1.179035 1.14285 1.115334 1.104515 1.112953 1.120788 1.100527 1.082345 1.10149 1.11715 1.120184 1.122012 1.022897
2.059534 2.074075 2.078849 2.009831 1.992378 1.981828 2.010655 1.98856 1.926566 1.916914 1.903268 1.877216 1.801528 1.766241 1.727542 1.698638 1.611767 1.645003 1.676184 1.667867 1.755045 1.783341 1.824337 1.735773 1.598411 1.503574 1.500078 1.440382 1.618699 1.777613 1.709459 1.659371 1.719502 1.665182 1.471384 1.266633 1.444112 1.550247 1.386376 1.326575 1.377318 1.344021 1.300608 1.287097 1.235944 1.154154 1.223311 1.225103 1.203321 1.274185 1.227632 1.191476 1.178105 1.145356 1.155266 1.129002 1.146434 1.156762 1.130309 1.088692 1.105673 1.090977 1.121689 1.220733 1.082777
2.094762 2.090232 2.044898 2.028011 2.008694 2.063562 2.043208 2.001903 1.974667 1.955685 1.926338 1.857401 1.717322 1.702904 1.682655 1.658281 1.637697 1.654431 1.591897 1.567759 1.57553 1.61431 1.651495 1.589817 1.522294 1.583925 1.534847 1.634923 1.676389 1.742805 1.738721 1.700338 1.73536 1.571472 1.39069 1.516289 1.619242 1.481024 1.402438 1.444346 1.457256 1.378659 1.371025 1.25346 1.213233 1.24361 1.362264 1.311605 1.311305 1.302381 1.263348 1.22803 1.198086 1.182421 1.138588 1.10286 1.131999 1.163232 1.111618 1.084096 1.054013 1.026786 1.016313 1.027203 0.9976797
2.106395 2.079974 2.066217 2.110735 2.067758 2.16661 2.04331 2.026233 2.010151 1.943747 1.88949 1.802588 1.908836 1.946368 2.167478 1.962829 1.738286 1.730767 1.681804 1.65877 1.622523 1.553523 1.550683 1.579142 1.684235 1.723242 1.590642 1.724593 1.737982 1.706457 1.757483 1.790184 1.771428 1.518346 1.609013 1.725711 1.616649 1.586579 1.593068 1.505683 1.421556 1.370379 1.237347 1.141724 1.235444 1.418915 1.438255 1.358359 1.303531 1.257509 1.240964 1.240022 1.188336 1.174675 1.137208 1.088934 1.092177 1.109413 1.066161 1.042697 1.04432 1.032431 1.041109 1.021616 1.017519
2.10849 2.119912 2.115074 2.111141 2.050111 2.010285 1.995677 1.995185 2.007619 2.027564 1.950303 1.842359 2.002046 2.396358 2.897305 2.188689 1.858483 1.847617 2.037952 1.904416 1.741253 1.776908 1.833858 1.743528 1.841039 1.752935 1.703059 1.79913 1.804937 1.75494 1.747382 1.777098 1.759027 1.551308 1.714324 1.776868 1.729554 1.732151 1.598948 1.560694 1.427231 1.310452 1.200155 1.216872 1.35431 1.486761 1.457737 1.44794 1.36271 1.257794 1.21517 1.160468 1.138621 1.124159 1.120213 1.099406 1.096451 1.078272 1.089672 1.097088 1.149194 1.104858 1.14389 1.125735 1.094965
2.121493 2.134324 2.10858 2.055388 2.006958 1.985273 1.977852 1.961844 1.952147 1.975533 1.903082 1.951854 2.044905 2.410494 2.747701 2.193334 1.982613 2.174595 2.62677 2.301097 2.059172 2.383746 2.110532 1.863209 1.85393 1.880864 1.872904 1.852538 1.815674 1.804724 1.78617 1.851604 1.80481 1.665222 1.60249 1.7951 1.745745 1.653674 1.439845 1.326271 1.267532 1.244065 1.285069 1.451094 1.556271 1.575381 1.469465 1.345704 1.284908 1.210705 1.201406 1.193197 1.197557 1.193591 1.185905 1.140537 1.180944 1.157067 1.195629 1.196084 1.168265 1.141047 1.147262 1.116719 1.07457
2.124475 2.109048 2.081626 2.045313 2.015783 2.042913 2.025946 1.976258 1.947245 1.955025 1.948383 1.977015 2.018801 2.341111 2.640276 2.393513 2.486964 2.493093 3.026557 3.325538 3.032281 2.560651 2.119221 1.989549 2.007972 2.109021 1.985219 1.890831 1.844037 1.848786 1.789419 1.878549 1.862212 1.733111 1.581721 1.727188 1.75157 1.64666 1.48048 1.297751 1.227091 1.323281 1.476693 1.612036 1.65574 1.534487 1.461015 1.260605 1.230787 1.262502 1.371614 1.422806 1.398927 1.388742 1.397982 1.239659 1.283058 1.239098 1.192913 1.183874 1.122635 1.122545 1.107167 1.121155 1.07385
2.175108 2.119442 2.064649 2.055429 2.04527 2.098465 2.041011 2.00213 1.972139 2.048515 1.999007 2.112907 2.228641 2.497789 2.974191 2.880965 3.167843 3.062171 3.453681 3.497879 3.401361 3.027738 2.583904 2.559381 2.426621 2.77935 2.368788 2.034379 1.953209 1.913473 1.894624 1.947479 1.865962 1.653216 1.764662 1.825064 1.748264 1.53581 1.398398 1.264858 1.352434 1.533351 1.603507 1.662031 1.639679 1.454259 1.31553 1.273746 1.323504 1.386902 1.809494 2.33122 2.262629 2.095087 1.745526 1.419142 1.336872 1.227765 1.157131 1.124668 1.100149 1.139249 1.136773 1.086625 1.05564
2.156899 2.109547 2.13429 2.113656 2.074036 2.106427 2.082996 2.053535 2.006648 2.086811 2.041214 2.179056 2.560868 2.889984 2.888312 3.061825 3.16767 3.301709 3.351227 3.251596 3.27832 3.115982 2.926589 2.941949 2.882971 2.830464 2.579285 2.340222 2.201143 1.999453 1.975996 1.888893 1.703097 1.741699 1.835647 1.882684 1.685694 1.48952 1.310103 1.265221 1.416672 1.625942 1.628983 1.575486 1.502848 1.377763 1.291224 1.29491 1.411756 1.532818 1.918092 2.670246 2.516074 2.479413 2.256821 1.751844 1.398053 1.222791 1.165756 1.207978 1.148385 1.094296 1.078915 1.064392 1.052458
2.220541 2.14316 2.155678 2.161242 2.116415 2.145754 2.170254 2.108314 2.047524 2.158459 2.175572 2.235031 2.434668 2.717608 2.941209 3.051905 3.22443 3.217576 3.002352 3.023228 3.008778 2.859104 2.719156 2.715621 2.844393 2.709232 2.426437 2.129274 1.943588 1.826833 1.825639 1.746378 1.727229 1.763696 1.820042 1.78643 1.594389 1.389645 1.299269 1.350749 1.544145 1.561362 1.50164 1.452842 1.408185 1.389272 1.378566 1.360263 1.385509 1.513854 1.811386 2.37605 2.280321 2.218254 2.237056 1.751274 1.324274 1.208673 1.229344 1.244603 1.201601 1.124359 1.139496 1.104306 1.093223
2.21214 2.161613 2.167006 2.210459 2.185385 2.177247 2.179061 2.101657 2.078876 2.231138 2.586308 2.43701 2.431815 2.819605 2.905191 3.025762 3.179011 3.088448 2.830092 2.707712 2.689917 2.575356 2.465252 2.564926 2.590059 2.373232 2.347202 2.092942 1.933542 1.884235 1.800783 1.74927 1.756721 1.854504 1.938069 1.864674 1.708653 1.422964 1.360184 1.490918 1.489143 1.663843 1.844582 1.922204 2.042168 1.992732 2.017374 1.699663 1.644993 1.888792 2.320415 2.377123 2.069642 1.908431 1.861252 1.714072 1.319563 1.346286 1.437777 1.279013 1.260912 1.186041 1.214795 1.151577 1.129124
2.246258 2.22173 2.200082 2.21679 2.225818 2.226225 2.127936 2.137407 2.181953 2.458647 2.669759 2.407092 2.557037 2.791966 3.055587 3.098984 2.976 2.815756 2.707096 2.602203 2.362032 2.363206 2.262984 2.235957 2.23366 2.130445 2.101114 2.222669 2.190813 2.18137 1.956732 1.824958 1.900705 2.031542 2.041289 1.832319 1.645874 1.385224 1.45675 1.737091 1.686196 1.740619 1.783566 2.098088 2.10661 2.099425 2.119194 1.987214 2.138798 2.106051 1.949509 1.936879 1.71897 1.515484 1.347165 1.343816 1.298705 1.267573 1.334136 1.326865 1.477907 1.299964 1.268121 1.2988 1.262296
2.351834 2.301357 2.256658 2.227747 2.193654 2.19324 2.164484 2.35971 2.569658 2.419389 2.456276 2.496198 2.823661 2.936817 3.003617 2.952031 2.678691 2.653885 2.622336 2.518356 2.685867 2.757235 2.495139 2.211219 2.324659 2.491217 2.551063 2.536074 2.472139 2.287241 1.989928 1.911409 1.998407 2.112468 1.913853 1.709638 1.586973 1.393185 1.463064 1.86546 1.946675 1.847069 1.780393 1.806448 1.842676 1.725568 1.644361 1.686634 1.625419 1.487655 1.409733 1.378802 1.349141 1.30018 1.253572 1.218861 1.195016 1.189672 1.196099 1.252201 1.333696 1.402777 1.485839 1.663022 1.587059
2.388458 2.3491 2.324775 2.277023 2.219837 2.212775 2.230057 2.338934 2.350661 2.313119 2.451048 2.707363 2.853154 2.947933 2.853535 2.695573 2.632869 2.71319 2.785661 2.780061 2.631011 2.554329 2.488809 2.379952 2.417482 2.526213 2.514915 2.411305 2.297669 1.998021 1.946028 2.099291 2.108845 1.89141 1.698767 1.578565 1.479168 1.391975 1.519446 1.881436 2.035834 1.940509 1.951065 1.901881 1.765892 1.709722 1.87836 1.641369 1.45754 1.404973 1.309929 1.317559 1.279932 1.227447 1.216925 1.212847 1.187784 1.171241 1.164209 1.182375 1.195878 1.22028 1.303918 1.405376 1.351238
2.429588 2.435238 2.413254 2.348659 2.274839 2.246176 2.252173 2.276831 2.287828 2.327504 2.465389 2.655947 2.969095 2.794505 2.697025 2.672659 2.779772 3.004566 2.906041 2.698288 2.622677 2.561325 2.507229 2.441051 2.420593 2.3046 2.259153 2.164763 2.069299 2.214866 2.233459 2.16439 2.047258 1.878246 1.700603 1.564652 1.45461 1.446406 1.50121 1.571762 1.69361 1.935471 1.974021 1.914632 1.863078 1.861403 1.858416 1.794041 1.475254 1.380911 1.51178 1.566911 1.496017 1.305977 1.266372 1.287057 1.201094 1.183655 1.179052 1.164104 1.167196 1.169749 1.166832 1.194563 1.148091
2.462489 2.512883 2.470367 2.377131 2.371628 2.349626 2.332247 2.384069 2.342461 2.423766 2.669506 2.869234 2.837168 2.648122 2.693044 2.790836 2.923124 2.919262 2.777159 2.701599 2.624321 2.539475 2.43823 2.367826 2.327918 2.354569 2.394336 2.381951 2.207994 2.313886 2.217382 2.104046 2.153239 1.885452 1.705909 1.588701 1.498227 1.387723 1.441205 1.484901 1.582708 1.756512 1.930072 1.950741 1.945692 1.939605 1.693552 1.454274 1.399344 1.590696 1.604074 1.541435 1.592321 1.540476 1.459319 1.31184 1.227915 1.225063 1.212798 1.198119 1.172892 1.174793 1.144138 1.150205 1.150561
2.453159 2.466989 2.479567 2.413026 2.466248 2.504349 2.429278 2.290789 2.302041 2.731417 3.046442 3.003784 2.676023 2.655654 2.843171 2.909548 2.856459 2.804302 2.746364 2.690013 2.576055 2.516103 2.507207 2.458336 2.427234 2.435575 2.428958 2.361904 2.293791 2.273312 2.221662 2.190831 2.258607 2.161949 1.819186 1.638234 1.52803 1.446367 1.463851 1.540856 1.660174 1.954202 1.96885 1.906317 1.822515 1.701172 1.529685 1.392769 1.369359 1.515677 1.602133 1.501236 1.412483 1.404535 1.457581 1.426414 1.357395 1.30673 1.258214 1.259176 1.212322 1.192233 1.18648 1.184367 1.198896
2.402751 2.540898 2.462362 2.505194 2.53938 2.322001 2.17588 2.059788 2.499579 2.874179 3.064835 2.755436 2.667835 2.735208 2.856365 2.861054 2.812841 2.771556 2.704213 2.641048 2.580517 2.604923 2.652599 2.571998 2.572177 2.507033 2.429015 2.384928 2.376454 2.328743 2.268767 2.233145 2.092831 2.24505 1.944279 1.778747 1.645108 1.492568 1.528798 1.577195 1.714115 1.992873 1.975581 1.901062 1.657435 1.528659 1.462451 1.375515 1.387481 1.443633 1.423662 1.414002 1.383459 1.428276 1.357123 1.3047 1.294573 1.292663 1.304417 1.330683 1.282863 1.213957 1.222747 1.202102 1.179907
