Code_and_data/Tas_Plant_GDM_Files/ASCII grids/precip_pet_ratio_2100_1km.asc
ncols         470
nrows         479
xllcorner     143.8
yllcorner     -43.7425
cellsize      0.01
NODATA_value  -9999
[rows 280 to 307 of 479, columns 390 to 454 of 470]
0.563228 0.5300265 0.5210844 0.5120363 0.5153674 0.5140606 0.5248973 0.5480756 0.6006413 0.5938221 0.687625 0.7612375 0.8885326 1.115386 0.8822723 0.7692632 0.8192278 1.025881 1.110946 1.123066 1.092111 1.166568 1.118871 1.066811 1.071441 0.9738776 0.9391046 0.889567 0.8221703 0.7473384 0.6962296 0.7389611 0.7306057 0.7424222 0.6233373 0.6077864 0.6257569 0.6409258 0.6831445 0.7311008 0.7917914 0.8847173 0.9253378 0.9120333 0.8796538 0.893481 0.9120469 0.8446501 0.808953 0.7139722 0.8447939 0.8824816 0.8386431 0.7417538 0.6437069 0.6294668 0.6090896 0.5989588 0.595919 -9999 -9999 -9999 -9999 -9999 -9999
0.5392238 0.5226108 0.5080036 0.5155911 0.5201393 0.526792 0.5397384 0.5739067 0.6784928 0.7325597 0.8181008 0.9314324 1.146284 1.345879 1.053809 0.9043086 0.8366519 0.8528526 0.8491418 0.7783754 0.8148409 0.9545806 0.8599718 0.8759369 1.017841 0.8998318 0.8788827 0.8715966 0.8098357 0.6875642 0.6380944 0.621484 0.6130661 0.635798 0.6000389 0.6252481 0.6748804 0.6887248 0.7670563 0.8464543 0.926354 0.9132197 0.9214848 0.842582 0.8749618 0.9043552 0.8876613 0.8429636 0.8196012 0.6988378 0.7023168 0.7290366 0.7096154 0.7010294 0.6522839 0.6218377 0.6036091 0.597052 -9999 -9999 -9999 -9999 -9999 -9999 -9999
0.5089963 0.5056654 0.5091137 0.5212256 0.5265328 0.5506047 0.5952172 0.5984113 0.6974273 0.870677 0.9965292 0.9867475 0.9083109 0.9687682 0.9212498 0.8205473 0.8409585 0.7722868 0.7349405 0.6591058 0.7021035 0.7647445 0.6964996 0.6791213 0.6630456 0.6808762 0.7490105 0.6964038 0.6236061 0.574914 0.5627393 0.5699578 0.5948511 0.685115 0.639432 0.6526732 0.7086546 0.7907996 0.9149851 0.9719328 0.9855792 0.9730271 0.9707239 0.8287241 0.8770694 0.8597938 0.8572322 0.8742238 0.8981408 0.8219785 0.7200039 0.6825465 0.637248 0.6239997 0.6076324 0.6024055 0.5966591 0.5936729 -9999 -9999 -9999 -9999 -9999 -9999 -9999
0.5074111 0.508618 0.5060832 0.509846 0.520954 0.550342 0.597079 0.6311149 0.6694115 0.7897911 0.8175087 0.7736005 0.7590181 0.7231532 0.7747102 0.7752969 0.7181161 0.7192399 0.6313971 0.6105313 0.6579713 0.654027 0.6126158 0.604075 0.5923896 0.5828825 0.6182812 0.6295283 0.5652261 0.5531811 0.5551237 0.5648957 0.6093717 0.6707714 0.7781158 0.8107425 0.8240471 0.9478266 0.9540963 0.8753855 0.8796126 0.9221094 0.9516117 0.8291832 0.7516163 0.7686734 0.7980494 0.8468995 0.8711679 0.8455029 0.8565209 0.8731331 0.7685981 0.7810003 0.7112319 0.6432866 0.6015284 -9999 -9999 -9999 -9999 -9999 -9999 -9999 -9999
0.5139953 0.5168594 0.5120263 0.5059212 0.5079708 0.5243939 0.5578475 0.6082202 0.6378939 0.7096954 0.6614735 0.6907604 0.6485447 0.6334681 0.6957504 0.6488785 0.6227458 0.605509 0.6059768 0.6016927 0.6308274 0.6266026 0.5715834 0.5534582 0.5640495 0.5506954 0.573285 0.617975 0.5594025 0.5460433 0.5516444 0.5715652 0.6616494 0.7755654 0.8883764 0.9488437 0.8982168 0.7993541 0.8082873 0.7873231 0.7849731 0.8508467 0.8197122 0.7592627 0.7140478 0.7479407 0.8212988 0.8876397 0.8987712 0.8192225 0.8412046 0.8768876 0.8680714 0.8458421 0.7372053 0.6463309 0.5991588 -9999 -9999 -9999 -9999 -9999 -9999 -9999 -9999
0.5158054 0.5195389 0.5144703 0.5067691 0.5109504 0.5155565 0.5531159 0.6483843 0.5942173 0.6052352 0.5582946 0.5595617 0.5574737 0.5591423 0.5714944 0.5522341 0.5618714 0.5493674 0.5457323 0.5636368 0.5595216 0.5799899 0.543124 0.5320311 0.5309553 0.5307468 0.5738597 0.5908431 0.537545 0.53857 0.5477006 0.5625508 0.6434994 0.754181 0.7279888 0.759582 0.74822 0.716251 0.7127454 0.7081056 0.7969269 0.7863157 0.7857997 0.7468487 0.6937919 0.7587882 0.7908686 0.8687491 0.8947967 0.8325571 0.81199 0.8793439 0.881438 0.7736206 0.6746234 0.6212937 0.5953578 -9999 -9999 -9999 -9999 -9999 -9999 -9999 -9999
0.5197739 0.5328926 0.5282613 0.513829 0.5141482 0.5076561 0.5088561 0.5356863 0.5477699 0.5182818 0.5191017 0.5175126 0.5173171 0.5202875 0.5209208 0.5227027 0.5239839 0.5182483 0.5202377 0.524471 0.5224183 0.5230485 0.520379 0.5206968 0.5209855 0.5251892 0.567724 0.5725133 0.5376762 0.5537483 0.5503175 0.5746018 0.6092075 0.6111071 0.649688 0.6591972 0.6501763 0.6516952 0.6613488 0.6645365 0.7136472 0.7179368 0.7647532 0.771094 0.703941 0.728968 0.7564464 0.8224241 0.8752826 0.8343482 0.7885733 0.8403339 0.7903469 0.6888011 0.6318093 0.602285 0.5969079 -9999 -9999 -9999 -9999 -9999 -9999 -9999 -9999
0.5370873 0.5462016 0.5648903 0.5353631 0.5168115 0.5135545 0.5132532 0.5147798 0.5153232 0.5434414 0.5360144 0.5323055 0.5337443 0.5191378 0.5183341 0.519601 0.5206351 0.5194895 0.5324859 0.5482339 0.5507863 0.5284909 0.5214873 0.5226414 0.5241045 0.5252151 0.5345296 0.5362235 0.5678186 0.6477066 0.6475942 0.5664816 0.5722529 0.5896074 0.5974725 0.6105999 0.6361248 0.6306605 0.6320392 0.6413424 0.6707729 0.6904177 0.7568821 0.766452 0.6796066 0.6857666 0.7203326 0.7895207 0.8402435 0.81372 0.801586 0.7218603 0.6947012 0.6528085 0.6236348 0.6096869 0.6006396 -9999 -9999 -9999 -9999 -9999 -9999 -9999 -9999
0.5589319 0.5613717 0.6174054 0.5602683 0.5261731 0.5289426 0.5228968 0.5310912 0.5313305 0.5367211 0.5335532 0.5477872 0.577155 0.5469205 0.5334006 0.5342515 0.5361325 0.5312188 0.5318573 0.5566415 0.5610815 0.5429962 0.551514 0.5537546 0.5432127 0.5511194 0.5875885 0.6109422 0.6708282 0.8092439 0.6950124 0.5710637 0.615186 0.6917219 0.6815763 0.7035099 0.6970664 0.6624231 0.6432332 0.6349732 0.6443635 0.6733983 0.7271928 0.7357656 0.6901964 0.6732332 0.7105478 0.7554268 0.7843817 0.8300389 0.8289034 0.7775922 0.7203473 0.7426223 0.6461256 0.6114067 0.6026105 -9999 -9999 -9999 -9999 -9999 -9999 -9999 -9999
0.6157276 0.5816247 0.6774346 0.6171969 0.567964 0.5474628 0.5364552 0.5652673 0.5661849 0.559153 0.5588613 0.5667345 0.6314799 0.5722783 0.5565333 0.5442759 0.5504669 0.5540861 0.5556398 0.5653861 0.6009897 0.6573094 0.6480219 0.6170017 0.6358222 0.667285 0.6969513 0.7837385 0.7581103 0.7141918 0.6058302 0.5729793 0.6404332 0.7004489 0.7140896 0.7071231 0.7093021 0.6275101 0.6349038 0.6339211 0.6403729 0.683094 0.7038066 0.7540759 0.6955538 0.668713 0.674677 0.7187486 0.741303 0.7281727 0.7248689 0.6955369 0.6435493 0.7011646 0.6470573 0.6382222 0.6185783 0.6065495 -9999 -9999 -9999 -9999 -9999 -9999 -9999
0.7345988 0.6220092 0.7955293 0.7926331 0.6501175 0.5700858 0.5534899 0.578532 0.6137719 0.6086367 0.6044717 0.6364763 0.5805495 0.6215833 0.5855289 0.5668639 0.5863686 0.6028137 0.591573 0.6569758 0.8550417 0.9343794 0.8400508 0.7574989 0.8143007 0.844927 0.8750611 0.8915861 0.7652526 0.6497357 0.6298292 0.5878129 0.6065089 0.6842915 0.6891971 0.6984689 0.6396987 0.5840643 0.5883528 0.5944586 0.6391901 0.7086796 0.7137532 0.7032705 0.6761954 0.64999 0.6450083 0.6786637 0.6331948 0.6206873 0.6262359 0.6302714 0.6184008 0.6201777 0.6315885 0.7010294 0.705779 0.6703076 0.6145557 -9999 -9999 -9999 -9999 -9999 -9999
0.8107701 0.6702822 0.7815105 0.9312969 0.7407689 0.6089127 0.666973 0.6257669 0.6294833 0.6656936 0.6630796 0.6994761 0.737874 0.7435511 0.6606153 0.6681338 0.7371141 0.6916795 0.713123 0.8360448 0.9724311 0.9839898 0.8650597 0.9367984 0.8986748 0.8534108 0.7829301 0.7744518 0.6862581 0.6710643 0.636481 0.6049723 0.6135182 0.6588086 0.6829447 0.6751704 0.6218248 0.5676309 0.5527462 0.5865063 0.597167 0.6636221 0.7263616 0.7072163 0.6887199 0.6720393 0.6813425 0.6294418 0.6666602 0.6254447 0.617286 0.6340213 0.634253 0.6342096 0.6353524 0.6442586 0.7212869 0.7412328 0.6438935 0.6229633 0.615266 -9999 -9999 -9999 -9999
0.8351802 0.7459319 0.7657942 0.930064 0.8269039 0.675912 0.7958733 0.8248405 0.8247151 0.7707291 0.8936685 1.021133 1.055042 1.065629 0.9029412 1.006606 1.063019 0.9411468 0.9573555 0.991211 0.910672 0.8662364 0.8333622 0.7703422 0.7273859 0.708764 0.7184606 0.69793 0.7203676 0.7171639 0.6325288 0.5725122 0.6341557 0.6469394 0.6783505 0.6811615 0.6178067 0.5762762 0.5688827 0.5557491 0.5863714 0.6432561 0.7083816 0.7406071 0.7743511 0.7118663 0.6978139 0.6691955 0.7237667 0.671195 0.6911338 0.7094548 0.662185 0.6427371 0.6394973 0.6291656 0.6690519 0.6744058 0.6550782 0.6907521 0.6386437 -9999 -9999 -9999 -9999
0.9126854 0.8395215 0.8358597 0.845709 0.8190523 0.7468338 0.9344686 0.8792235 0.957747 1.003832 1.093297 1.189832 1.237579 1.183745 1.139519 1.156097 1.070934 0.9972889 0.9441203 0.8648543 0.7846861 0.7041175 0.7594651 0.77522 0.7546635 0.6242642 0.6445625 0.5783392 0.5878391 0.6112528 0.6182221 0.5435843 0.5742859 0.642549 0.6604907 0.6001034 0.5696222 0.5543346 0.5779462 0.5611843 0.5686728 0.5968738 0.6424541 0.7488137 0.7705549 0.7213628 0.7523492 0.7200559 0.7518364 0.8070847 0.8136511 0.8337626 0.7214696 0.6593961 0.6432139 0.6260861 0.6332796 0.6393024 0.6417857 0.6710471 0.6261018 -9999 -9999 -9999 -9999
0.8523885 0.8843125 0.9315697 0.9596846 0.8865464 0.789986 0.9387296 0.8869013 0.9551156 1.085576 1.027597 1.080693 1.226894 1.244253 1.180035 1.147449 1.113489 1.067381 1.006302 0.9268039 0.8304052 0.7861819 0.6781104 0.6171233 0.6509823 0.5957221 0.5735132 0.6113635 0.610751 0.5318146 0.5254998 0.5132657 0.5299122 0.5791656 0.6163557 0.604638 0.557355 0.5328876 0.5381119 0.5463421 0.5826008 0.6321454 0.6993123 0.7420372 0.7917465 0.783243 0.7940958 0.7554772 0.8081749 0.888151 0.8803859 0.870675 0.8097298 0.7036575 0.6394073 0.6221726 0.624306 0.6282659 0.643683 0.6753356 0.6569852 0.616197 -9999 -9999 -9999
0.8584912 0.816833 0.8601739 0.9073823 0.9465173 0.8509112 0.853493 0.8505681 0.8968731 1.007183 0.9530947 0.9342237 1.079161 1.178352 1.166255 1.151519 1.100591 1.053609 0.9962597 0.9487801 0.8468092 0.7439778 0.6820701 0.6369784 0.6362228 0.6047385 0.6534052 0.6314933 0.6066715 0.561257 0.5923135 0.5760044 0.5271021 0.5159661 0.5262507 0.5650832 0.5338733 0.5245973 0.5335627 0.5517281 0.5820988 0.651461 0.7438572 0.8073313 0.8335876 0.7664551 0.7784786 0.8057988 0.8593373 0.8744502 0.8202934 0.781775 0.7134787 0.6946875 0.6304743 0.6197341 0.6225825 0.6309021 0.6468063 0.6786962 0.7169691 0.6505144 -9999 -9999 -9999
0.8784871 0.816569 0.7840779 0.9031998 0.9475269 0.8546858 0.7980402 0.8307747 0.9427335 0.9636511 0.9723204 0.9345164 0.983305 1.147296 1.113677 1.069086 1.018264 0.9874809 0.9446678 0.9298278 0.8671582 0.8127673 0.7621281 0.7189855 0.6769029 0.6381826 0.6536448 0.652146 0.6088492 0.6091672 0.6383869 0.6038209 0.6238866 0.5656826 0.5163467 0.5178745 0.5262902 0.5277277 0.529967 0.5437739 0.5679569 0.614785 0.6554826 0.7228891 0.8059418 0.7609574 0.7385291 0.7657315 0.7990195 0.8007292 0.7125568 0.6558244 0.6434535 0.6382654 0.6247696 0.6190425 0.6263237 0.6403945 0.6579369 0.6708947 0.7455414 0.7573239 0.6763785 -9999 -9999
0.7857704 0.7631151 0.7581426 0.8286732 0.8758222 0.8579397 0.78901 0.8574255 0.9432183 0.9129968 0.9199193 0.9137743 0.8859206 0.9951627 1.041198 0.9694223 0.9347701 0.9154328 0.9036101 0.8786024 0.8602976 0.7649359 0.7248027 0.6528199 0.6165873 0.6125555 0.6038402 0.5932692 0.6025748 0.6111565 0.6096528 0.5824845 0.5673182 0.5422899 0.5302325 0.5169553 0.5129768 0.5171818 0.5236673 0.5502934 0.5944827 0.6634736 0.7521499 0.767325 0.7488406 0.7314686 0.7122794 0.655683 0.6632316 0.6967253 0.6703511 0.6184401 0.6216058 0.6158716 0.6169915 0.6195765 0.627019 0.6446659 0.7077458 0.679603 0.6699933 0.663785 -9999 -9999 -9999
0.7545169 0.7883103 0.7802579 0.7709821 0.8006752 0.7880095 0.7689534 0.8080221 0.9555213 0.9612643 0.934949 0.9090129 0.8549207 0.8924958 0.9803763 0.9816957 0.9116793 0.8684265 0.8789223 0.8402669 0.7710263 0.7778489 0.6962222 0.6365798 0.5993467 0.5701048 0.5559951 0.5497324 0.5548806 0.5824002 0.5739206 0.5621976 0.5491406 0.5530213 0.5446211 0.5229629 0.5184304 0.5218899 0.5232741 0.5438047 0.5905135 0.6518382 0.6855941 0.6723211 0.6632239 0.6828606 0.6298807 0.6158953 0.6069725 0.611176 0.6222199 0.6046608 0.6109991 0.6110086 0.6306729 0.6365166 0.6261969 0.6376637 0.6822599 0.7126707 0.6226375 -9999 -9999 -9999 -9999
0.8136632 0.8173115 0.7666048 0.7693396 0.7564172 0.7524291 0.7541917 0.7656157 0.8877642 0.9608381 0.9019893 0.8724068 0.8502274 0.8357242 0.9399314 0.9534856 0.9397172 0.8623537 0.8006683 0.8050348 0.7268123 0.6687527 0.7389761 0.6524368 0.5843421 0.5757125 0.5504484 0.5227857 0.5210354 0.5349423 0.5857013 0.5616751 0.5418496 0.5346009 0.5526345 0.5258597 0.5128016 0.5171096 0.5248629 0.5538285 0.5917163 0.6582212 0.6470553 0.6214364 0.6380515 0.60697 0.5923133 0.5961072 0.5975606 0.5981814 0.5945245 0.5997998 0.6084309 0.6140939 0.6335552 0.6400134 0.6322634 0.6429511 0.6656663 0.6998931 0.6577837 -9999 -9999 -9999 -9999
0.8304828 0.8422984 0.7904807 0.8030804 0.8304077 0.787597 0.7548421 0.7616981 0.8010728 0.8975519 0.8950689 0.856814 0.8248737 0.8045672 0.8756087 0.9235207 0.893021 0.8517083 0.8049654 0.7085323 0.7168792 0.6283676 0.603877 0.5717136 0.5459754 0.5401253 0.5457125 0.59073 0.5581113 0.5167527 0.5451171 0.536665 0.5387273 0.530543 0.5438537 0.5352715 0.5139793 0.5163503 0.5302514 0.546993 0.564239 0.6230862 0.6114765 0.6255823 0.626173 0.5894099 0.6077499 0.5977769 0.5908404 0.5929397 0.5958343 0.6055544 0.6165873 0.6344668 0.6582615 0.6454582 0.6460645 0.6700426 0.6862096 0.650816 0.6169918 -9999 -9999 -9999 -9999
0.8655272 0.8622295 0.794285 0.7826551 0.8513418 0.8004431 0.76159 0.7593066 0.7934568 0.8840718 0.8771752 0.8411105 0.8084852 0.7923601 0.8330213 0.9051801 0.8330973 0.780842 0.7696882 0.7463179 0.7760108 0.7463847 0.6556165 0.6119678 0.5887665 0.577801 0.5657444 0.5816406 0.5627601 0.5073932 0.5122064 0.5030578 0.53027 0.5321479 0.5205761 0.5225388 0.5256231 0.5216524 0.5460363 0.5814642 0.5652276 0.5809567 0.6041082 0.6246703 0.6481238 0.6100406 0.6376622 0.6296185 0.6002643 0.5954561 0.5971718 0.6071479 0.613542 0.6331371 0.6316819 0.6530389 0.6836615 0.7103773 0.6893153 0.6330143 -9999 -9999 -9999 -9999 -9999
0.8066059 0.8444551 0.8184971 0.7835578 0.8236253 0.7892618 0.7753978 0.7909213 0.8073797 0.90755 0.8656778 0.8219203 0.7920918 0.7776598 0.8205491 0.8727303 0.8577615 0.796554 0.7232358 0.6719689 0.6983454 0.717109 0.6867059 0.6105466 0.565653 0.5525523 0.553348 0.5377377 0.5382491 0.5139653 0.5050167 0.4983447 0.5268621 0.535546 0.5210403 0.5164317 0.5313572 0.5239678 0.5353922 0.5571345 0.5691404 0.6044512 0.6474704 0.6356871 0.6556683 0.6128458 0.6155251 0.622689 0.6186239 0.6084955 0.5956069 0.6016387 0.6065603 0.6113095 0.6270593 0.6665042 0.6972718 0.686791 0.64167 0.6175945 -9999 -9999 -9999 -9999 -9999
0.7421184 0.808814 0.848951 0.7956144 0.8149684 0.8057517 0.758647 0.763764 0.794037 0.8794819 0.8394891 0.8031424 0.7865555 0.765646 0.7963286 0.8317678 0.7889215 0.7287315 0.6919752 0.6428975 0.6093971 0.6585491 0.6232077 0.5953766 0.5416043 0.5445336 0.5223717 0.521274 0.5375338 0.5602748 0.5207641 0.4996744 0.498774 0.5085702 0.5173934 0.5080567 0.5125285 0.5178881 0.5334688 0.5452452 0.5694011 0.6024754 0.6373618 0.6336955 0.6117265 0.5943977 0.5883327 0.5896382 0.6002228 0.5999445 0.598508 0.5973645 0.6021919 0.6072995 0.6136644 0.6189772 0.6262233 0.6556332 0.6221472 -9999 -9999 -9999 -9999 -9999 -9999
0.7320829 0.7782786 0.8349811 0.781686 0.7798645 0.7921765 0.7530364 0.7416952 0.7738124 0.8293977 0.8081535 0.7935694 0.7677109 0.7603453 0.8324974 0.8380837 0.7566189 0.6842276 0.61511 0.6047671 0.5655531 0.5634888 0.5276506 0.5442563 0.5080165 0.547442 0.5251883 0.4986933 0.5126241 0.5084355 0.5000657 0.5085953 0.4943428 0.5013928 0.5091085 0.5043193 0.5066133 0.512973 0.5263422 0.5579615 0.5782517 0.5945177 0.618865 0.5977756 0.5828956 0.5729227 0.577183 0.5831 0.5910764 0.6024405 0.6058151 0.5983566 -9999 -9999 0.6081935 0.6118873 0.6143333 0.6224533 0.6100575 -9999 -9999 -9999 -9999 -9999 -9999
0.7036893 0.8112026 0.830994 0.7929025 0.7763238 0.7960911 0.7906688 0.7786699 0.7645894 0.7746402 0.7717 0.7682905 0.750012 0.752025 0.8257363 0.832387 0.7679077 0.7182958 0.706392 0.6465955 0.601458 0.6174165 0.5885298 0.5209746 0.5090068 0.5083701 0.5237791 0.5129309 0.4904311 0.5015775 0.4841366 0.4909308 0.4953298 0.4921167 0.4969258 0.5005813 0.5048528 0.5099896 0.5255325 0.548474 0.5732838 0.5997563 0.6134083 0.5913244 0.5771232 0.570949 -9999 0.5783598 0.584653 0.5951749 0.5974618 0.5918955 -9999 0.602558 0.6082965 0.6149082 0.6169307 0.6109588 0.6026582 -9999 -9999 -9999 -9999 -9999 -9999
0.6464167 0.7282459 0.8124133 0.7929791 0.7814562 0.8086572 0.7728004 0.7678598 0.7765701 0.8164288 0.8029776 0.7559984 0.748776 0.7567745 0.8049247 0.8218193 0.7883102 0.7675509 0.7635235 0.6476022 0.6320916 0.637661 0.6308757 0.5936967 0.5780398 0.5520649 0.5460603 0.5253591 0.5152439 0.5145137 0.5010536 0.4978027 0.4950582 0.5026702 0.496963 0.4961213 0.5015726 0.5074192 0.5278618 0.5517305 0.5688748 0.5963816 0.6046989 0.5908805 0.5604247 -9999 -9999 -9999 0.580147 0.5856096 0.5869864 -9999 0.5975277 0.6055732 0.6193284 0.6534177 0.6615734 0.6220676 0.599552 -9999 -9999 -9999 -9999 -9999 -9999
0.6189145 0.7067452 0.7982063 0.8290218 0.7860836 0.7959515 0.7728835 0.7440342 0.7433168 0.803178 0.8051226 0.7889243 0.7675257 0.7888973 0.8419334 0.8023175 0.8080258 0.7948829 0.7207779 0.6437414 0.598112 0.6038658 0.5695965 0.5347639 0.5392272 0.5558923 0.5107817 0.5031478 0.4940153 0.4930973 0.492729 0.4866153 0.4896419 0.4933103 0.4990554 0.4988942 0.4982251 0.5051332 0.5329143 0.5768383 0.5986887 0.5931852 0.5658198 0.5563884 0.5503709 -9999 -9999 -9999 -9999 -9999 -9999 0.5859753 0.593584 0.6194997 0.7031406 0.707086 0.6704732 0.6307592 0.5961987 -9999 -9999 -9999 -9999 -9999 -9999
