Code_and_data/Tas_Plant_GDM_Files/ASCII grids/precip_pet_ratio_2010_1km.asc
ncols         470
nrows         479
xllcorner     143.8
yllcorner     -43.7425
cellsize      0.01
NODATA_value  -9999
[rows 319 to 347 of 479, columns 390 to 454 of 470]
0.5387076 0.5467446 0.5576752 0.5600185 0.5776727 0.5993927 0.6075308 0.5926366 0.586881 0.5737517 0.5884776 0.6368154 0.599897 0.6042092 0.6164047 0.6767421 0.7218301 0.8035402 0.8748924 0.817866 0.6621001 0.6801617 0.6764953 0.6391171 0.637915 0.5731527 0.6043002 0.5736943 0.5245092 0.5340339 0.5513798 0.5543205 0.5548548 0.5499697 0.5420399 0.5404127 0.5283973 0.5139475 0.5093307 -9999 -9999 -9999 -9999 -9999 -9999 -9999 -9999 -9999 -9999 -9999 -9999 -9999 -9999 -9999 -9999 -9999 -9999 0.613795 0.6294037 0.6762647 0.7538162 0.7496809 0.7485514 -9999 -9999
0.528919 0.5395028 0.5472068 0.5559245 0.5857396 0.5779682 0.5698906 0.5605145 0.5686073 0.5674448 0.5793009 0.5976247 0.5961705 0.6362746 0.6736281 0.690597 0.7789629 0.8140281 0.8465495 0.7802488 0.6992306 0.6266415 0.6565363 0.6032653 0.61092 0.6009127 0.5400227 0.5247295 0.533186 0.5512875 0.5662335 0.5547551 0.5426311 0.5229549 0.5280825 0.5168398 0.5206294 0.5147046 -9999 -9999 -9999 -9999 -9999 -9999 -9999 -9999 -9999 -9999 -9999 -9999 -9999 -9999 -9999 -9999 -9999 -9999 0.6236718 0.7303742 0.7672963 0.6934137 0.7061954 0.6845547 -9999 -9999 -9999
0.5345075 0.53728 0.5348362 0.5571638 0.5693662 0.5613276 0.5535257 0.5609769 0.5856617 0.6073518 0.5803906 0.5763149 0.5940779 0.6317021 0.6670427 0.6706344 0.7632524 0.8488792 0.8300195 0.7473654 0.6690124 0.6195166 0.6221014 0.6110456 0.5690885 0.5604066 0.5659173 0.5345192 0.5871454 0.580317 0.5648843 0.5466474 0.5343443 0.5556936 0.5345995 0.5409274 0.5616796 0.5178159 0.5097126 -9999 -9999 -9999 -9999 -9999 -9999 -9999 -9999 -9999 -9999 -9999 -9999 -9999 -9999 -9999 -9999 -9999 0.6005119 0.6386546 0.6617273 0.6054583 -9999 0.5947009 -9999 -9999 -9999
0.5381157 0.5372592 0.5447428 0.5564137 0.5519548 0.5592902 0.573759 0.6202793 0.7116523 0.6400099 0.6047487 0.5937255 0.5919578 0.5943807 0.6237813 0.6729119 0.6755939 0.7765379 0.8174036 0.7805597 0.6820555 0.681834 0.6816391 0.6224641 0.5875014 0.627683 0.5850204 0.5536188 0.6166471 0.5844991 0.5857925 0.5622908 0.5785373 0.5584362 0.5445893 0.5666845 0.5427721 0.5100928 -9999 -9999 -9999 -9999 -9999 -9999 -9999 -9999 -9999 -9999 -9999 -9999 -9999 -9999 -9999 -9999 -9999 -9999 -9999 0.5788431 0.5759341 0.5810214 0.582278 0.6344121 0.6324494 0.6497116 -9999
0.5444701 0.5382296 0.5512713 0.5598258 0.5684896 0.5850477 0.5858667 0.6297903 0.7049566 0.7099679 0.7236632 0.6247445 0.6141363 0.6105095 0.6250781 0.7447551 0.7352467 0.7855549 0.8275371 0.6934378 0.667735 0.6672796 0.6918569 0.6573674 0.6323179 0.6148894 0.5761812 0.5700668 0.6246656 0.6075711 0.6004347 0.5777357 0.589275 0.5350486 0.5585209 0.5523713 0.5225083 -9999 -9999 -9999 -9999 -9999 -9999 -9999 -9999 -9999 -9999 -9999 -9999 -9999 -9999 -9999 -9999 -9999 -9999 -9999 -9999 -9999 0.5731928 0.5804727 0.610161 0.6414293 0.723188 0.7758143 0.6919777
0.5339081 0.5441194 0.5728825 0.5629587 0.5632621 0.5685303 0.5942888 0.639846 0.7096819 0.7008134 0.7158202 0.6408435 0.6772681 0.6966119 0.7022988 0.7608883 0.7351496 0.7576339 0.7777947 0.6812536 0.610885 0.6672772 0.6823094 0.6416815 0.6287649 0.6341863 0.5944437 0.5764512 0.6177382 0.6094832 0.6011632 0.5994359 0.569381 0.5150281 0.5115675 0.5082077 0.5069233 -9999 -9999 -9999 -9999 -9999 -9999 -9999 -9999 -9999 -9999 -9999 -9999 -9999 -9999 -9999 -9999 -9999 -9999 -9999 -9999 -9999 0.5728171 0.5929985 0.6294363 0.733357 0.7831478 0.8358572 0.8388933
0.5617375 0.5805759 0.6170737 0.6224116 0.6244627 0.596373 0.5829379 0.6114275 0.6185833 0.6120145 0.6206635 0.640349 0.6589682 0.7276893 0.6728844 0.7017077 0.7054968 0.7429802 0.7431111 0.6793717 0.614293 0.6072767 0.6613148 0.6335605 0.6232066 0.6018127 0.6115085 0.6352539 0.6098119 0.6303891 0.577534 0.5446068 0.5301284 0.5104448 0.5019756 -9999 -9999 -9999 -9999 -9999 -9999 -9999 -9999 -9999 -9999 -9999 -9999 -9999 -9999 -9999 -9999 -9999 -9999 -9999 -9999 -9999 -9999 0.5793023 0.5971822 0.6541302 0.7162114 0.8432935 0.9125115 0.8002632 0.7303163
0.5633307 0.5821369 0.5852757 0.620742 0.5978304 0.6562585 0.6272022 0.5803056 0.569863 0.5807226 0.6226845 0.7068411 0.6677687 0.637251 0.641254 0.6825261 0.6955899 0.7598175 0.8093605 0.659011 0.6320471 0.5984893 0.5918225 0.6426791 0.5927829 0.6136782 0.6020977 0.6237436 0.6284748 0.6242767 0.6105982 0.5778037 0.5387169 0.5040368 -9999 -9999 -9999 -9999 -9999 -9999 -9999 -9999 -9999 -9999 -9999 -9999 -9999 -9999 -9999 -9999 -9999 -9999 -9999 -9999 -9999 -9999 -9999 0.5854118 0.6242076 0.8129226 0.9141285 0.8234805 0.8025062 0.7031747 0.6635204
0.5814856 0.5920345 0.5852936 0.5829055 0.5832665 0.6823635 0.6447846 0.5825475 -9999 0.5806295 0.6161051 0.6460025 0.6331793 0.6332878 0.6715111 0.7721779 0.7406688 0.7389351 0.7877557 0.7324036 0.6447198 0.5956832 0.6170533 0.5664226 0.5587202 0.5369015 0.5721567 0.6203238 0.6191681 0.6191531 0.5752876 0.5347822 0.5118234 -9999 -9999 -9999 -9999 -9999 -9999 -9999 -9999 -9999 -9999 -9999 -9999 -9999 -9999 -9999 -9999 -9999 -9999 -9999 -9999 -9999 -9999 0.5658695 0.57228 0.5778593 0.6346284 0.7868827 0.7776299 0.7214102 0.6818305 0.6341686 0.6564676
0.5929118 0.5947753 0.5928131 0.5882446 0.5991662 0.6860129 0.6776541 0.5904151 0.5853147 0.58552 0.598845 0.6170736 0.658574 0.7035628 0.7063607 0.8212498 0.8199891 0.7604035 0.7767829 0.7477556 0.6746451 0.6003705 0.6476519 0.6207024 0.5692469 0.5286975 0.5260028 0.5446833 0.5503934 0.5560328 0.5380282 0.5181233 -9999 -9999 -9999 -9999 -9999 -9999 -9999 -9999 -9999 -9999 -9999 -9999 -9999 -9999 -9999 -9999 -9999 -9999 -9999 -9999 -9999 -9999 -9999 0.5958386 0.6009287 0.5911116 0.6356444 0.7388664 0.769229 0.7044317 0.6738023 -9999 -9999
0.5982978 0.596584 0.5943589 0.5919307 0.5927693 0.6864851 0.6531115 0.6745937 0.6234222 0.6010245 0.6154583 0.6665127 0.6957456 0.7456472 0.7430127 0.7674766 0.8620523 0.743758 0.7231975 0.7074207 0.6397021 0.6316079 0.6471358 0.611542 0.5767689 0.5767834 0.5812617 0.53754 0.5155899 0.5108279 0.5012496 0.4974454 -9999 -9999 -9999 -9999 -9999 -9999 -9999 -9999 -9999 -9999 -9999 -9999 -9999 -9999 -9999 -9999 -9999 -9999 -9999 -9999 -9999 -9999 -9999 0.5950881 0.6038893 0.5956992 0.5882545 0.6551872 0.7365813 0.7240285 0.7241057 -9999 -9999
0.601668 0.6019576 0.5997278 0.5971584 0.5933714 0.6285625 0.6543707 0.6242933 0.6887016 0.7119349 0.6670331 0.67002 0.6491646 0.6682293 0.7058564 0.7318066 0.8364599 0.7188581 0.6477855 0.6653345 0.6791994 0.652762 0.608278 0.6170536 0.6066771 0.5728805 0.5324489 0.5186396 0.508972 0.5022854 0.4998732 0.4994638 0.4989564 -9999 -9999 -9999 -9999 -9999 -9999 -9999 -9999 -9999 -9999 -9999 -9999 -9999 -9999 -9999 -9999 -9999 -9999 -9999 -9999 -9999 -9999 -9999 0.5784809 0.5761075 0.5786908 0.6470982 0.6733359 0.6955197 0.7436035 -9999 -9999
0.6035964 0.6063114 0.6030291 0.6008633 0.593466 0.5987492 0.602651 0.5974524 0.6154963 0.6236371 0.6131889 0.6147521 0.613012 0.6174135 0.6275487 0.6630622 0.650449 0.6351954 0.6093708 0.60825 0.634477 0.5641448 0.5545857 0.5946912 0.5979012 0.5742126 0.5223125 0.5354183 0.516577 0.5088284 0.5016388 0.4988132 -9999 -9999 -9999 -9999 -9999 -9999 -9999 -9999 -9999 -9999 -9999 -9999 -9999 -9999 -9999 -9999 -9999 -9999 -9999 -9999 -9999 -9999 -9999 -9999 -9999 -9999 -9999 0.6120095 0.631811 0.6205256 -9999 -9999 -9999
0.6098626 0.6035848 0.6002293 0.5998289 0.5985609 0.5952036 0.6009192 0.5956552 0.6026322 0.6062347 0.6086136 0.6108581 0.6328663 0.6234584 0.6233688 0.6227221 0.6302714 0.5900469 0.5660346 0.5452215 0.5414197 0.5261864 0.5383214 0.526704 0.5250756 0.5240427 0.5068237 0.5108014 0.5137648 0.5055866 0.502001 0.4991194 -9999 -9999 -9999 -9999 -9999 -9999 -9999 -9999 -9999 -9999 -9999 -9999 -9999 -9999 -9999 -9999 -9999 -9999 -9999 -9999 -9999 -9999 -9999 -9999 -9999 -9999 -9999 0.6170468 0.6790971 0.6091524 -9999 -9999 -9999
0.6167397 0.6138955 0.6103104 0.6077064 0.5958837 0.5998004 0.5845149 0.5878538 0.6106296 0.6199355 0.6403344 0.6516709 0.6279272 0.5992801 0.5910734 0.6084065 0.6379163 0.6357112 0.606835 0.5763922 0.5305411 0.5271618 0.5619546 0.5423862 0.5244129 0.5099905 0.5087011 0.504738 0.5068966 0.5011624 0.5008777 0.500195 -9999 -9999 -9999 -9999 -9999 -9999 -9999 -9999 -9999 -9999 -9999 -9999 -9999 -9999 -9999 -9999 -9999 -9999 -9999 -9999 -9999 -9999 -9999 -9999 -9999 -9999 -9999 -9999 -9999 -9999 -9999 -9999 -9999
0.6219763 0.6215945 0.6207442 0.6186272 0.59975 0.5674452 0.550235 0.6082171 0.5970574 0.6192153 0.6408434 0.6355705 0.6045644 0.5678485 0.6115239 0.6331739 0.6329733 0.6106237 0.5683677 0.5440045 0.5698755 0.5850097 0.5654942 0.5542527 0.5368474 0.5220504 0.5181897 0.5194232 0.5092818 0.5025025 0.5002027 -9999 -9999 -9999 -9999 -9999 -9999 -9999 -9999 -9999 -9999 -9999 -9999 -9999 -9999 -9999 -9999 -9999 -9999 -9999 -9999 -9999 -9999 -9999 0.5907239 0.584539 0.599187 0.5852617 0.5765373 0.6287027 0.6397074 0.6627514 -9999 -9999 -9999
0.627507 0.632135 0.6300933 0.6115837 0.6173443 0.6224792 0.5493972 0.5513046 0.5457038 0.5736074 0.5782099 0.5711932 0.5955235 0.5484584 0.5773958 0.6016429 0.5999222 0.6274465 0.5816755 0.5836666 0.5730425 0.565159 0.5536973 0.5350695 0.5361579 0.5202574 0.5114616 0.5047513 0.5132729 0.5035921 -9999 -9999 -9999 -9999 -9999 -9999 -9999 -9999 -9999 -9999 -9999 -9999 -9999 -9999 -9999 -9999 -9999 -9999 -9999 -9999 -9999 -9999 -9999 0.6040719 0.6179353 0.6278643 0.6676846 0.6363484 0.6388243 0.7024515 0.7190926 0.6909839 -9999 -9999 -9999
0.6295004 0.6369339 0.6326501 0.6168218 0.5678088 0.5667579 0.5239427 0.5315915 0.5442044 0.5531253 0.5400431 0.5319065 0.5585119 0.5440932 0.5710653 0.5308208 0.5936126 0.6229905 0.5908622 0.5634569 0.5352913 0.5351016 0.5246925 0.5314984 0.5132982 0.51046 0.5079914 0.4996405 0.4977497 0.5138886 0.5141973 0.5075954 -9999 -9999 -9999 -9999 -9999 -9999 -9999 -9999 -9999 -9999 -9999 -9999 -9999 -9999 -9999 -9999 -9999 -9999 -9999 -9999 -9999 0.5783995 0.6142778 0.666159 0.7023275 0.6538632 0.6965241 0.7512286 0.7650996 0.6738263 0.6035278 -9999 -9999
0.6330752 0.6269504 0.6006116 0.5486538 0.5201792 0.5288069 0.5534533 0.5410701 0.558698 0.5756248 0.5630568 0.5572239 0.5295331 0.5124291 0.5167637 0.5062769 0.5387735 0.5603831 0.5681847 0.5330549 0.5176567 0.5041851 0.50184 0.5062933 0.5027869 0.4996839 0.4982584 0.4984533 0.5079419 0.535111 0.5447981 0.5205416 -9999 -9999 -9999 -9999 -9999 -9999 -9999 -9999 -9999 -9999 -9999 -9999 -9999 -9999 -9999 -9999 -9999 -9999 -9999 -9999 -9999 -9999 0.644846 0.6792837 0.6074424 0.596274 0.7061868 0.7090469 0.7761883 0.6690207 0.6455142 0.6493362 -9999
0.613664 0.5828308 0.5441182 0.5266142 0.5319745 0.5742584 0.5727406 0.5777091 0.5673377 0.579721 0.569963 0.5428112 0.5260314 0.5233195 0.5365825 0.5682259 0.5381689 0.534441 0.5607803 0.5149544 0.4951544 0.5114046 0.5138497 0.4978934 0.4960716 0.4970003 0.4975871 0.5054764 0.5119121 0.5274899 0.5508835 0.5237747 0.5093139 -9999 -9999 -9999 -9999 -9999 -9999 -9999 -9999 -9999 -9999 -9999 -9999 -9999 -9999 -9999 -9999 -9999 -9999 -9999 -9999 -9999 -9999 -9999 -9999 -9999 -9999 0.6266877 0.649401 0.6912674 0.6674278 0.637855 0.672668
0.5845633 0.5559413 0.5448412 0.5636965 0.5516658 0.5683134 0.5843253 0.5873837 0.5699052 0.5558203 0.5554352 0.5518774 0.5390304 0.5273361 0.5706673 0.6225863 0.6213198 0.5905232 0.5820307 0.531015 0.521852 0.5154822 0.497559 0.4952811 0.5015465 0.5066925 0.5031421 0.5209767 0.5408269 0.5344729 0.5495025 0.5249391 0.5114815 -9999 -9999 -9999 -9999 -9999 -9999 -9999 -9999 -9999 -9999 -9999 -9999 -9999 -9999 -9999 -9999 -9999 -9999 -9999 -9999 -9999 -9999 -9999 -9999 -9999 -9999 -9999 -9999 0.6335526 -9999 0.6615348 -9999
0.5478085 0.5398077 0.5781184 0.5838521 0.5642716 0.5770527 0.5962362 0.5977622 0.5641884 0.5481877 0.5757376 0.5527607 0.5312715 0.5848095 0.6411577 0.6559272 0.6360648 0.5966508 0.6003756 0.559802 0.5174943 0.5026 0.4989335 0.5005106 0.5043177 0.5170696 0.5066757 0.5266484 0.5518017 0.5328837 0.5203226 0.5144473 -9999 -9999 -9999 -9999 -9999 -9999 -9999 -9999 -9999 -9999 -9999 -9999 -9999 -9999 -9999 -9999 -9999 -9999 -9999 -9999 -9999 -9999 -9999 -9999 -9999 -9999 -9999 -9999 -9999 0.591386 -9999 -9999 -9999
0.5618406 0.5805753 0.58631 0.6050044 0.5883285 0.5984554 0.6184488 0.6077852 0.575682 0.5743073 0.6019353 0.5740239 0.579267 0.5977983 0.6366989 0.6627482 0.6583475 0.6075597 0.5745257 0.5509354 0.5171358 0.5083996 0.5046774 0.5076925 0.5228779 0.5187465 0.5124091 0.5216952 0.5261343 0.5261014 0.5198109 -9999 -9999 -9999 -9999 -9999 -9999 -9999 -9999 -9999 -9999 -9999 -9999 -9999 -9999 -9999 -9999 -9999 -9999 -9999 -9999 -9999 -9999 -9999 -9999 -9999 -9999 -9999 -9999 -9999 -9999 -9999 -9999 -9999 -9999
0.5960469 0.601006 0.5979019 0.6351092 0.6337109 0.64338 0.6486027 0.6270749 0.6297284 0.5986646 0.5976502 0.6282524 0.6145791 0.6259587 0.645111 0.6488288 0.6178191 0.5830159 0.5784311 0.5296887 0.5159033 0.5093017 0.5144497 0.5159001 0.522193 0.5271461 0.5341412 0.5387418 0.5413252 0.5283355 0.5245914 -9999 -9999 -9999 -9999 -9999 -9999 -9999 -9999 -9999 -9999 -9999 -9999 -9999 -9999 -9999 -9999 -9999 -9999 -9999 -9999 -9999 -9999 -9999 -9999 -9999 -9999 -9999 -9999 -9999 -9999 -9999 -9999 -9999 -9999
0.627297 0.6423807 0.64841 0.6352724 0.6432302 0.6473969 0.6626042 0.655677 0.6431136 0.6441976 0.6220942 0.6474417 0.6599467 0.6648127 0.6620153 0.6436111 0.6067267 0.594021 0.5641451 0.5574471 0.5360026 0.5232569 0.5396526 0.5251513 0.533033 0.5524142 0.5389571 0.5222976 0.513947 0.513581 -9999 -9999 -9999 -9999 -9999 -9999 -9999 -9999 -9999 -9999 -9999 -9999 -9999 -9999 -9999 -9999 -9999 -9999 -9999 -9999 -9999 -9999 -9999 -9999 -9999 -9999 -9999 -9999 -9999 -9999 -9999 -9999 -9999 -9999 -9999
0.6302047 0.6449651 0.6478968 0.6554525 0.6740973 0.6595468 0.6699029 0.6754442 0.6908371 0.6927568 0.6490031 0.6468912 0.6551859 0.6857764 0.7131993 0.6554832 0.6534741 0.5919273 0.5531155 0.5392059 0.5381747 0.5416002 0.5691648 0.5417482 0.563929 0.5628084 0.540243 0.5176572 0.512143 -9999 -9999 -9999 -9999 -9999 -9999 -9999 -9999 -9999 -9999 -9999 -9999 -9999 -9999 -9999 -9999 -9999 -9999 -9999 -9999 -9999 -9999 -9999 -9999 -9999 -9999 -9999 -9999 -9999 -9999 -9999 -9999 -9999 -9999 -9999 -9999
0.6266388 0.6428144 0.6491609 0.6677344 0.6791237 0.6832787 0.6807678 0.6858546 0.7027872 0.7017716 0.7020615 0.6842226 0.6659034 0.6834953 0.6958516 0.702133 0.6571038 0.6016596 0.560985 0.5755466 0.6050375 0.5779704 0.5769002 0.5445594 0.5624216 0.5519226 0.5239163 0.5180839 0.5187005 -9999 -9999 -9999 -9999 -9999 -9999 -9999 -9999 -9999 -9999 -9999 -9999 -9999 -9999 -9999 -9999 -9999 -9999 -9999 -9999 -9999 -9999 -9999 -9999 -9999 -9999 -9999 -9999 -9999 -9999 -9999 -9999 -9999 -9999 -9999 -9999
0.6423647 0.6514773 0.6689241 0.6995018 0.7164618 0.7110956 0.706338 0.7013769 0.7175347 0.7464775 0.7382734 0.6947638 0.6925188 0.7012448 0.6933562 0.6881522 0.6700739 0.6136779 0.5904419 0.5987138 0.6325017 0.6166554 0.5754575 0.5497996 0.5889058 0.5993625 0.5353407 0.5325798 0.5756318 0.5758317 -9999 -9999 -9999 -9999 -9999 -9999 -9999 -9999 -9999 -9999 -9999 -9999 -9999 -9999 -9999 -9999 0.5695558 -9999 -9999 -9999 -9999 -9999 -9999 -9999 -9999 -9999 -9999 -9999 -9999 -9999 -9999 -9999 -9999 -9999 -9999
0.6510107 0.6536349 0.6565416 0.6798156 0.6988869 0.6964455 0.7084439 0.7238889 0.7125748 0.710061 0.7143447 0.7083749 0.6911019 0.6860868 0.6839275 0.6762578 0.6226139 0.6099224 0.5961758 0.6021593 0.6388009 0.6383457 0.5701446 0.5573112 0.5788749 0.6048465 0.561309 0.5367858 0.5498613 0.5312822 -9999 -9999 -9999 -9999 -9999 -9999 -9999 -9999 -9999 -9999 -9999 -9999 -9999 -9999 -9999 -9999 -9999 -9999 -9999 -9999 -9999 -9999 -9999 -9999 -9999 -9999 -9999 -9999 -9999 -9999 -9999 -9999 -9999 -9999 -9999
