Code_and_data/Tas_Plant_GDM_Files/ASCII grids/precip_pet_ratio_2010_1km.asc
ncols         470
nrows         479
xllcorner     143.8
yllcorner     -43.7425
cellsize      0.01
NODATA_value  -9999
[rows 406 to 434 of 479, columns 195 to 259 of 470]
2.271825 2.265009 2.274113 2.310335 2.496421 2.641981 2.546152 2.50222 2.60847 2.569468 2.605199 3.024457 3.19862 3.327695 3.019963 2.595561 2.535226 2.568717 2.54136 2.589172 2.501776 2.395448 2.39052 2.399207 2.488494 2.732077 3.192595 3.181771 3.000851 2.768328 2.654539 2.637865 2.983865 3.042955 2.920052 2.870455 2.83435 2.887118 2.877486 2.911574 2.959898 2.983389 2.932067 2.873606 2.846303 2.781263 2.683559 -9999 -9999 -9999 -9999 2.577635 2.58366 2.522465 2.474884 2.493772 2.468769 -9999 -9999 2.365689 2.350394 2.343867 2.408194 2.459136 2.46929
2.255113 2.276941 2.333589 2.302254 2.532426 2.604266 2.36483 2.60569 2.962474 2.867095 2.556343 2.765696 3.276209 3.000597 2.836923 2.854632 2.809175 2.563895 2.563372 2.660626 2.602725 2.420332 2.382628 2.392668 2.489978 2.670169 3.136802 3.367051 3.121507 2.960222 2.815367 2.704281 2.749466 2.925132 3.159125 3.155734 3.197837 3.312355 3.26795 3.25082 3.220466 3.197816 3.153738 3.072956 2.998089 2.816097 2.69362 -9999 2.595202 2.587217 -9999 -9999 2.530553 2.553844 2.458668 2.473042 2.492316 2.449301 2.410588 2.390923 2.369389 2.375703 2.476891 2.571128 2.408986
2.248153 2.323338 2.434777 2.413687 2.329918 2.357613 2.382732 2.449737 2.980399 3.043811 2.62553 2.691344 3.17983 2.975225 2.675708 2.739902 2.825149 2.561548 2.466455 2.483457 2.525656 2.42928 2.381037 2.394401 2.450381 2.57281 2.726442 3.078898 3.383794 3.20549 3.139684 3.104167 3.012341 2.977213 2.980652 2.967646 3.012227 3.033274 3.082124 3.010136 2.922988 2.96488 2.92285 2.829973 2.834797 2.784675 2.77014 2.725229 2.648911 2.604508 2.626487 2.575628 2.600011 2.572623 2.465728 2.443061 2.472847 2.442609 2.414914 2.398601 2.404687 2.449086 2.553392 2.528834 2.446055
2.280607 2.355292 2.486513 2.481664 2.373281 2.494698 2.496579 2.452394 2.494717 2.799908 2.762412 2.757881 3.056059 3.221767 2.714366 2.579022 2.505989 2.481753 2.700398 2.799425 2.719655 2.500993 2.384552 2.391195 2.442483 2.510451 2.599179 2.968979 3.133368 2.926628 2.89738 3.104363 3.229055 3.311114 3.126007 3.048921 2.812311 2.818384 2.913805 2.914791 2.811834 2.743093 2.819747 2.826433 2.724809 2.734966 2.86667 2.882302 2.83915 2.652265 2.633923 2.579366 2.525244 2.460706 2.436176 2.451497 2.43328 2.429702 2.411338 2.406991 2.423266 2.479531 2.574353 2.609808 2.528004
2.268935 2.324233 2.466663 2.629857 2.465103 2.413275 2.616457 2.819805 2.733414 2.460484 2.728601 3.08238 3.56265 3.703668 3.278192 2.957972 2.696188 2.657132 3.081935 2.947391 2.734082 2.445121 2.377355 2.37977 2.426719 2.477513 2.595128 2.685465 2.631937 2.659032 2.672768 2.817267 3.156514 3.340149 3.315778 3.144389 2.864078 2.736597 2.740449 2.717252 2.652532 2.648999 2.681258 2.693683 2.709239 2.630176 2.704482 2.700676 2.781849 2.774761 2.717143 2.640649 2.53976 2.460651 2.416765 2.408697 2.408908 2.412173 2.404783 2.4062 2.439577 2.562572 2.626308 2.614018 2.490714
2.279455 2.350225 2.538895 2.963197 2.852744 2.43642 2.572397 2.976859 2.922443 2.480145 2.837353 3.149887 3.22834 3.534823 3.557462 3.303253 3.102559 3.041447 3.412719 2.967125 2.614354 2.440821 2.364338 2.386062 2.471881 2.536421 2.568921 2.706031 2.825013 3.21755 3.201695 2.92857 2.914123 3.248777 3.24874 3.1373 3.008923 3.028355 3.075709 2.979297 2.819953 2.689701 2.626111 2.580557 2.614009 2.555422 2.610655 2.612999 2.608488 2.623849 2.677735 2.637353 2.526212 2.470485 2.419139 2.419371 2.436949 2.452063 2.445672 2.434053 2.408718 2.51145 2.54153 2.563032 2.592243
2.268966 2.418478 2.782533 3.112896 2.841854 2.495466 2.65569 2.981091 2.648167 2.442349 2.577067 2.644161 2.658053 2.820371 2.861891 2.991206 2.952957 3.031534 3.088148 3.033586 2.656866 2.457153 2.367439 2.37909 2.457856 2.571421 2.617507 2.927125 3.109132 3.343952 3.532747 3.262579 2.987577 3.142577 3.119242 3.249615 3.141308 3.015326 2.950563 3.036575 3.051836 2.967186 2.852789 2.57407 2.529818 2.549299 2.615031 2.703795 2.758562 2.727327 2.728316 2.651006 2.523365 2.469462 2.42892 2.413927 2.478039 2.480145 2.454973 2.47266 2.400692 2.467062 2.494261 2.490009 2.493102
2.255068 2.371318 2.567351 2.73404 2.850773 2.550185 2.913289 3.152665 2.850514 2.518535 2.431229 2.47766 2.503286 2.534056 2.659702 2.81926 2.823714 2.842136 2.689152 2.792775 2.754483 2.531644 2.39314 2.361729 2.378106 2.427405 2.517763 2.90509 3.139736 3.204539 3.474054 3.321358 3.026803 2.823872 2.831208 2.91192 2.849124 2.777049 2.689501 2.742707 2.735932 2.713306 2.645494 2.535211 2.529488 2.53258 2.530317 2.592324 2.705539 2.808296 2.711012 2.611012 2.512278 2.490229 2.457219 2.411326 2.462459 2.466437 2.399612 2.428507 2.43011 2.385577 2.395381 2.470417 2.502684
2.26225 2.357081 2.34616 2.4256 2.466308 2.525335 2.846109 2.983051 2.630253 2.504189 2.491593 2.568808 2.501369 2.605301 2.794298 2.923816 3.130448 3.034734 2.83422 2.611946 2.667228 2.550061 2.407362 2.361624 2.361204 2.3914 2.459952 2.760269 2.906214 2.989771 3.301962 3.268393 3.020347 2.838458 2.704849 2.711478 2.655401 2.650315 2.626427 2.576275 2.544638 2.532624 2.529428 2.546667 2.603656 2.684794 2.657305 2.599091 2.587963 2.623772 2.585407 2.537469 2.49142 2.464089 2.440579 2.415 2.42372 2.43017 2.367215 2.431451 2.479308 2.361904 2.396655 2.494117 2.523592
2.270358 2.674181 2.413436 2.52005 2.489372 2.483081 2.664622 3.112521 2.876456 2.746491 2.712364 2.646387 2.542263 2.599979 3.041324 3.297729 2.983789 2.614898 2.543734 2.757138 2.660272 2.480232 2.397927 2.356734 2.358974 2.398561 2.463128 2.777102 3.070646 2.874292 2.928963 2.87335 2.720763 2.699776 2.66775 2.625131 2.611447 2.588377 2.578343 2.549404 2.569935 2.545926 2.540513 2.564364 2.670116 2.911626 3.063893 2.980205 2.788543 2.667562 2.595328 2.54072 2.509593 2.480928 2.458683 2.431313 2.403969 2.384948 2.380232 2.358582 2.38188 2.340233 2.315822 2.405756 2.501917
2.201908 2.29764 2.326725 2.742495 2.731817 2.730032 2.752784 3.151962 3.266078 3.434248 3.297826 2.932283 2.601833 2.619177 2.870248 2.919973 2.62006 2.481451 2.594408 2.583977 2.452518 2.450247 2.411178 2.357588 2.391087 2.38977 2.473732 2.660581 2.867887 2.827473 2.688183 2.649785 2.594264 2.622115 2.676275 2.577737 2.591511 2.548187 2.556771 2.594542 2.66038 2.643386 2.577543 2.587397 2.713089 2.822619 3.010023 3.159154 3.016571 2.830232 2.745056 2.654325 2.5522 2.500425 2.471895 2.456099 2.431252 2.402496 2.400972 2.40232 2.41942 2.386101 2.327225 2.302762 2.373367
2.170796 2.207174 2.317512 2.59504 3.046862 3.119532 2.909764 2.659165 2.737345 3.153334 3.26635 3.493414 3.061876 2.652727 3.025557 2.929379 2.542814 2.398089 2.567664 2.545315 2.363088 2.362237 2.394177 2.390386 2.486315 2.433303 2.544075 2.499766 2.593626 2.662766 2.637353 2.708203 2.608199 2.649037 2.73853 2.536731 2.542875 2.552254 2.593495 2.700904 2.832918 2.895177 2.703765 2.575547 2.711645 2.824615 2.969104 3.147418 3.137937 3.108268 2.943609 2.756137 2.690844 2.5882 2.557491 2.497157 2.459358 2.452824 2.458847 2.437272 2.39705 2.373084 2.323521 2.290449 2.285397
2.241532 2.203679 2.269855 2.358572 2.604106 3.060601 3.091373 2.761491 2.520302 2.605312 2.881629 3.283842 3.225234 2.798894 2.872236 3.21398 2.828746 2.45318 2.35629 2.393044 2.339828 2.367287 2.369878 2.378727 2.536714 2.600423 2.426333 2.423598 2.533049 2.795444 2.727376 2.502381 2.563772 2.570487 2.653628 2.576683 2.551395 2.562189 2.607933 2.778766 3.082369 3.05773 2.754385 2.671769 2.603509 2.621915 2.743807 2.845053 2.964455 2.994402 3.051419 3.078649 2.830152 2.719995 2.649132 2.580433 2.542269 2.536721 2.495825 2.449939 2.426879 2.391947 2.356778 2.322764 2.331826
2.217507 2.191142 2.239217 2.330993 2.446471 2.86255 3.406636 3.009982 2.472271 2.429152 2.531365 2.763063 3.21312 2.81834 2.546658 2.862178 2.636524 2.457256 2.387893 2.353035 2.35005 2.41458 2.422626 2.407663 2.459889 2.684704 2.511849 2.466347 2.570799 2.692034 2.518889 2.646039 2.694142 2.630905 2.739091 2.64419 2.562914 2.544984 2.558772 2.638332 2.822748 2.889013 2.806602 2.809201 2.732547 2.614187 2.582407 2.645281 2.735878 2.848244 3.012891 3.16706 2.994759 2.845337 2.774678 2.754551 2.672389 2.581074 2.572624 2.570339 2.523404 2.470368 2.422193 2.379289 2.374017
2.134673 2.190181 2.214952 2.27545 2.416964 2.74322 3.364897 3.409826 2.780885 2.433004 2.388311 2.648622 2.927274 3.01055 2.551323 2.691693 2.622602 2.347451 2.439005 2.414745 2.361368 2.392388 2.412351 2.437219 2.475331 2.702545 2.718948 2.524475 2.524372 2.473054 2.741577 2.711432 2.764308 2.608068 2.544476 2.592097 2.55014 2.570528 2.74456 2.888099 2.758481 2.672671 2.709666 2.771452 2.798819 2.760173 2.66755 2.606842 2.60708 2.668124 2.775795 2.838353 2.957221 2.902227 2.948874 2.802584 2.758303 2.68056 2.764341 2.846101 2.640373 2.592584 2.525605 2.480988 2.443561
2.11862 2.181823 2.251925 2.329985 2.497678 2.554549 2.878805 3.372948 3.027917 2.545531 2.379696 2.411506 2.446558 2.754801 2.560128 2.475526 2.371519 2.324512 2.42265 2.412081 2.389831 2.421549 2.433646 2.483135 2.572171 2.819086 2.897694 2.634655 2.541349 2.48613 2.744117 2.620876 2.63379 2.534591 2.530336 2.53981 2.529436 2.607241 2.794464 2.914474 2.892112 2.797225 2.709358 2.734219 2.689486 2.69116 2.700679 2.702396 2.622721 2.588437 2.625482 2.659507 2.772487 2.774364 2.937073 2.931164 2.823418 2.756251 2.925855 2.75988 2.736581 2.72251 2.700581 2.645525 2.511064
2.113272 2.150702 2.228442 2.299054 2.439954 2.386667 2.546991 2.937041 3.067593 2.720367 2.54281 2.424795 2.649647 2.538074 2.39734 2.381081 2.429825 2.323551 2.347404 2.370766 2.414538 2.400985 2.411639 2.476454 2.615446 2.788268 2.74958 2.593953 2.56198 2.487027 2.463352 2.52564 2.551984 2.514942 2.581583 2.621613 2.558862 2.629808 2.896092 3.024756 2.966548 2.844154 2.766955 2.716327 2.729317 2.635042 2.565668 2.584177 2.598568 2.608487 2.627244 2.604642 2.633198 2.674784 2.723647 2.735006 2.723798 2.77413 2.79819 2.809273 2.659632 2.824242 2.690758 2.563312 2.49754
-9999 2.120363 2.142801 2.16946 2.232583 2.252985 2.347658 2.621936 3.154556 3.28598 2.763475 2.416148 2.554158 2.764571 2.645353 2.382116 2.305147 2.297043 2.302705 2.326936 2.366625 2.365682 2.377942 2.428813 2.53372 2.679003 2.679385 2.541219 2.465068 2.418456 2.517759 2.619915 2.579016 2.552291 2.591337 2.683578 2.739325 2.695369 2.817273 2.904385 2.867155 2.854291 2.782942 2.814023 2.798069 2.671765 2.578996 2.522815 2.511387 2.556526 2.633123 2.645158 2.628608 2.610204 2.637487 2.65158 2.65875 2.674939 2.698592 2.651731 2.587457 2.640171 2.703293 2.666297 2.602121
-9999 -9999 -9999 -9999 2.16792 2.233053 2.317197 2.504664 2.742433 3.004257 2.686115 2.39071 2.352621 2.422487 2.616672 2.468556 2.294395 2.286083 2.328327 2.324601 2.333389 2.350828 2.395221 2.521374 2.599186 2.648388 2.611583 2.569959 2.490563 2.41504 2.512186 2.661295 2.752805 2.84196 2.726403 2.610667 2.790972 2.741097 2.665296 2.596944 2.667468 2.830444 2.666876 2.749524 2.746291 2.743793 2.659824 2.534911 2.496867 2.499988 2.510469 2.52712 2.569582 2.674156 2.693522 2.728512 2.706935 2.704095 2.636133 2.543874 2.509885 2.496446 2.506931 2.535265 2.526621
-9999 -9999 -9999 -9999 2.156977 2.184567 2.217263 2.297577 2.376208 2.651174 2.668469 2.402979 2.312097 2.345519 2.520981 2.439263 2.297625 2.276102 2.301593 2.332406 2.354733 2.346508 2.368197 2.404556 2.455226 2.61129 2.635129 2.646581 2.583979 2.417082 2.476967 2.686184 2.90232 2.940878 2.661433 2.602651 2.672942 2.565486 2.472783 2.51581 2.689149 2.862202 2.721234 2.535512 2.517766 2.639938 2.668151 2.519339 2.51481 2.514611 2.528337 2.528621 2.549374 2.623748 2.632512 2.63665 2.579461 2.557019 2.602961 2.595822 2.515632 2.437371 2.425314 2.438941 2.494561
-9999 -9999 -9999 -9999 -9999 2.167404 2.214261 2.245625 2.292824 2.525207 2.604484 2.404755 2.309858 2.286417 2.303852 2.293392 2.279586 2.268418 2.282404 2.320924 2.343651 2.330302 2.372458 2.36988 2.416939 2.622124 2.610425 2.526647 2.480819 2.41843 2.535353 2.702924 2.89218 2.784817 2.626331 2.697388 2.686553 2.542663 2.47525 2.653508 2.769481 2.792367 2.693694 2.536447 2.446577 2.535116 2.552146 2.607226 2.624335 2.602087 2.658428 2.620338 2.576624 2.570535 2.53571 2.558844 2.448652 2.409177 2.472672 2.5457 2.514853 2.443353 2.384252 2.406141 2.451799
-9999 -9999 -9999 2.134821 -9999 2.160638 2.208955 2.264064 2.294222 2.372842 2.577153 2.529838 2.479981 2.408426 2.344446 2.330574 2.31841 2.274692 -9999 2.294903 2.302114 2.299227 2.324084 2.368811 2.506849 2.534146 2.618738 2.571069 2.532112 2.413552 2.608384 2.786194 2.864613 2.664521 2.697343 2.91769 2.827279 2.602318 2.473054 2.711123 2.696742 2.536553 2.586915 2.501644 2.431219 2.465613 2.507939 2.596187 2.643863 2.702868 2.819164 2.761548 2.709284 2.671597 2.51955 2.437521 2.403615 2.358255 2.414702 2.46775 2.433946 2.391729 2.373075 2.373769 2.364282
-9999 -9999 -9999 -9999 -9999 2.158134 2.191133 2.265497 2.351311 2.410101 2.439706 2.458195 2.61111 2.583333 2.392081 2.316239 2.322837 2.296345 -9999 -9999 -9999 -9999 2.316883 2.356609 2.401762 2.441385 2.563257 2.543615 2.553724 2.410225 2.496307 2.70186 2.651459 2.532401 2.63533 2.914825 2.88179 2.596603 2.455642 2.658409 2.617276 2.460526 2.53137 2.450015 2.394504 2.413219 2.512627 2.680806 2.738421 2.804019 2.935631 2.972977 2.867967 2.761741 2.642131 2.525436 2.389166 2.316876 2.343739 2.410041 2.416049 2.351783 2.352999 2.356098 2.361167
-9999 -9999 -9999 -9999 -9999 2.159382 2.18314 2.259225 2.297116 2.326476 2.304344 2.286403 2.332131 2.359851 2.306346 2.268364 2.284012 2.284078 -9999 -9999 -9999 -9999 2.343152 2.459044 2.4415 2.407582 2.521297 2.531304 2.599497 2.429026 2.40617 2.517235 2.436185 2.44669 2.570606 2.80725 2.783241 2.579651 2.431025 2.426572 2.475633 2.409125 2.418306 2.384574 2.430782 2.496783 2.507815 2.588401 2.642488 2.771599 2.90204 2.89327 2.837126 2.783644 2.770983 2.604686 2.43939 2.314661 2.287293 2.366516 2.347632 2.323652 2.344727 2.380074 2.407623
-9999 -9999 -9999 -9999 -9999 -9999 2.179934 2.323525 2.335916 2.265747 2.265408 2.254435 2.257074 2.266982 2.263524 2.248662 -9999 -9999 -9999 -9999 -9999 -9999 2.354431 2.451256 2.478818 2.408242 2.424531 2.509535 2.618292 2.47461 2.400793 2.399272 2.482445 2.487621 2.589152 2.808939 2.843751 2.578434 2.436492 2.390114 2.37636 2.374844 2.37986 2.385874 2.42994 2.515205 2.578602 2.736163 2.775301 2.793552 2.946672 2.96336 2.848027 2.651706 2.599819 2.654757 2.570759 2.406365 2.275611 2.389774 2.371922 2.361943 2.33207 2.330729 2.358252
-9999 -9999 -9999 -9999 -9999 -9999 2.194231 2.381292 2.331146 2.268248 2.252724 2.243528 2.236132 -9999 2.250462 2.262596 2.266609 2.265872 -9999 -9999 -9999 2.301351 2.370777 2.59807 2.649027 2.496905 2.436829 2.590159 2.753824 2.666431 2.467892 2.399621 2.456662 2.468819 2.543261 2.715567 2.767051 2.658267 2.46926 2.383106 2.394049 2.404975 2.402001 2.397132 2.429352 2.49084 2.532997 2.559415 2.639493 2.765121 2.82178 2.775785 2.682522 2.606111 2.501255 2.679906 2.607936 2.418201 2.268475 2.376045 2.506888 2.502902 2.415683 2.303816 2.308424
-9999 -9999 -9999 -9999 -9999 -9999 2.163805 2.287607 2.259083 2.309514 2.294348 2.257797 -9999 -9999 2.260089 2.279814 2.302872 2.270047 -9999 -9999 2.320944 2.35236 2.364184 2.48343 2.595156 2.509393 2.505373 2.574066 2.743743 2.6319 2.484416 2.405178 2.428861 2.499391 2.580354 2.639258 2.623579 2.497647 2.432622 2.384362 2.394771 2.40518 2.395381 2.391447 2.404985 2.439724 2.465551 2.523508 2.671561 2.779037 2.741139 2.571019 2.617348 2.621453 2.418276 2.464824 2.352198 2.266183 2.288004 2.455071 2.590659 2.602658 2.502564 2.376526 2.326381
-9999 -9999 -9999 -9999 -9999 -9999 -9999 2.173015 2.253215 2.417672 2.319001 2.331118 2.275532 2.276326 2.273598 2.305586 2.320271 2.264525 -9999 -9999 -9999 2.37128 2.413689 2.418864 2.46485 2.488719 2.577923 2.67348 2.822734 2.572438 2.432585 2.39078 2.453933 2.4707 2.550462 2.659137 2.604205 2.496408 2.430731 2.387777 2.380675 2.386889 2.381164 2.395067 2.454156 2.477419 2.509406 2.56022 2.569602 2.507442 2.526104 2.416407 2.460544 2.395428 2.361317 2.311706 2.419094 2.329186 2.356769 2.456939 2.49449 2.536251 2.548744 2.548873 2.462529
-9999 -9999 -9999 -9999 -9999 -9999 -9999 -9999 -9999 -9999 2.262137 2.465096 2.381924 2.353556 2.298947 2.292325 2.311264 2.27061 -9999 -9999 -9999 2.41511 2.486773 2.554183 2.483843 2.54604 2.708782 2.899601 2.864148 2.538964 2.425609 2.401186 2.492236 2.611543 2.638429 2.764949 2.688959 2.531026 2.440651 2.400295 2.380644 2.379952 2.378528 2.3926 2.424623 2.480026 2.481518 2.428817 2.394482 2.433985 2.347244 2.399413 2.550527 2.624571 2.612448 2.402362 2.269301 2.234246 2.303682 2.417526 2.446447 2.469625 2.498775 2.60908 2.564161
