Code_and_data/Tas_Plant_GDM_Files/ASCII grids/precip_pet_ratio_2100_1km.asc
ncols         470
nrows         479
xllcorner     143.8
yllcorner     -43.7425
cellsize      0.01
NODATA_value  -9999
[rows 308 to 335 of 479, columns 195 to 259 of 470]
3.612589 3.484019 3.177292 3.511405 3.656954 3.737373 3.837358 3.97925 3.808051 3.529407 3.67344 3.712019 3.60089 3.779555 3.635306 3.605982 3.579761 3.390316 3.464311 3.369693 3.278818 3.25634 3.101119 3.287943 3.16981 2.974255 3.057361 3.125936 3.004294 2.919563 2.902427 2.857357 2.857906 3.009202 3.039529 2.92523 2.708899 2.525065 2.305762 -9999 -9999 2.080262 2.400581 2.438776 2.385534 2.304191 2.211823 2.13425 2.136423 2.096928 2.023066 1.983791 1.959125 1.91954 1.875357 1.84395 1.802756 1.744721 1.686226 1.629388 1.576398 1.51573 1.45925 1.423287 1.407452
3.380339 3.558678 3.409919 3.308478 3.523784 3.826128 3.920842 3.831209 3.985449 3.876096 3.746235 3.885329 3.779631 3.599291 3.415992 3.341149 3.5368 3.521621 3.552991 3.476774 3.185439 3.047106 3.213761 3.339271 3.29029 3.196762 3.167164 3.067549 2.95296 2.899963 2.846532 2.792114 2.806819 2.800071 2.803198 2.877996 2.938726 2.731794 2.476627 2.25847 -9999 1.964625 2.200395 2.438095 2.419534 2.330012 2.257779 2.186656 2.081699 2.043815 1.998246 1.980847 1.983949 1.943309 1.890953 1.840339 1.795086 1.741037 1.689092 1.657492 1.641181 1.545737 1.458824 1.417903 1.396456
3.335717 3.574027 3.685593 3.441582 3.504781 3.812785 3.686844 3.679089 3.887535 3.873353 3.522662 3.57358 3.764899 3.636647 3.46902 3.255771 3.258604 3.401998 3.385138 3.486348 3.262979 2.887331 3.130603 3.29037 3.435415 3.25943 3.081652 2.947308 2.832814 2.74346 2.894914 2.868992 2.804931 2.692555 2.690045 2.665413 2.686119 2.684229 2.659373 2.389515 2.057877 -9999 -9999 2.151961 2.290413 2.34857 2.277179 2.190527 2.092146 2.034682 2.002302 1.985562 1.975761 1.945222 1.893429 1.84602 1.801292 1.756781 1.727069 1.735978 1.745569 1.630205 1.505645 1.441652 1.393043
3.554907 3.623754 3.756641 3.653861 3.572762 3.562673 3.547071 3.642141 3.804211 3.854537 3.596632 3.419954 3.780783 3.700279 3.398959 3.434598 3.107124 3.190245 3.213994 3.435828 3.447661 3.047517 2.774573 3.056129 3.362383 3.335433 3.110777 2.783087 2.526264 2.754086 2.975002 2.922935 2.856709 2.781442 2.65387 2.551947 2.50209 2.557236 2.560379 2.551444 2.309482 1.98823 -9999 -9999 2.021366 2.311754 2.280847 2.201986 2.10231 2.035237 2.035976 2.039464 2.012622 1.964269 1.900788 1.844558 1.811498 1.790567 1.747038 1.72889 1.754093 1.710189 1.539941 1.472675 1.465411
3.620547 3.581259 3.642733 3.744531 3.773657 3.770764 3.472465 3.524698 3.715622 3.798732 3.696574 3.393623 3.560101 3.718638 3.318671 3.182917 3.195697 3.294549 3.088546 3.344003 3.472072 3.275892 2.738151 2.739471 3.141181 3.148881 2.771515 2.572388 2.730413 2.993777 2.97449 2.947926 2.889049 2.837951 2.789348 2.738733 2.639035 2.492844 2.383743 2.4407 2.421249 2.152472 1.94483 -9999 1.861207 2.203328 2.222612 2.192881 2.10645 2.026455 2.047721 2.071086 2.046567 1.989896 1.935913 1.891994 1.817279 1.82804 1.769283 1.728873 1.765349 1.695876 1.578766 1.53478 1.516654
3.619304 3.770119 3.94315 3.783976 3.547928 3.560241 3.4394 3.41669 3.558209 3.623184 3.581361 3.476175 3.296955 3.559309 3.380525 3.12676 3.24753 3.359995 3.067728 3.15943 3.367828 3.371222 2.891793 2.667463 2.933663 2.824879 2.581461 2.779061 3.076635 3.055191 2.977894 2.923135 2.900118 2.983672 2.922265 2.78766 2.720378 2.667814 2.540909 2.290814 2.327467 2.424856 2.043283 -9999 1.8156 1.990372 1.950179 2.025815 1.955179 1.912417 1.94759 2.028262 2.061309 2.052643 1.960339 1.911605 1.802322 1.737676 1.719927 1.701143 1.718206 1.614612 1.566556 1.618432 1.573891
3.673339 3.809075 3.816302 3.693254 3.497414 3.523308 3.470384 3.368623 3.462029 3.462484 3.452876 3.351816 3.261561 3.403213 3.434867 3.072267 3.130016 3.434154 3.202182 3.029794 3.182641 3.165171 2.948097 2.658619 2.736319 2.613417 2.780235 3.234118 3.09007 3.047352 3.005655 2.944335 2.890348 3.044758 2.897378 2.776001 2.720742 2.659323 2.600941 2.486225 2.186036 2.255552 2.047898 -9999 1.927901 1.846563 1.78919 1.823844 1.789651 1.773216 1.794007 1.895804 1.980898 1.987567 1.892723 1.814687 1.666267 1.613066 1.624345 1.663647 1.573693 1.523551 1.501353 1.5455 1.616532
3.571966 3.648801 3.769059 3.647974 3.546885 3.467462 3.489109 3.393363 3.354928 3.385322 3.299437 3.291759 3.205864 3.314022 3.321065 3.072861 3.097977 3.144658 3.018808 3.118389 3.079171 2.883756 2.770427 2.641828 2.638342 2.753291 3.086008 3.319392 3.177099 3.072225 2.997024 2.960665 2.845464 3.00885 2.882519 2.775665 2.731925 2.67682 2.57061 2.387266 2.149668 2.041415 -9999 -9999 1.83872 1.785262 1.754385 1.75778 1.743894 1.71763 1.72431 1.717867 1.768281 1.726014 1.669837 1.649265 1.597705 1.560703 1.551083 1.594281 1.541443 1.519453 1.487088 1.490869 1.530825
3.747462 3.872069 3.787284 3.587241 3.523123 3.467912 3.446437 3.437114 3.380324 3.328271 3.277172 3.231455 3.188854 3.197523 3.207788 3.053716 3.046831 3.061017 3.043852 2.938806 2.866814 2.777742 2.69491 2.7397 2.725215 3.050033 3.29473 3.258202 3.159992 3.103513 2.901666 2.888097 2.720477 2.915603 2.977241 2.953818 2.866854 2.722865 2.664865 2.544489 2.30157 2.065417 1.969813 1.912134 1.861715 1.821402 1.776376 1.761185 1.730828 1.713846 1.701351 1.689476 1.68665 1.676386 1.649029 1.608301 1.576047 1.546645 1.519288 1.508608 1.514664 1.505244 1.523109 1.556075 1.465902
3.966342 4.126429 4.165078 3.933711 3.734988 3.571392 3.499183 3.423986 3.386107 3.358568 3.31671 3.306293 3.266539 3.201473 3.096009 3.066777 3.109753 3.111991 2.979033 2.839448 2.778977 2.756474 2.75571 2.820831 2.943854 3.170549 3.316102 3.210231 3.049337 2.805019 2.667005 2.550065 2.734473 2.842744 2.972997 3.066225 2.90538 2.839942 2.725508 2.606064 2.489341 2.179564 2.004069 1.938429 1.917852 1.858417 1.802164 1.768839 1.741904 1.727059 1.726189 1.775697 1.799502 1.762598 1.745828 1.651258 1.592389 1.547641 1.522652 1.540978 1.560593 1.566849 1.520031 1.49558 1.418547
3.916909 3.953064 4.140621 4.283805 4.201522 3.860957 3.695385 3.487123 3.438308 3.396962 3.372102 3.376703 3.408066 3.273344 3.141698 3.045105 3.043602 3.010764 2.954104 2.842924 2.836987 2.848938 2.777502 2.763257 2.798188 3.024815 3.352419 3.33725 3.144225 2.974671 2.87431 2.796217 2.624889 2.470821 2.607332 2.847049 2.810261 2.743093 2.670674 2.572612 2.436078 2.215011 2.04669 1.973753 2.019043 2.015344 1.903618 1.802882 1.768353 1.780519 1.840232 1.860175 1.78111 1.751747 1.721182 1.661898 1.612358 1.562644 1.529986 1.587886 1.549418 1.597711 1.524749 1.438699 1.39182
3.6339 3.686241 3.741465 4.031309 4.23593 4.152819 3.846522 3.758831 3.559468 3.477568 3.466088 3.504225 3.465157 3.354514 3.249466 3.133775 2.998119 3.004923 2.968044 2.842214 2.83606 2.844105 2.823479 2.781524 2.790272 2.966568 3.300237 3.421207 3.156238 3.020911 2.938743 2.991892 2.885971 2.580387 2.396105 2.578311 2.737417 2.712976 2.583324 2.493144 2.311639 2.133743 2.050309 1.992112 2.11508 2.062502 1.919811 1.820944 1.856876 1.941486 1.976944 1.943323 1.772809 1.722085 1.695444 1.682394 1.651668 1.585838 1.542989 1.534479 1.516564 1.548317 1.530462 1.478196 1.41301
3.617085 3.737331 3.942497 4.113092 4.19071 4.110535 3.81279 3.783511 3.820995 3.693909 3.56526 3.548978 3.459584 3.341019 3.366316 3.236384 3.053205 2.961685 2.934654 2.926033 2.947015 2.869227 2.80953 2.799114 2.806273 2.909397 3.226416 3.41786 3.226091 3.088476 3.016467 2.923453 2.865839 2.835842 2.462796 2.341011 2.455663 2.525697 2.461592 2.364939 2.255763 2.119974 2.055821 2.009718 2.03572 1.972942 1.879273 1.849328 1.868627 1.975893 2.079447 1.888843 1.795244 1.725305 1.680844 1.728988 1.695983 1.613748 1.562773 1.528334 1.507772 1.501549 1.488144 1.47312 1.425593
3.925108 4.012017 4.105961 4.001158 4.193793 4.258753 4.094454 3.723485 3.619047 3.750502 3.709967 3.504521 3.421849 3.340918 3.265104 3.2854 3.227969 2.960041 2.950461 3.050299 3.07378 3.064087 2.87288 2.824541 2.820125 2.871342 3.072881 3.177924 3.095062 2.962977 2.809946 2.810339 2.713877 2.814182 2.505847 2.319077 2.297134 2.329775 2.337501 2.270081 2.207753 2.136894 2.070696 2.026012 1.992043 1.941843 1.894809 -9999 1.822553 1.81324 1.830089 1.818818 1.783267 1.735786 1.708115 1.673705 1.690186 1.661322 1.609447 1.553777 1.522516 1.498613 1.471542 1.443963 1.419993
3.910642 4.00332 3.845528 3.85939 4.003649 3.942195 3.945491 3.784553 3.562532 3.678193 3.861696 3.599135 3.409225 3.372035 3.263147 3.177239 3.33068 3.039688 3.006423 3.101039 3.081672 3.229399 3.003767 2.863869 2.781464 2.781153 2.802091 2.832846 2.823764 2.703594 2.55456 2.50687 2.517507 2.427179 2.372102 2.319966 2.316537 2.334903 2.332953 2.2605 2.210386 2.151712 2.091167 2.042391 2.003489 1.96292 1.935844 -9999 -9999 1.827125 1.808319 1.800593 1.788669 1.788017 1.777352 1.733283 1.673577 1.654124 1.618983 1.580661 1.553869 1.540189 1.499923 1.462556 1.428856
3.730201 3.674019 3.774028 4.070187 3.967257 3.819652 3.755398 3.571945 3.487017 3.679794 3.821852 3.859495 3.789995 3.644711 3.451312 3.243731 3.253043 3.124694 3.030213 3.120064 3.066982 3.082902 3.056509 2.917733 2.766012 2.773311 2.787939 2.703394 2.629884 2.590088 2.624667 2.642624 2.561747 2.47763 2.517595 2.388185 2.361154 2.393614 2.366332 2.282183 2.22543 2.167456 2.115141 2.065227 2.023062 1.98007 1.95669 -9999 1.86754 1.878517 1.885168 1.852875 1.886203 1.878855 1.989436 1.970481 1.801256 1.722495 1.689101 1.670355 1.595246 1.564958 1.526094 1.486945 1.458447
3.645989 3.700242 4.007845 4.190172 3.997619 3.842714 3.877696 3.644317 3.458932 3.492616 3.557758 3.739939 3.930571 3.867272 3.56503 3.398454 3.175088 3.150419 3.012629 2.974872 2.935286 2.943659 2.976344 2.864482 2.751808 2.754665 2.772056 2.656534 2.619553 2.834105 3.024656 2.946173 2.800519 2.675324 2.695967 2.547156 2.443824 2.421066 2.384273 2.367309 2.290223 2.242476 2.169915 2.109723 2.060599 2.018711 1.984504 1.963116 1.88299 1.907043 1.936379 1.876094 1.890285 1.973707 2.167458 2.186991 1.99238 1.849014 1.885001 1.792504 1.649767 1.582903 1.541837 1.500677 1.463608
3.80773 3.553706 3.809097 3.89517 3.791809 3.869102 3.681597 3.576968 3.438276 3.510038 3.64708 3.836067 3.832552 3.588114 3.383077 3.249353 3.061286 3.03082 3.15991 3.03158 2.924754 2.881283 2.832927 2.812379 2.838535 2.751657 2.737003 2.651577 2.667969 2.830108 2.959437 2.861877 2.892723 2.738919 2.637257 2.641242 2.547273 2.502651 2.480812 2.516847 2.406965 2.291644 2.217427 2.186488 2.13386 2.068947 2.032026 1.984721 1.93956 1.87265 1.861596 1.847913 1.851301 1.973299 2.155551 2.224631 2.116356 2.032661 1.946685 1.840936 1.785323 1.661312 1.583769 1.530267 1.478984
3.927522 3.613071 3.495234 3.606276 3.697836 3.803286 3.702861 3.578357 3.405333 3.506093 3.584245 3.525375 3.490167 3.540951 3.427966 3.180004 3.116926 3.184451 3.160409 3.128548 3.08987 2.990107 2.909926 2.877355 2.781659 2.736627 2.712961 2.678936 2.634788 2.663796 2.670581 2.613438 2.567805 2.5775 2.519636 2.560339 2.672016 2.742959 2.649912 2.664982 2.474717 2.313212 2.233968 2.219085 2.222568 2.134709 2.083694 2.008152 -9999 -9999 1.8657 1.859342 1.87522 1.89858 2.058322 2.206982 2.261294 2.145344 2.028105 1.868913 1.798779 1.682824 1.608404 1.548527 1.485831
3.71849 3.691276 3.478183 3.368828 3.464906 3.490512 3.445053 3.481744 3.392469 3.401693 3.337681 3.371022 3.248502 3.239361 3.248412 3.183978 3.20082 3.311639 3.287287 3.148658 3.161745 3.126528 3.008109 2.932401 2.891159 2.813862 2.79543 2.773225 2.740682 2.622359 2.594855 2.541741 2.554401 2.494835 2.428105 2.444718 2.786375 2.979803 2.970685 2.712862 2.51555 2.355727 2.246981 2.189586 2.18954 2.201458 2.131944 2.069158 1.99571 -9999 -9999 1.879822 1.887126 1.838099 1.890262 1.9387 2.035528 2.142393 2.024472 1.846379 1.777871 1.701044 1.615079 1.559919 1.489763
3.461954 3.439849 3.368723 3.373236 3.655519 3.830336 3.697703 3.430935 3.571723 3.669292 3.661092 3.434934 3.420949 3.319209 3.422046 3.417211 3.197132 3.172362 3.119743 3.068168 3.091304 3.133646 3.044356 2.94494 2.950209 2.923035 2.815521 2.803331 2.935422 2.734207 2.709141 2.677938 2.786856 2.893912 2.654438 2.440564 2.687473 2.935133 2.937078 2.758513 2.542068 2.425538 2.295848 2.204402 2.158875 2.152603 2.146531 2.141586 2.051335 -9999 -9999 1.90062 1.930978 1.85402 1.814377 1.794224 1.810916 1.969867 1.984367 1.929325 1.790838 1.686285 1.624899 1.586253 1.531061
3.599267 3.534375 3.519981 3.64009 3.784825 3.940307 4.153815 3.889519 3.716967 3.717546 3.689711 3.534163 3.401347 3.44985 3.607744 3.612553 3.414906 3.283094 3.158743 3.060436 3.026341 3.01041 2.971896 2.923508 2.915811 2.914208 2.860368 2.787192 2.859241 2.853642 2.846827 2.929766 2.990221 3.045193 2.739604 2.495617 2.525035 2.766683 2.884078 2.794673 2.544404 2.396405 2.311826 2.2234 2.172763 2.136069 2.11319 2.165775 2.071604 -9999 -9999 1.91698 1.939549 1.890481 1.82545 1.793056 1.775162 1.788353 1.862155 1.940126 1.853335 1.731993 1.645081 1.622026 1.580813
3.753667 3.767565 3.61217 3.599735 3.680648 3.838508 4.176509 4.301331 4.02193 3.906943 3.95745 3.626861 3.50448 3.566049 3.632685 3.485932 3.388623 3.232708 3.13991 3.093619 3.099842 3.015576 2.974377 2.97194 2.924614 2.840088 2.817319 2.835349 2.812951 2.770002 2.766056 2.753384 2.951519 3.12003 2.938125 2.691678 2.52844 2.774661 2.864777 2.762423 2.545181 2.385265 2.295603 2.240377 2.202646 2.15127 -9999 2.127182 2.068001 -9999 -9999 1.943854 1.993752 1.928192 1.851902 1.806699 1.780798 1.789528 1.907695 1.918373 1.857864 1.749989 1.649099 1.609712 1.564646
3.667122 3.78579 3.746435 3.756537 3.772805 4.015878 4.259796 4.367644 4.338024 4.136566 3.922509 3.942506 3.706054 3.506484 3.497224 3.424443 3.284064 3.225148 3.156063 3.133113 3.182368 3.104269 2.999579 2.950057 2.929272 2.913603 2.854038 2.813019 2.801589 2.786456 2.795408 2.764393 2.860529 3.070552 3.05361 2.746683 2.581547 2.653746 2.628077 2.526504 2.445207 2.404815 2.326061 2.26685 -9999 -9999 -9999 -9999 2.089177 2.055122 2.010244 1.976718 1.960527 1.917602 1.864425 1.819131 1.783121 1.784257 1.82763 1.810072 1.769112 1.705642 1.639519 1.595657 1.563136
3.714641 3.988462 3.941479 3.703737 3.825572 4.076447 4.124278 4.28788 3.943054 3.823404 3.949062 3.959954 3.674888 3.78461 3.573497 3.451091 3.293034 3.229639 3.160496 3.118816 3.162032 3.157492 3.06402 2.974634 2.956805 2.983856 2.951479 2.838661 2.829631 2.883268 2.864237 2.942972 2.958822 3.047454 3.099936 2.82706 2.746679 2.824832 2.92275 2.861943 2.902277 2.683989 2.406182 2.321793 2.257343 2.22036 -9999 2.139881 2.118544 2.100131 2.068 1.996402 1.960932 1.920968 1.891458 1.854558 1.829309 1.758335 1.746442 1.743916 1.735591 1.699156 1.648702 1.604475 1.572416
3.604841 3.885409 3.965113 3.587629 3.752486 4.138081 4.409762 4.15513 3.919645 3.741758 3.876019 4.250741 3.973109 4.045406 3.695922 3.533576 3.364366 3.270277 3.181191 3.133881 3.12648 3.167435 3.146037 3.044093 2.969431 2.963745 2.957071 2.885576 2.920686 2.943576 2.955189 3.054675 3.159785 2.952056 2.886028 2.724315 2.647502 2.865796 3.038153 2.885623 2.740189 2.665702 2.434399 2.350857 2.284411 2.228681 2.187876 2.164093 2.155434 2.194707 2.110476 2.043068 2.031241 2.016727 1.990452 1.896069 1.881471 1.792763 1.736372 1.745332 1.732212 1.709983 1.667497 1.615035 1.58087
3.323554 3.450932 3.743306 3.487419 3.75854 4.064004 4.288049 4.013866 3.754606 3.752708 3.914213 4.111567 4.020031 4.036996 3.799224 3.545709 3.407361 3.298243 3.206233 3.169666 3.180798 3.219076 3.310217 3.147356 3.00918 2.95487 2.920035 2.940314 2.875664 2.921522 2.994471 2.978151 3.162779 3.016941 2.732402 2.702131 2.659739 2.672099 2.962045 3.060741 2.833937 2.602159 2.467611 2.383487 2.312018 2.257179 2.22036 2.200216 2.260274 2.333105 2.220501 2.19383 2.087317 2.077266 1.980381 1.969186 1.92734 1.816453 1.729026 1.718631 1.699301 1.714036 1.686363 1.622245 1.594866
3.583565 3.50797 3.311693 3.426246 3.7583 3.965512 4.059631 3.863107 3.808712 3.789179 3.763144 3.711885 3.658038 3.630103 3.650666 3.54509 3.51864 3.307483 3.26427 3.25824 3.288948 3.339822 3.45799 3.230358 3.140164 3.064889 3.007816 2.9773 2.938059 2.922273 2.84597 2.887026 3.053431 3.07473 2.905716 2.621342 2.628872 2.647226 3.032758 3.205825 2.735193 2.532471 2.430468 2.376031 2.338767 2.285625 2.269108 2.234662 2.296064 2.527981 2.416202 2.331868 2.282604 2.17325 2.058228 2.055636 2.00405 1.873312 1.764993 1.713687 1.65161 1.645724 1.630587 1.612383 1.614894
