Code_and_data/Tas_Plant_GDM_Files/ASCII grids/precip_pet_ratio_2010_1km.asc
ncols         470
nrows         479
xllcorner     143.8
yllcorner     -43.7425
cellsize      0.01
NODATA_value  -9999
[rows 174 to 202 of 479, columns 390 to 454 of 470]
-9999 -9999 -9999 -9999 -9999 -9999 -9999 -9999 -9999 -9999 -9999 -9999 -9999 -9999 -9999 -9999 -9999 -9999 -9999 -9999 -9999 -9999 -9999 -9999 -9999 -9999 -9999 -9999 -9999 -9999 -9999 -9999 -9999 -9999 -9999 -9999 -9999 -9999 -9999 -9999 -9999 -9999 -9999 -9999 -9999 -9999 -9999 -9999 -9999 -9999 -9999 -9999 -9999 -9999 -9999 -9999 -9999 -9999 -9999 -9999 -9999 -9999 -9999 -9999 -9999
-9999 -9999 -9999 -9999 -9999 -9999 -9999 -9999 -9999 -9999 -9999 -9999 -9999 -9999 -9999 -9999 -9999 -9999 -9999 -9999 -9999 -9999 -9999 -9999 -9999 -9999 -9999 -9999 -9999 -9999 -9999 -9999 -9999 -9999 -9999 -9999 -9999 -9999 -9999 -9999 -9999 -9999 -9999 -9999 -9999 -9999 -9999 -9999 -9999 -9999 -9999 -9999 -9999 -9999 -9999 -9999 -9999 -9999 -9999 -9999 -9999 -9999 -9999 -9999 -9999
-9999 -9999 -9999 -9999 -9999 -9999 -9999 -9999 -9999 -9999 -9999 -9999 -9999 -9999 -9999 -9999 -9999 -9999 -9999 -9999 -9999 -9999 -9999 -9999 -9999 -9999 -9999 -9999 -9999 -9999 -9999 -9999 -9999 -9999 -9999 -9999 -9999 -9999 -9999 -9999 -9999 -9999 -9999 -9999 -9999 -9999 -9999 -9999 -9999 -9999 -9999 -9999 -9999 -9999 -9999 -9999 -9999 -9999 -9999 -9999 -9999 -9999 -9999 -9999 -9999
-9999 -9999 -9999 -9999 -9999 -9999 -9999 -9999 -9999 -9999 -9999 -9999 -9999 -9999 -9999 -9999 -9999 -9999 -9999 -9999 -9999 -9999 -9999 -9999 -9999 -9999 -9999 0.5441006 -9999 -9999 -9999 -9999 -9999 -9999 -9999 -9999 -9999 -9999 0.5185543 -9999 -9999 0.5090557 0.51204 -9999 -9999 -9999 -9999 -9999 -9999 -9999 -9999 -9999 -9999 -9999 -9999 -9999 -9999 -9999 -9999 -9999 -9999 -9999 -9999 -9999 -9999
-9999 -9999 -9999 -9999 -9999 -9999 -9999 -9999 -9999 -9999 -9999 -9999 -9999 -9999 -9999 -9999 -9999 -9999 -9999 -9999 -9999 -9999 -9999 -9999 0.5518044 -9999 -9999 0.5466588 -9999 -9999 -9999 -9999 -9999 -9999 -9999 -9999 -9999 -9999 -9999 0.5235435 0.5258704 0.5129117 0.5099077 -9999 -9999 -9999 -9999 -9999 -9999 -9999 -9999 -9999 -9999 -9999 -9999 -9999 -9999 -9999 -9999 -9999 -9999 -9999 -9999 -9999 -9999
-9999 -9999 -9999 -9999 -9999 -9999 -9999 -9999 -9999 -9999 -9999 -9999 -9999 -9999 -9999 -9999 -9999 -9999 -9999 -9999 -9999 -9999 -9999 -9999 0.555463 0.5524276 0.5627492 0.5622519 0.551038 0.5503404 0.5508718 0.5507124 -9999 0.5382125 -9999 -9999 -9999 -9999 -9999 0.5189669 -9999 -9999 -9999 -9999 -9999 -9999 -9999 -9999 -9999 -9999 -9999 -9999 -9999 -9999 -9999 -9999 -9999 -9999 -9999 -9999 -9999 -9999 -9999 -9999 -9999
-9999 -9999 -9999 -9999 -9999 -9999 -9999 -9999 -9999 -9999 -9999 -9999 -9999 -9999 -9999 -9999 -9999 -9999 -9999 -9999 -9999 -9999 -9999 -9999 -9999 0.5538443 0.5683284 0.5784848 0.5614983 0.5593743 0.562254 0.5639008 0.5484427 0.5411112 -9999 -9999 -9999 -9999 -9999 -9999 -9999 -9999 -9999 -9999 -9999 -9999 -9999 -9999 -9999 -9999 -9999 -9999 -9999 -9999 -9999 -9999 -9999 -9999 -9999 -9999 -9999 -9999 -9999 -9999 -9999
-9999 -9999 -9999 -9999 -9999 -9999 -9999 -9999 -9999 -9999 -9999 -9999 -9999 -9999 -9999 -9999 -9999 -9999 -9999 -9999 -9999 -9999 -9999 -9999 -9999 0.5590428 0.5652809 0.5648723 0.5676784 0.5676292 0.575869 0.5733886 0.5624475 0.5478459 0.5412702 0.5400993 -9999 0.5346307 -9999 -9999 -9999 -9999 -9999 -9999 -9999 -9999 -9999 -9999 -9999 -9999 -9999 -9999 -9999 -9999 -9999 -9999 -9999 -9999 -9999 -9999 -9999 -9999 -9999 -9999 -9999
-9999 -9999 -9999 -9999 -9999 -9999 -9999 -9999 -9999 -9999 -9999 -9999 -9999 -9999 -9999 -9999 -9999 -9999 -9999 -9999 -9999 -9999 -9999 -9999 0.5705683 0.5711677 0.5778499 0.5754945 0.5758781 0.5753154 0.5857045 0.5912512 0.5891668 0.5731878 0.5591263 0.546282 0.5442442 0.5475107 0.5419068 0.5405673 -9999 -9999 -9999 -9999 -9999 -9999 -9999 -9999 -9999 -9999 -9999 -9999 -9999 -9999 -9999 -9999 -9999 -9999 -9999 -9999 -9999 -9999 -9999 -9999 -9999
-9999 -9999 -9999 -9999 -9999 -9999 -9999 -9999 -9999 -9999 -9999 -9999 -9999 -9999 -9999 -9999 -9999 -9999 -9999 -9999 -9999 -9999 -9999 -9999 0.5746571 0.6015556 0.5934125 0.5997981 0.6017407 0.586078 0.6044618 0.5947981 0.6113546 0.6115314 0.5847358 0.5630856 0.5530235 0.5583142 0.5642197 0.563443 0.541114 -9999 -9999 -9999 -9999 -9999 -9999 -9999 -9999 -9999 -9999 -9999 -9999 -9999 -9999 -9999 -9999 -9999 -9999 -9999 -9999 -9999 -9999 -9999 -9999
-9999 -9999 -9999 -9999 -9999 -9999 -9999 -9999 -9999 -9999 -9999 -9999 -9999 -9999 -9999 -9999 -9999 -9999 -9999 -9999 -9999 -9999 -9999 -9999 0.5797449 0.631373 0.6515594 0.6523765 0.6449944 0.6013532 0.6161016 0.6125258 0.6166941 0.6247041 0.596247 0.5808637 0.5682366 0.5757043 0.5735552 0.5715401 0.5528146 -9999 -9999 -9999 -9999 -9999 -9999 -9999 -9999 -9999 -9999 -9999 -9999 -9999 -9999 -9999 -9999 -9999 -9999 -9999 -9999 -9999 -9999 -9999 -9999
-9999 -9999 -9999 -9999 -9999 -9999 -9999 -9999 -9999 -9999 -9999 -9999 -9999 -9999 -9999 -9999 -9999 -9999 -9999 -9999 -9999 -9999 -9999 0.5751656 0.5913734 0.6305051 0.6804127 0.7026849 0.6705082 0.6127039 0.613431 0.5959372 0.5878099 0.5836205 0.5770053 0.5762135 0.599411 0.6104711 0.5894864 0.5684545 0.5618163 0.5524368 -9999 -9999 -9999 -9999 -9999 -9999 -9999 -9999 -9999 -9999 -9999 -9999 -9999 -9999 -9999 -9999 -9999 -9999 -9999 -9999 -9999 -9999 -9999
-9999 -9999 -9999 -9999 -9999 -9999 -9999 -9999 -9999 -9999 -9999 -9999 -9999 -9999 -9999 -9999 -9999 -9999 -9999 -9999 -9999 -9999 0.5790127 0.583524 0.5954736 0.6213564 0.6768367 0.7251195 0.6735544 0.6227797 0.6040378 0.5943312 0.5950816 0.6031874 0.5988886 0.5933453 0.6027874 0.6160486 0.5869191 0.5726894 0.5630521 0.5566093 0.556548 -9999 -9999 -9999 -9999 0.5589805 -9999 -9999 -9999 -9999 -9999 -9999 -9999 -9999 -9999 -9999 -9999 -9999 -9999 -9999 -9999 -9999 -9999
-9999 -9999 -9999 -9999 -9999 -9999 -9999 -9999 -9999 -9999 -9999 -9999 -9999 -9999 -9999 -9999 -9999 -9999 -9999 -9999 -9999 -9999 0.5846612 0.5967089 0.6104673 0.6346747 0.6844156 0.7394234 0.6799538 0.6269174 0.6101916 0.6037639 0.609183 0.6241874 0.6161134 0.606898 0.6034216 0.6004648 0.598658 0.6154077 0.5871069 0.5658402 0.560442 0.5621579 0.5636128 -9999 -9999 0.5622578 0.5637389 -9999 -9999 -9999 -9999 -9999 -9999 -9999 -9999 -9999 -9999 -9999 -9999 -9999 -9999 -9999 -9999
-9999 -9999 -9999 -9999 -9999 -9999 -9999 -9999 -9999 -9999 -9999 -9999 -9999 -9999 -9999 -9999 -9999 -9999 -9999 -9999 -9999 0.587718 0.591654 0.6007985 0.6133019 0.6420393 0.6748062 0.7288569 0.7147799 0.686981 0.6661796 0.6194062 0.6243994 0.6213403 0.6318888 0.6299226 0.6259972 0.6296626 0.6267748 0.6279594 0.5926989 0.575258 0.569728 0.5714225 0.5726975 0.5713812 0.5696205 0.5715595 0.5709983 0.57104 0.5709933 -9999 -9999 -9999 -9999 -9999 -9999 -9999 -9999 -9999 -9999 -9999 -9999 -9999 -9999
-9999 -9999 -9999 -9999 -9999 -9999 -9999 -9999 -9999 -9999 -9999 -9999 -9999 -9999 -9999 -9999 -9999 -9999 -9999 -9999 0.5936269 0.5958867 0.6008976 0.6064522 0.6240691 0.658292 0.6821632 0.7002994 0.7192032 0.7087997 0.6741573 0.6291921 0.6203877 0.6243796 0.6341771 0.6443528 0.6517875 0.6647057 0.65958 0.6296213 0.6049751 0.5892401 0.5796185 0.5828156 0.5901809 0.5865586 0.5820245 0.5828857 0.5859371 0.5851023 0.5793214 0.5765673 0.580703 -9999 -9999 -9999 -9999 -9999 -9999 -9999 -9999 -9999 -9999 -9999 -9999
0.5679378 -9999 0.573055 0.5748738 0.591108 0.6043039 0.5784997 -9999 -9999 -9999 -9999 -9999 -9999 -9999 -9999 -9999 -9999 -9999 -9999 0.6007678 0.6105077 0.6111902 0.6114891 0.6211795 0.6447875 0.6709946 0.7033903 0.7301763 0.7314722 0.7077497 0.6765916 0.6528289 0.6303918 0.6287339 0.6349943 0.6493785 0.6632745 0.6508849 0.6363235 0.6286345 0.6177937 0.5989413 0.587439 0.5977163 0.607587 0.6069638 0.5970418 0.5946581 0.6042551 0.6020554 0.5955551 0.5842629 -9999 -9999 -9999 -9999 -9999 -9999 -9999 -9999 -9999 -9999 -9999 -9999 -9999
0.576102 0.5746132 0.5772433 0.5802138 0.5858857 0.591282 0.5918538 -9999 -9999 -9999 -9999 -9999 -9999 -9999 -9999 -9999 -9999 0.5992615 0.5993251 0.6035523 0.6110546 0.6093823 0.6123466 0.6197566 0.6472731 0.7059349 0.7386509 0.7624567 0.7670095 0.7260196 0.6926041 0.6806983 0.6448421 0.6359587 0.6387327 0.6502528 0.6598611 0.6509414 0.6294012 0.6125218 0.6079361 0.6025698 0.6059968 0.6098393 0.6228424 0.6211103 0.6117358 0.6212397 0.6354705 0.6201867 0.6087381 0.5948395 0.5867659 -9999 -9999 -9999 -9999 -9999 -9999 -9999 -9999 -9999 -9999 -9999 -9999
0.5845637 0.5832787 0.5837336 0.5854408 0.587132 0.5942444 0.5999596 0.5890725 0.5905745 -9999 -9999 -9999 -9999 -9999 -9999 0.6017797 0.6021646 0.6019793 0.6043468 0.6069818 0.6083968 0.6094003 0.6098408 0.6228014 0.6574723 0.6944328 0.712431 0.7179944 0.7131305 0.7241771 0.6881023 0.660835 0.6475435 0.6443297 0.6445841 0.6435886 0.6397426 0.6339932 0.6252713 0.6145927 0.618734 0.6430082 0.6520858 0.6494932 0.6391784 0.6319605 0.6336402 0.6344289 0.6501703 0.6499521 0.6224316 0.6057125 0.592262 0.5910241 -9999 -9999 -9999 -9999 -9999 -9999 -9999 -9999 -9999 -9999 -9999
0.5885118 0.5880619 0.58943 0.590494 0.5914645 0.5963187 0.6015282 0.5999476 0.5993747 0.5985622 0.6038871 0.6202727 0.6169868 0.6153939 0.6109641 0.6097259 0.6096919 0.6092902 0.612524 0.6178809 0.621199 0.6201119 0.6150143 0.6160975 0.617902 0.6206339 0.6306338 0.6395403 0.6465794 0.6818272 0.692181 0.6825619 0.6663454 0.651794 0.6516587 0.6503391 0.6447295 0.6364133 0.627112 0.6426806 0.6475496 0.6672154 0.6817626 0.6807077 0.6648569 0.646623 0.6573067 0.6452421 0.6529979 0.6726896 0.64973 0.6182761 0.6018454 0.5952846 0.6020781 0.6039516 -9999 -9999 -9999 -9999 -9999 -9999 -9999 -9999 -9999
0.5948434 0.5946786 0.5955268 0.5957851 0.5974512 0.5994981 0.6066467 0.6138597 0.6210588 0.6241547 0.6331334 0.6473588 0.6500037 0.6539606 0.6451781 0.6279954 0.620373 0.6223045 0.6204386 0.6308485 0.6371161 0.6343092 0.6232617 0.6261744 0.6325524 0.630134 0.6322606 0.6348448 0.6429333 0.6579648 0.6631331 0.6727521 0.6697268 0.6659966 0.6547155 0.6529053 0.6508972 0.6424751 0.6285211 0.6309963 0.6417863 0.6550162 0.6767216 0.6823759 0.6828016 0.6708177 0.6708454 0.6831561 0.6959956 0.687552 0.6578982 0.6284162 0.6156005 0.6104001 0.6148763 0.6099649 0.5979143 -9999 -9999 -9999 -9999 -9999 -9999 -9999 -9999
0.597576 0.599378 0.6023472 0.6035151 0.6041259 0.60848 0.6140101 0.620059 0.6288882 0.6396337 0.6532661 0.6794535 0.6832966 0.6901052 0.6720244 0.6373729 0.6235281 0.6312931 0.6404163 0.642463 0.6517202 0.6478775 0.6333722 0.6405352 0.6571646 0.6485105 0.6498658 0.6483803 0.6471688 0.6573074 0.6715335 0.6841254 0.7037514 0.6922828 0.6697971 0.6598296 0.652539 0.653246 0.6495519 0.6382658 0.6390933 0.6456556 0.6599222 0.6730672 0.6893194 0.6874987 0.6824057 0.7022914 0.8063049 0.756614 0.6773388 0.6469021 0.6399411 0.6271958 0.6203085 0.6137136 0.6041018 -9999 -9999 -9999 -9999 -9999 -9999 -9999 -9999
0.6034745 0.6104307 0.6144267 0.6175894 0.621439 0.6211586 0.6254077 0.6302176 0.6382813 0.6481637 0.6595848 0.6885895 0.6939741 0.6770177 0.6599237 0.6363218 0.6413444 0.6666759 0.686883 0.6790215 0.671403 0.6639968 0.6441444 0.6407248 0.6809155 0.6528292 0.6639777 0.6740223 0.6682199 0.6657324 0.6710653 0.6882669 0.7075976 0.7056632 0.6947058 0.6900485 0.674011 0.6894965 0.6785923 0.6504157 0.6499695 0.648988 0.6610916 0.6672764 0.6770505 0.6843567 0.6829581 0.6873536 0.7138278 0.7110826 0.6741724 0.6525857 0.6450791 0.6426437 0.6494664 0.6424329 0.6177056 0.6141564 -9999 -9999 -9999 -9999 -9999 -9999 -9999
0.632794 0.6368384 0.6522616 0.6603373 0.6605633 0.6404384 0.6410357 0.652884 0.669603 0.6829037 0.6707951 0.6759419 0.6870396 0.6919886 0.671738 0.6419202 0.6578406 0.702035 0.7264929 0.7104797 0.6868507 0.669651 0.6545627 0.6533596 0.6514667 0.6494989 0.6552492 0.6803232 0.6917136 0.6941198 0.6842728 0.6874218 0.7064673 0.7020409 0.7115198 0.7059829 0.6943558 0.6979437 0.6705875 0.6669698 0.673032 0.6609272 0.6591715 0.663272 0.6722249 0.6876692 0.6887145 0.6783728 0.6962563 0.7178944 0.7032033 0.6681311 0.6716361 0.6704595 0.668425 0.6594182 0.6385982 0.6172647 0.6085356 -9999 -9999 -9999 0.6018596 -9999 -9999
0.7101663 0.7227657 0.7037887 0.7538357 0.7181983 0.664247 0.6524307 0.6714321 0.7148489 0.7053896 0.6796938 0.6651533 0.6777721 0.6931189 0.6659145 0.6466857 0.6580747 0.706291 0.7338344 0.7186847 0.6944436 0.682848 0.6785407 0.6938633 0.6875808 0.6704853 0.6611799 0.6697854 0.6905493 0.7078081 0.6883851 0.6772919 0.6867248 0.6926707 0.7132762 0.7291967 0.7033075 0.6838766 0.667399 0.6857218 0.6852221 0.6763328 0.6696306 0.6672395 0.6705515 0.6810099 0.6782556 0.6744756 0.6851645 0.6991981 0.7085842 0.6823871 0.6895922 0.6906879 0.6781353 0.6641255 0.6446808 0.6249263 0.6125789 0.6103855 0.6095141 -9999 -9999 -9999 -9999
0.8098491 0.865856 0.7915909 0.7917273 0.7395761 0.676738 0.6741978 0.6919168 0.7149342 0.7202021 0.7040122 0.6809408 0.664858 0.6563008 0.6677012 0.6749709 0.6635845 0.6668425 0.6899358 0.703833 0.7007828 0.711223 0.7121279 0.7134857 0.7262966 0.7053644 0.6855038 0.6741089 0.6850746 0.6852337 0.6838792 0.684639 0.6973156 0.7164134 0.7355928 0.7404582 0.7085088 0.6880178 0.6770281 0.6827805 0.6881399 0.6878651 0.686268 0.6820341 0.6760714 0.6778957 0.6836506 0.677457 0.6791356 0.6849546 0.6942442 0.6947466 0.7082006 0.6916366 0.6761248 0.6705396 0.6510817 0.6344592 0.6299561 0.6203038 0.6108165 -9999 -9999 -9999 -9999
0.8264764 0.861932 0.8257117 0.773411 0.7343907 0.6939664 0.6995952 0.7367394 0.7404072 0.7145673 0.7014042 0.6911449 0.6728964 0.6727066 0.7058821 0.7062906 0.6841548 0.6797887 0.6775347 0.6938118 0.6986923 0.7134765 0.7341228 0.7633072 0.7696148 0.7709885 0.715606 0.7015955 0.7062616 0.6991425 0.7101673 0.7106721 0.7411979 0.7565646 0.761494 0.7510483 0.7211384 0.7050401 0.6948231 0.6992869 0.6946064 0.6986716 0.6973996 0.6937351 0.687436 0.684568 0.695309 0.6926603 0.6945145 0.693297 0.6998717 0.7049283 0.7219688 0.7041921 0.6885607 0.6691929 0.6560318 0.6444881 0.6339715 0.6234346 0.6168595 -9999 -9999 -9999 -9999
0.7489268 0.7885684 0.8373496 0.7988215 0.7422697 0.7160935 0.7243115 0.8059468 0.8126333 0.7272018 0.7017937 0.6821102 0.6955138 0.7262253 0.7346524 0.7233992 0.700295 0.6980016 0.6953626 0.719434 0.73755 0.7513411 0.838737 0.9479658 0.924265 0.9702262 0.8407183 0.8104324 0.7756504 0.7565917 0.7531295 0.7555827 0.735733 0.7383858 0.7799062 0.7603421 0.738526 0.7161517 0.706134 0.7174129 0.7106827 0.7060773 0.7065206 0.7040881 0.6985432 0.6929619 0.6916625 0.7103422 0.7221433 0.7196718 0.7166391 0.7279143 0.7398852 0.7450507 0.7182105 0.6858941 0.6673198 0.654925 0.6409578 0.6337388 0.6256207 0.6208569 -9999 -9999 -9999
0.7485341 0.8770728 0.8678376 0.8465341 0.7840294 0.7392232 0.7484118 0.8425943 0.8340703 0.7530743 0.7097018 0.694969 0.7433563 0.7660553 0.7381676 0.7391193 0.7409047 0.7167456 0.7056559 0.7225041 0.771279 0.8705601 0.9887903 1.203915 1.25266 1.186888 1.07856 1.002937 0.9223417 0.8832293 0.8384954 0.8241385 0.8518147 0.8270974 0.7386432 0.7431992 0.7656162 0.730794 0.7305495 0.7704131 0.7627103 0.7313894 0.7273882 0.7217497 0.7101834 0.7059619 0.7015319 0.7085752 0.7335564 0.7438716 0.7530525 0.7653211 0.7901304 0.79777 0.7353269 0.6976089 0.6753915 0.6637098 0.6491829 0.6415817 0.6522666 0.6320177 -9999 -9999 -9999
