Code_and_data/Tas_Plant_GDM_Files/ASCII grids/precip_pet_ratio_2100_1km.asc
ncols         470
nrows         479
xllcorner     143.8
yllcorner     -43.7425
cellsize      0.01
NODATA_value  -9999
[rows 308 to 335 of 479, columns 390 to 454 of 470]
0.663848 0.8100525 0.8546373 0.8585761 0.7932598 0.793053 0.7800653 0.7501163 0.7199745 0.713617 0.7405829 0.7693951 0.7549978 0.794067 0.8391325 0.7855444 0.7712044 0.7419969 0.6856829 0.6828471 0.6743573 0.6465065 0.6128532 0.5966674 0.5291559 0.5007449 0.5189853 0.5208238 0.501907 0.4974168 0.4899035 0.4823974 0.4789421 0.4826691 0.4882719 0.4953937 0.4979719 0.5010613 0.5204007 0.5552518 0.5815597 0.5652506 0.5469327 0.5423277 0.5440731 0.5459303 0.547469 -9999 0.5663268 0.5729601 0.573101 0.5775307 0.5844665 0.6011501 0.6455097 0.6401965 0.6073616 0.6260468 0.5939352 -9999 -9999 -9999 -9999 -9999 -9999
0.6773928 0.7679852 0.7995963 0.7954255 0.7917902 0.8206546 0.7685962 0.741296 0.7133716 0.6927621 0.7450925 0.7554969 0.7125377 0.7889419 0.8411944 0.8083764 0.7848564 0.7694043 0.7249929 0.6093584 0.5976461 0.5926607 0.5382309 0.5210573 0.5063261 0.4822252 0.5032583 0.5066534 0.4956984 0.4873009 0.4831986 0.4758173 0.473614 0.4761363 0.4800711 0.4848484 0.4908637 0.4953791 0.5203497 0.5579239 0.5611773 0.5429623 0.5347461 0.5345756 0.5349333 0.5395588 0.5414786 0.5563568 0.5618542 0.5681958 0.5688536 0.5716097 0.5774635 0.5919315 0.6196455 0.6088564 0.5936856 0.590808 0.5896447 -9999 -9999 -9999 -9999 -9999 -9999
0.6192863 0.7470648 0.8090491 0.799069 0.8207635 0.8063378 0.8072758 0.7406192 0.7058538 0.6911601 0.6877301 0.7140644 0.6672251 0.7975875 0.8374546 0.7925671 0.7650338 0.6945807 0.6750467 0.6559594 0.591145 0.5326825 0.5389007 0.5424328 0.5210897 0.5125855 0.4867456 0.5096678 0.4972576 0.4858074 0.4802673 0.4780008 0.4759412 0.4753696 0.4793623 0.4838947 0.4870872 0.4900152 0.5122128 0.5431398 0.5527513 0.5481418 0.5324432 0.5271661 0.5289958 0.5324109 0.5392542 0.5503262 0.5560398 0.5576882 0.5576816 0.562546 0.5748984 0.604777 0.6535937 0.6716804 0.6160181 0.6080641 0.6092045 0.593443 0.592368 -9999 -9999 -9999 -9999
0.6305118 0.8061232 0.9003066 0.8522459 0.8276727 0.8086748 0.8016216 0.7335547 0.6963728 0.6956362 0.6732469 0.6959373 0.6548196 0.7189058 0.7916425 0.7492383 0.7117921 0.6541248 0.6247299 0.5838318 0.5490224 0.5875924 0.5536583 0.5178483 0.5007197 0.4962057 0.4761434 0.5115492 0.5077747 0.4852509 0.4744342 0.4759835 0.4760156 0.4723221 0.4761147 0.4797142 0.482914 0.4862622 0.505767 0.5159509 0.5252048 0.5166935 0.5146512 -9999 0.5205997 0.5285832 0.535853 0.5456073 0.5486636 0.5480437 0.549879 0.5543451 0.5629505 0.5825872 0.5888768 0.6244959 0.6436858 0.6759615 0.6317997 0.5915618 0.6060286 0.6472434 -9999 -9999 -9999
0.6006582 0.7491996 0.8480428 0.8643199 0.8801247 0.8013971 0.7931982 0.7717021 0.7060051 0.7186798 0.6966474 0.6607263 0.6446542 0.6727263 0.7863981 0.7731707 0.7168701 0.6714033 0.6352057 0.6465297 0.5495579 0.5573744 0.5548436 0.5233684 0.5018937 0.4893648 0.4719381 0.4755879 0.4998064 0.4981225 0.4692869 0.4694681 0.47445 0.4813669 0.4769952 0.4769472 0.482736 0.4856852 0.4895751 0.4970389 0.50124 0.5028781 0.5050831 0.5086972 0.5139117 0.5182212 0.5284184 0.5363401 0.5402756 0.5391845 0.541779 0.5443237 0.5487546 0.5603375 0.580969 0.587309 0.6159296 0.6622341 0.6608453 0.6122153 0.6033509 0.6394519 0.707705 -9999 -9999
0.6205101 0.6319931 0.7093804 0.7899064 0.8157127 0.7513061 0.8434131 0.79974 0.7503738 0.7154452 0.7181169 0.6660671 0.6591589 0.6451745 0.7575077 0.7416803 0.7028016 0.6804382 0.6511294 0.6080307 0.5842679 0.6444244 0.6166884 0.5826686 0.5554674 0.5009429 0.4903667 0.474583 0.4651665 0.471177 0.4777046 0.4973342 0.5043881 0.5023816 0.4794407 0.4771274 0.4812707 0.4848568 0.4877089 0.489104 0.4913616 0.4953925 0.4997179 0.504328 0.5089241 0.5135081 0.5175859 0.5216132 0.5263501 0.5302336 0.5333256 0.5362008 0.540091 0.5505869 0.5605332 0.5719107 0.6005219 0.6236156 0.6143326 0.6392413 0.6439914 0.6634811 0.7080882 -9999 -9999
0.5996066 0.5755 0.6248826 0.6943454 0.7442588 0.7112483 0.7917942 0.7930029 0.7685999 0.7368649 0.7093947 0.6852241 0.6231893 0.6058014 0.6914828 0.7582476 0.7220955 0.6994129 0.677376 0.621823 0.6173958 0.630033 0.6538879 0.5928425 0.5622498 0.4971929 0.4697855 0.4787134 0.4980908 0.4846166 0.496951 0.4965878 0.5069149 0.5063079 0.4900151 0.4773466 0.479061 0.4809814 0.4820949 0.4837995 0.4872172 0.490715 -9999 -9999 -9999 -9999 -9999 -9999 -9999 0.527694 0.5303198 0.5342835 0.5363667 0.5416094 0.5577949 0.5783306 0.575256 0.5851312 0.581575 0.6434185 0.6573439 0.6678371 0.681999 -9999 -9999
0.5571963 0.5467131 0.5726982 0.6307596 0.7073843 0.6412045 0.6929276 0.7171313 0.7155959 0.7209775 0.6558691 0.6063069 0.5933641 0.5972403 0.6766033 0.7886464 0.7593318 0.6735884 0.6138717 0.5650536 0.5378363 0.5598844 0.6144271 0.5719925 0.4962252 0.4818422 0.5042253 0.5122999 0.5089333 0.5162122 0.5120233 0.490745 0.4844052 0.5080776 0.4937715 0.4756912 0.4736119 0.4737878 0.4752875 -9999 -9999 -9999 -9999 -9999 -9999 -9999 -9999 -9999 -9999 -9999 -9999 -9999 -9999 -9999 0.5547486 0.5742306 0.5499297 0.5634716 0.567182 0.6504142 0.6281367 0.6769494 0.6607768 0.5797273 0.5680935
0.5481825 0.5698951 0.6713848 0.6376426 0.6200339 0.6515344 0.6563911 0.6474048 0.6363902 0.6748526 0.6366378 0.6028609 0.6269926 0.5881126 0.6276172 0.7312052 0.6440543 0.6132298 0.5739307 0.5572275 0.5492809 0.5105819 0.5490834 0.5370725 0.4974337 0.5377325 0.5177696 0.5016128 0.4938261 0.5037726 0.5051587 0.4905844 0.4905985 0.4768238 0.4720794 0.4666311 0.4673292 0.4677862 -9999 -9999 -9999 -9999 -9999 -9999 -9999 -9999 -9999 -9999 -9999 -9999 -9999 -9999 -9999 -9999 0.5360605 0.5435923 0.540219 0.5438595 0.5605116 0.5831588 0.5899294 0.6487377 0.6305804 0.6439698 0.6126853
0.5523483 0.5500295 0.6585461 0.6921158 0.7028087 0.6074165 0.648044 0.6261476 0.6528025 0.582312 0.5647395 0.5917038 0.6249015 0.5794712 0.5792776 0.6343281 0.614854 0.6313577 0.6257697 0.5896853 0.6157885 0.583364 0.5336304 0.549183 0.5640168 0.5579991 0.5503132 0.5260691 0.5054245 0.4893565 0.4785685 0.4680321 0.4686238 0.4778796 0.4741332 0.4655554 0.4692392 0.4675818 0.4712087 -9999 -9999 -9999 -9999 -9999 -9999 -9999 -9999 -9999 -9999 -9999 -9999 -9999 -9999 -9999 -9999 -9999 -9999 -9999 0.550637 0.5543621 0.5654625 0.5738764 0.6232577 0.6505587 0.650823
0.533246 0.5330842 0.5687368 0.5727527 0.6246277 0.6010903 0.5814419 0.5568778 0.5519346 0.5497673 0.5524259 0.6058525 0.598637 0.5609522 0.5679928 0.604597 0.6551687 0.7091849 0.7416392 0.7160943 0.6531273 0.6555059 0.6366341 0.6022439 0.5662861 0.5608881 0.5409727 0.511674 0.5041241 0.4828128 0.4699328 0.5008229 0.5095102 0.5011833 0.4796528 0.478875 0.484174 0.4718083 -9999 -9999 -9999 -9999 -9999 -9999 -9999 -9999 -9999 -9999 -9999 -9999 -9999 -9999 -9999 -9999 -9999 -9999 -9999 -9999 -9999 0.549143 0.5779849 0.5895475 0.632317 -9999 -9999
0.5163599 0.5222586 0.5307747 0.5309315 0.5456481 0.5639008 0.5695902 0.5535536 0.5464646 0.5325027 0.5450252 0.5889109 0.5537326 0.5570809 0.5678517 0.6230614 0.6641139 0.7382125 0.8028486 0.7504202 0.6079665 0.6240345 0.6202683 0.585678 0.5840946 0.5245708 0.5525881 0.5244828 0.4795886 0.488101 0.503764 0.5062816 0.5068225 0.502524 0.4953134 0.4940045 0.4832983 0.4704827 0.466732 -9999 -9999 -9999 -9999 -9999 -9999 -9999 -9999 -9999 -9999 -9999 -9999 -9999 -9999 -9999 -9999 -9999 -9999 0.5781049 0.5938963 0.6392354 0.7142133 0.712439 0.7129828 -9999 -9999
0.5061024 0.5143766 0.5198707 0.5261382 0.5525852 0.5429932 0.5332199 0.5224337 0.528501 0.5259084 0.5359227 0.5520146 0.549742 0.5861042 0.6198205 0.6349433 0.7151651 0.7467077 0.7757338 0.7150057 0.6407824 0.5740232 0.6009332 0.551773 0.5582851 0.5487427 0.4930714 0.4789844 0.4864565 0.5026194 0.5160155 0.5056095 0.4946311 0.4768401 0.4815723 0.4715742 0.4751866 0.4701697 -9999 -9999 -9999 -9999 -9999 -9999 -9999 -9999 -9999 -9999 -9999 -9999 -9999 -9999 -9999 -9999 -9999 -9999 0.5867383 0.6876295 0.7235404 0.6559393 0.6698478 0.6513752 -9999 -9999 -9999
0.5105293 0.5113828 0.5071736 0.526521 0.5361692 0.526325 0.5169278 0.5223067 0.5442418 0.5630493 0.5364399 0.53154 0.5472822 0.581431 0.6133282 0.6161891 0.7001304 0.7774773 0.7599508 0.6845385 0.6124151 0.5667233 0.5686361 0.5580308 0.519412 0.5110816 0.5157033 0.4870835 0.5342999 0.5279121 0.5139051 0.497382 0.4862602 0.5054862 0.4865937 0.4924402 0.5115409 0.4721027 0.4648935 -9999 -9999 -9999 -9999 -9999 -9999 -9999 -9999 -9999 -9999 -9999 -9999 -9999 -9999 -9999 -9999 -9999 0.5650717 0.6019481 0.6250425 0.5734708 -9999 0.567656 -9999 -9999 -9999
0.5131511 0.5105379 0.5158347 0.5249966 0.5187369 0.5236974 0.5357049 0.5775334 0.6604486 0.5929803 0.55895 0.5476372 0.5450785 0.5465357 0.5731899 0.6176131 0.6199059 0.7111989 0.7477525 0.7138495 0.6238448 0.6231256 0.6223924 0.567884 0.5354965 0.5714517 0.5323989 0.5035819 0.5602807 0.5309756 0.5320138 0.51073 0.5253828 0.5073042 0.4949018 0.5151328 0.4937258 0.464437 -9999 -9999 -9999 -9999 -9999 -9999 -9999 -9999 -9999 -9999 -9999 -9999 -9999 -9999 -9999 -9999 -9999 -9999 -9999 0.54647 0.5445936 0.5509232 0.5538653 0.6056524 0.6061611 0.6252876 -9999
0.5183256 0.510626 0.5212672 0.5275506 0.5338548 0.5477914 0.5467938 0.5859464 0.6537977 0.6565951 0.6679026 0.5762311 0.5655614 0.5613348 0.5742184 0.6829354 0.6738451 0.7189568 0.7565282 0.6342903 0.6104835 0.6093853 0.6312975 0.5991951 0.5758698 0.5593991 0.5239548 0.5180594 0.5669478 0.5512853 0.5446942 0.5241212 0.5345607 0.4857075 0.5069925 0.5015712 0.4748592 -9999 -9999 -9999 -9999 -9999 -9999 -9999 -9999 -9999 -9999 -9999 -9999 -9999 -9999 -9999 -9999 -9999 -9999 -9999 -9999 -9999 0.542575 0.5509357 0.5811127 0.6131286 0.693998 0.7476697 0.6703243
0.5074461 0.5154338 0.5410522 0.5298759 0.5282105 0.5313459 0.5542306 0.5948825 0.657783 0.6481107 0.6604015 0.5908921 0.6232648 0.6399658 0.6445537 0.6974225 0.6736603 0.6936135 0.7112269 0.6232263 0.5583446 0.6093313 0.6223261 0.5847742 0.5723855 0.5767225 0.5401832 0.5235828 0.5604237 0.5527253 0.5450205 0.5433248 0.5162849 0.4673365 0.4642483 0.4613644 0.46029 -9999 -9999 -9999 -9999 -9999 -9999 -9999 -9999 -9999 -9999 -9999 -9999 -9999 -9999 -9999 -9999 -9999 -9999 -9999 -9999 -9999 0.542947 0.5634226 0.600092 0.7016497 0.7522404 0.8065566 0.8134884
0.5330417 0.5493021 0.5824034 0.5854931 0.5856879 0.5573119 0.5431756 0.5682111 0.5737029 0.5664403 0.5733296 0.5903285 0.6063406 0.668364 0.6177647 0.6436817 0.6468596 0.6803842 0.6798558 0.6215755 0.5615673 0.5546687 0.6033108 0.5773925 0.5673732 0.5474068 0.555676 0.5766754 0.5532392 0.5715494 0.5237428 0.4939252 0.4808619 0.4631316 0.4554707 -9999 -9999 -9999 -9999 -9999 -9999 -9999 -9999 -9999 -9999 -9999 -9999 -9999 -9999 -9999 -9999 -9999 -9999 -9999 -9999 -9999 -9999 0.5480065 0.5659374 0.6217862 0.6830455 0.8073326 0.8771695 0.7731999 0.7090878
0.5337857 0.5499341 0.5513674 0.5832916 0.5600893 0.6127341 0.584136 0.5392489 0.528676 0.5373432 0.5750098 0.6509436 0.614502 0.5859417 0.5891664 0.6263731 0.638 0.6957966 0.7404037 0.6032057 0.5780753 0.5468358 0.5403801 0.5860749 0.5400441 0.5584199 0.5473799 0.5664594 0.5703862 0.566202 0.5536997 0.5240142 0.4886828 0.4573672 -9999 -9999 -9999 -9999 -9999 -9999 -9999 -9999 -9999 -9999 -9999 -9999 -9999 -9999 -9999 -9999 -9999 -9999 -9999 -9999 -9999 -9999 -9999 0.55353 0.5917304 0.7728366 0.8720118 0.7891952 0.7725754 0.6804882 0.644359
0.5500715 0.5587199 0.5505798 0.546704 0.5456654 0.6362501 0.6000795 0.5414903 -9999 0.5371482 0.5688618 0.5954131 0.5829034 0.5825859 0.6170427 0.7081384 0.6792571 0.6774104 0.7213139 0.6704913 0.5901689 0.5448618 0.5638144 0.5172312 0.5097799 0.4895138 0.5208767 0.5639311 0.5625007 0.5621518 0.5222937 0.4856543 0.4647929 -9999 -9999 -9999 -9999 -9999 -9999 -9999 -9999 -9999 -9999 -9999 -9999 -9999 -9999 -9999 -9999 -9999 -9999 -9999 -9999 -9999 -9999 0.532285 0.5395992 0.5464788 0.6020487 0.7485828 0.7427871 0.6922394 0.6572095 0.6142092 0.6380553
0.5599927 0.5603707 0.5572224 0.5511979 0.5601037 0.6391786 0.6300866 0.5482631 0.5425009 0.54214 0.55289 0.5689285 0.6062483 0.6468036 0.6490196 0.7533894 0.75194 0.6975498 0.7121112 0.685208 0.6182228 0.5497117 0.5924659 0.5673612 0.5200008 0.4827653 0.4799824 0.4963163 0.5011133 0.5058673 0.4893698 0.4711157 -9999 -9999 -9999 -9999 -9999 -9999 -9999 -9999 -9999 -9999 -9999 -9999 -9999 -9999 -9999 -9999 -9999 -9999 -9999 -9999 -9999 -9999 -9999 0.5605037 0.5667737 0.5591923 0.6033365 0.7036666 0.7352864 0.6765779 0.6495224 -9999 -9999
0.5641829 0.5613725 0.5578064 0.5540715 0.5534849 0.639175 0.6070427 0.6254901 0.5774983 0.5558628 0.5684199 0.6143579 0.640516 0.6856279 0.6830679 0.7052368 0.7911929 0.6832062 0.6642408 0.6496308 0.5870954 0.5792367 0.5930326 0.5598552 0.5278012 0.5272939 0.5307597 0.4908003 0.4705839 0.4659129 0.4569897 0.4533715 -9999 -9999 -9999 -9999 -9999 -9999 -9999 -9999 -9999 -9999 -9999 -9999 -9999 -9999 -9999 -9999 -9999 -9999 -9999 -9999 -9999 -9999 -9999 0.5602074 0.5697448 0.5637412 0.5587873 0.6246023 0.7046692 0.6958116 0.6981005 -9999 -9999
0.5666631 0.5655421 0.562191 0.5583992 0.553442 0.5852649 0.6080561 0.5789639 0.6372319 0.6575803 0.6159183 0.6179083 0.5985093 0.615419 0.6498336 0.6734331 0.768939 0.6614928 0.5961496 0.6121463 0.6244292 0.5997291 0.5584521 0.5661071 0.5560983 0.524773 0.4876447 0.474698 0.465607 0.4591112 0.4566056 0.4559589 0.4552109 -9999 -9999 -9999 -9999 -9999 -9999 -9999 -9999 -9999 -9999 -9999 -9999 -9999 -9999 -9999 -9999 -9999 -9999 -9999 -9999 -9999 -9999 -9999 0.5459577 0.54522 0.5499296 0.6171734 0.6446762 0.6689095 0.717607 -9999 -9999
0.5678008 0.5690617 0.5647056 0.5614184 0.5532146 0.5569292 0.5595244 0.5535032 0.5696198 0.5763629 0.5661784 0.5672048 0.5651996 0.5691563 0.5785143 0.611377 0.5997364 0.5856279 0.5615643 0.5605023 0.5843261 0.5195503 0.5105788 0.5468454 0.5492503 0.5271886 0.4795951 0.490997 0.4734626 0.4660334 0.4592104 0.4562458 -9999 -9999 -9999 -9999 -9999 -9999 -9999 -9999 -9999 -9999 -9999 -9999 -9999 -9999 -9999 -9999 -9999 -9999 -9999 -9999 -9999 -9999 -9999 -9999 -9999 -9999 -9999 0.5840626 0.6052078 0.5966387 -9999 -9999 -9999
0.5729002 0.5660422 0.5617232 0.560207 0.5577474 0.5533881 0.5575665 0.5517068 0.5574844 0.5603659 0.5621269 0.5638511 0.5842347 0.575404 0.5752983 0.574833 0.5819883 0.544847 0.5227907 0.5037439 0.5001014 0.4860854 0.4968773 0.4859434 0.4840506 0.4827238 0.4665779 0.4697802 0.4720378 0.4641683 0.4603558 0.4575168 -9999 -9999 -9999 -9999 -9999 -9999 -9999 -9999 -9999 -9999 -9999 -9999 -9999 -9999 -9999 -9999 -9999 -9999 -9999 -9999 -9999 -9999 -9999 -9999 -9999 -9999 -9999 0.5892276 0.6505933 0.5857965 -9999 -9999 -9999
0.5785372 0.5749663 0.570661 0.5672303 0.5552098 0.5576798 0.5426087 0.5448155 0.5653722 0.573813 0.5923964 0.6025757 0.5803279 0.5535035 0.546121 0.562436 0.5901504 0.5882553 0.5615012 0.5334271 0.4913207 0.4881032 0.5197356 0.5015266 0.4846994 0.4711204 0.4694038 0.465387 0.4668681 0.4611805 0.46042 0.4591843 -9999 -9999 -9999 -9999 -9999 -9999 -9999 -9999 -9999 -9999 -9999 -9999 -9999 -9999 -9999 -9999 -9999 -9999 -9999 -9999 -9999 -9999 -9999 -9999 -9999 -9999 -9999 -9999 -9999 -9999 -9999 -9999 -9999
0.5827508 0.5816459 0.580021 0.5771605 0.5587094 0.5279877 0.5111895 0.5640702 0.5531421 0.5734435 0.5934848 0.5882649 0.5592381 0.5254241 0.5661014 0.586593 0.5867016 0.5661337 0.5272767 0.5049381 0.5286609 0.542448 0.5242708 0.5136775 0.4973601 0.483291 0.4793245 0.4800164 0.4701772 0.4635563 0.4608957 -9999 -9999 -9999 -9999 -9999 -9999 -9999 -9999 -9999 -9999 -9999 -9999 -9999 -9999 -9999 -9999 -9999 -9999 -9999 -9999 -9999 -9999 -9999 0.5545243 0.5501772 0.5654711 0.5540666 0.5480227 0.5999348 0.6126509 0.636966 -9999 -9999 -9999
0.5873302 0.5911137 0.5885015 0.5704717 0.5750207 0.5790823 0.5108724 0.5120098 0.5065014 0.5319157 0.5359646 0.529356 0.5518633 0.5087385 0.5356751 0.5584991 0.5572363 0.5830401 0.5408584 0.5427152 0.5329635 0.5255612 0.5148203 0.4974191 0.4980452 0.483017 0.4744326 0.4678333 0.4748768 0.4655323 -9999 -9999 -9999 -9999 -9999 -9999 -9999 -9999 -9999 -9999 -9999 -9999 -9999 -9999 -9999 -9999 -9999 -9999 -9999 -9999 -9999 -9999 -9999 0.5655497 0.5795416 0.5905226 0.6298139 0.6023459 0.6068699 0.6697917 0.6885968 0.6645317 -9999 -9999 -9999
