Code_and_data/Tas_Plant_GDM_Files/ASCII grids/precip_pet_ratio_2100_1km.asc
ncols         470
nrows         479
xllcorner     143.8
yllcorner     -43.7425
cellsize      0.01
NODATA_value  -9999
[rows 280 to 307 of 479, columns 130 to 194 of 470]
2.018816 2.032579 2.0104 1.885453 1.836271 1.947913 2.135814 2.213515 2.272307 2.319502 2.360008 2.329431 2.423424 2.398591 2.425414 2.522652 2.521723 2.376897 2.355085 2.464664 2.639424 2.63186 2.945701 3.049175 2.573593 2.255933 2.168404 2.226722 2.126602 2.109192 2.331326 2.431484 2.498539 2.452716 2.294974 2.236039 2.166003 2.088818 2.241144 2.510056 2.43135 2.210296 2.561921 3.066473 3.171459 3.284286 3.586334 3.281379 2.843971 2.398814 2.155374 2.131789 2.339366 2.61609 2.758479 2.58035 2.327296 2.516407 2.600049 2.579034 2.672039 2.616793 2.664863 2.768585 2.856019
2.011333 2.062159 2.108361 1.97379 1.917413 1.958698 2.009519 2.048805 2.067965 2.089797 2.201633 2.31847 2.36515 2.413523 2.288759 2.475391 2.340012 2.158248 2.435478 2.379387 2.095323 2.39163 2.522731 2.437531 2.28201 2.282371 2.235534 2.600817 2.568759 2.291309 2.210532 2.314148 2.171048 2.057288 2.067683 2.144552 2.111578 2.213197 2.338053 2.31614 2.314279 2.411741 2.392293 2.958782 3.040748 3.296395 3.752044 3.313743 3.008576 2.869944 2.414333 2.245612 2.54154 2.844629 2.355764 2.727639 2.482728 2.484813 2.526817 2.45051 2.64155 2.667592 2.737581 2.850164 3.077242
1.966549 2.023042 2.060432 2.031246 2.08023 2.165287 2.093746 2.264557 2.289288 2.294057 2.001127 2.30887 2.503823 2.524451 2.291671 2.328384 2.147337 2.328865 2.516184 2.253213 2.142006 2.285445 2.434572 2.692532 2.789254 2.827439 2.832076 3.017746 2.963198 2.544002 2.341964 2.371619 2.19376 2.492261 2.227968 2.089149 2.124545 2.010533 2.011101 2.05357 2.180043 2.253596 2.174096 2.275035 2.437699 2.810123 3.120408 3.354949 3.158841 3.000606 2.559631 2.627791 2.845264 2.915455 2.504501 2.370614 2.71237 2.694037 2.558982 2.543458 2.771682 2.697421 2.789875 2.931652 2.891009
1.944116 2.014394 2.072016 2.069412 2.108325 2.199791 2.297163 2.274314 2.259625 2.154342 2.1271 2.21195 2.240616 2.548598 2.238666 2.163185 2.264636 2.172429 2.15313 2.276212 2.394564 2.407226 2.570137 2.755472 2.917057 2.962665 2.925722 3.052223 2.877677 3.006429 2.830088 2.778578 2.424497 2.461039 2.29439 2.203665 2.325999 2.161942 2.314296 2.56719 2.398102 2.212828 2.280146 2.410609 2.298637 2.347594 2.656773 3.092989 3.189625 2.989489 2.587209 2.865809 3.007114 2.724239 2.307878 2.641354 2.973501 3.074202 3.018792 2.754153 2.614583 2.557935 2.646711 2.679036 2.645978
1.954245 2.037459 2.103012 2.135605 2.161278 2.245927 2.338287 2.390396 2.311435 2.361474 2.314148 2.383651 2.138036 2.081792 2.14866 2.35471 2.578243 2.458704 2.205669 2.405473 2.770631 2.710303 2.89107 2.875921 2.94231 2.815086 2.915717 3.046986 3.331432 3.190205 3.079014 2.925325 2.647157 2.862555 2.54495 2.351912 2.396406 2.42618 2.669301 3.27373 3.165735 2.686986 2.702551 3.111525 2.654245 2.502625 2.731006 3.073081 3.19126 2.865389 3.061087 3.429878 3.363975 2.943732 2.637985 2.847468 3.144934 3.453367 3.283148 3.12889 3.090933 2.813999 2.650779 2.597139 2.636611
2.04318 2.23138 2.296824 2.211795 2.236134 2.297611 2.415434 2.571601 2.623751 2.502784 2.391325 2.368501 2.259317 2.473177 2.496095 2.299321 2.469289 2.707179 2.562005 2.532325 2.871717 3.024309 2.934533 3.01333 3.028692 2.876568 2.927377 3.156306 3.318115 3.144294 2.98035 2.690657 3.129447 3.11624 2.663659 2.458201 2.543665 2.534287 2.830861 3.311991 2.954355 2.955904 3.328643 3.337515 2.859341 3.042678 3.211905 3.398911 3.244497 3.47196 4.116341 4.529955 4.069133 3.132334 2.859282 2.544564 2.761914 3.072255 2.992188 3.278642 3.653538 3.301002 3.021933 2.769651 2.810939
2.036676 2.188653 2.290549 2.185784 2.231349 2.285798 2.389738 2.508014 2.554347 2.431052 2.441086 2.454993 2.526842 2.767073 2.656279 2.396642 2.414902 2.709743 2.724196 2.674522 2.794867 2.953811 2.947401 2.974252 2.913292 2.905898 2.856862 3.075362 2.960135 2.872408 3.134465 2.893796 3.188449 3.427494 3.251112 2.694277 2.608858 2.853362 3.239269 3.419852 3.228527 3.251894 3.628543 3.41032 3.089859 3.305789 3.368499 3.395931 3.82093 4.413928 4.67378 4.231153 3.966631 3.220876 2.913771 2.763256 2.653042 2.711194 2.993183 3.392753 3.261007 2.984668 3.195352 3.122946 2.950094
1.918622 2.04831 2.12346 2.172809 2.266823 2.361473 2.411543 2.446377 2.407936 2.497659 2.841022 2.9503 2.833818 2.882386 2.743152 2.507546 2.620943 2.612942 2.749258 2.729445 2.789217 2.955792 2.985774 2.820739 2.808518 2.733152 2.72807 2.751932 2.703233 2.744843 2.981906 3.02653 3.132248 3.358817 3.410269 3.217666 2.9558 2.759601 3.129424 3.399413 3.266376 3.435215 3.838099 3.62157 3.39479 3.500774 3.764497 3.610401 4.387181 4.437045 4.144215 4.010828 3.673949 3.221616 3.122232 2.946938 2.757454 2.652532 2.980695 3.05625 2.86433 2.95542 3.110414 3.371063 3.106065
2.004184 2.36362 2.503699 2.376671 2.272365 2.57903 2.863821 2.592392 2.534213 2.566603 2.756264 2.992946 3.24553 3.031795 2.758054 2.597417 2.752644 2.706215 2.685532 2.67961 2.761331 2.823321 2.769333 2.812628 2.904153 2.74435 2.673823 2.675585 2.660588 2.683926 2.775375 2.955267 3.210304 3.400609 3.381069 3.427798 3.183568 3.361048 3.320693 3.136554 3.39555 3.942347 4.291396 4.149407 4.012991 3.601812 3.744162 3.864884 4.189471 4.018014 3.777962 3.50198 3.571985 3.320194 2.95357 2.895389 2.737369 2.583632 2.661426 2.611811 2.673467 2.89674 2.96891 3.057593 3.133602
2.028568 2.341634 2.679306 2.642778 2.380148 2.756055 3.396331 3.398339 3.098842 2.920158 3.109455 3.31484 3.097885 2.827473 2.60797 2.610589 2.831811 2.925753 2.819779 2.72567 2.718902 2.81767 2.733715 2.798115 2.803107 2.801075 2.664232 2.669072 2.708164 2.754553 3.024664 3.302104 3.641697 3.504402 3.610803 3.465974 3.681667 3.73641 3.641106 3.36548 3.716969 4.368042 4.512677 4.636899 4.515881 3.923069 3.861003 3.893463 3.939064 3.894228 3.644572 3.326271 3.185974 3.058122 2.832088 3.008168 3.228285 3.004186 2.635024 2.457384 2.599049 2.609334 2.866325 2.92651 3.11245
1.868908 2.025527 2.286283 2.644608 2.617208 2.736193 3.34383 3.659513 3.340978 3.070921 3.169186 3.334593 3.451195 3.009208 2.717908 2.663797 2.741397 2.928583 2.910593 2.797325 2.763739 2.804952 2.747928 2.763716 2.761622 2.822729 2.724533 2.701591 2.812467 2.800862 2.97894 3.24265 3.362992 3.324243 3.669438 3.63303 3.834663 3.93109 3.866699 3.753521 4.216531 4.307263 4.293319 4.217455 4.072953 3.712798 3.99815 3.982668 4.005032 4.022508 3.631072 3.533689 3.295652 2.92687 2.965077 3.19351 3.454489 3.134701 2.95201 2.912089 2.593855 2.507559 2.683736 2.538221 2.570437
1.807973 1.927684 2.073107 2.180691 2.282107 2.446102 2.864464 3.120296 3.455675 3.409391 3.411218 3.524788 3.794871 3.361749 2.842593 2.728887 2.760927 2.990235 2.946087 2.887693 2.879845 2.830777 2.764264 2.728484 2.695392 2.745472 2.682795 2.660465 2.734281 2.749497 2.926345 3.314291 2.993623 2.933979 3.092343 3.212077 3.515254 3.986568 4.112616 4.082628 3.989223 3.983556 4.052423 3.92287 3.759931 3.660342 3.90009 3.732779 3.772401 3.94157 3.64191 3.432761 3.223801 3.198845 3.129539 3.518803 3.41266 3.137009 3.498492 3.270665 2.813717 2.693604 2.477923 2.503776 2.417403
1.697026 1.760104 1.961552 2.220509 2.300284 2.305318 2.819466 3.175385 3.435913 3.69111 3.651047 3.712101 3.700174 3.176858 2.887778 2.843125 2.80398 2.874223 2.939121 3.03066 3.110166 2.947497 2.729239 2.670803 2.680974 2.63535 2.626835 2.687853 2.697688 2.72931 2.802979 2.810815 2.866847 2.933012 3.019787 3.274503 3.645169 4.0175 4.142882 3.846127 3.757401 3.754358 3.758721 3.706114 3.605348 3.591173 3.705632 3.619966 3.70728 3.652204 3.511017 3.37439 3.560423 3.590046 3.385894 3.637962 3.53074 3.317425 4.012117 3.755571 3.191847 2.825729 2.847101 2.934503 2.742735
-9999 1.696117 1.85282 2.101274 2.131323 2.184247 2.442356 2.710766 3.078562 3.365153 3.600271 3.866883 4.028156 3.368515 2.998538 2.796927 2.933575 3.015154 3.024909 3.016328 3.003314 2.825204 2.804361 2.685329 2.642256 2.589063 2.645054 2.816336 2.88468 2.925789 2.797577 2.701051 2.773149 2.98237 3.284441 3.522547 4.115105 4.437665 4.151426 3.955395 3.862346 3.677022 3.613021 3.561975 3.518476 3.640643 4.015922 3.742094 3.803822 3.930567 3.53562 3.569538 3.357133 3.497013 3.873727 3.806142 3.525118 3.361892 3.704329 3.878382 3.443849 2.968319 3.087363 3.285367 2.96589
-9999 -9999 1.749518 2.008574 2.052865 2.065418 2.194603 2.326003 2.602606 3.105343 3.222149 3.283324 3.624746 3.27981 2.866086 2.655846 2.798326 2.846959 2.906839 2.951935 3.012674 2.919257 2.900543 2.741229 2.670429 2.576406 2.665962 2.707056 2.6998 2.766552 2.729676 2.738252 2.82912 2.981779 3.361261 3.800607 4.356058 4.786475 4.396327 4.219742 4.053747 3.787748 3.545383 3.395861 3.416033 3.543691 3.809887 3.747769 3.790575 3.716726 3.582809 3.365362 3.403316 3.542161 4.090388 4.277344 4.135106 3.955749 3.576365 3.69411 3.571514 3.304747 3.382862 3.544397 3.527312
-9999 -9999 -9999 1.704493 1.823206 1.911954 2.128347 2.290393 2.634261 3.068522 3.00938 2.914259 2.815856 2.644954 2.570982 2.439322 2.546758 2.557089 2.71949 2.805924 2.936037 2.993468 3.058362 2.780633 2.657484 2.577773 2.579778 2.662363 2.696774 2.643275 2.734006 2.802472 2.888318 3.047517 3.417224 3.736291 3.912147 4.272424 4.229689 4.107247 3.890787 3.840524 3.548407 3.295222 3.19458 3.487867 3.510238 3.504867 3.584794 3.556525 3.722866 3.51033 3.456159 3.627086 4.034627 4.273476 3.91838 3.96204 3.840707 3.42093 3.618665 3.708732 3.640409 3.692225 3.627119
-9999 -9999 -9999 -9999 -9999 1.787356 2.032346 2.159291 2.304191 2.431841 2.513568 2.427811 2.349895 2.243132 2.33201 2.278812 2.516826 2.478302 2.673379 2.791727 2.962447 3.034011 3.235229 3.073179 2.689826 2.589281 2.592716 2.752565 2.689741 2.667079 2.795264 2.849604 2.88676 2.935979 3.185179 3.342209 3.623239 3.796598 3.941377 3.919852 3.683254 3.818329 3.597001 3.342942 2.913489 3.410327 3.446698 3.683309 4.109337 4.062183 3.91567 3.925304 3.608696 3.655985 3.935614 4.162669 3.701148 3.644058 3.455235 3.623461 3.145326 3.404563 3.481943 3.630063 3.645525
-9999 -9999 -9999 -9999 -9999 1.66295 1.729883 1.827782 1.997081 2.182112 2.250241 2.140754 2.007897 1.953878 2.126039 2.095958 2.365478 2.297781 2.415665 2.676054 3.102624 3.475437 3.60488 3.369242 2.914209 2.589779 2.562776 2.587906 2.72618 2.873979 2.757234 2.722652 2.712325 2.811979 3.139006 3.273498 3.40296 3.350629 3.423048 3.682302 3.63662 3.555144 3.463562 3.15089 3.2456 3.561376 3.51453 3.846569 4.51274 4.110198 4.160064 4.053869 3.688757 3.924793 4.050459 4.000946 3.47033 3.467463 3.202497 3.515589 3.191246 2.961234 3.187939 3.193978 3.194117
-9999 -9999 -9999 -9999 -9999 -9999 -9999 1.71289 1.79093 1.94656 1.832785 1.885694 1.948505 2.17268 2.148911 2.130681 2.085807 2.204884 2.468513 2.306293 2.661545 2.899862 2.840839 2.876274 3.040901 2.980397 2.841314 2.62237 3.084472 2.880256 2.73647 2.756268 2.743775 2.765435 3.009423 3.074789 3.124164 3.310524 3.537999 3.933323 3.703787 3.595333 3.292468 2.830697 3.440428 3.623226 3.608354 4.004008 4.458324 4.471112 4.347905 4.027831 3.928987 4.126667 3.979124 3.814281 3.671191 3.425364 3.088137 2.938529 2.989567 2.854995 2.954792 2.951102 2.941876
-9999 -9999 -9999 -9999 -9999 -9999 -9999 -9999 1.70219 1.763953 1.818426 1.984023 2.140884 2.049785 2.080896 2.170277 2.311842 2.282406 2.16429 2.210623 2.196901 2.268341 2.374518 2.54134 2.542161 2.548705 2.569784 2.484061 2.588866 2.621753 2.914229 2.98071 2.809996 2.855451 2.851157 2.880464 3.172153 3.447688 3.660171 3.845863 3.671771 3.55707 3.090972 3.183863 3.557825 3.64135 3.702257 4.200345 4.480277 4.487767 4.362415 4.213851 4.068861 4.004696 3.970333 3.958563 3.943798 3.879231 3.243228 2.889196 3.049903 3.184828 3.148426 3.405545 3.338676
-9999 -9999 -9999 -9999 -9999 -9999 -9999 -9999 -9999 1.7186 1.751219 1.818247 1.913694 1.951797 2.035862 2.186112 2.381586 2.320554 2.176585 2.456491 2.385377 2.284809 2.246707 2.332104 2.541295 2.754453 2.734655 2.676844 2.60533 2.651573 2.793195 2.952828 2.876854 2.761928 2.873889 2.822503 3.055668 3.250316 3.630409 3.597932 3.188607 3.056382 3.152091 3.591009 3.661224 3.682342 3.799989 4.32778 4.634068 4.380716 4.212743 4.14619 4.032716 3.947948 4.027146 3.982332 3.938232 3.585589 3.217114 2.907015 3.112557 3.547551 3.702419 3.6773 3.696166
-9999 -9999 -9999 -9999 -9999 -9999 -9999 -9999 -9999 -9999 1.740817 1.793308 1.839411 1.929961 2.006619 2.127342 2.238069 2.458935 2.484369 2.51211 2.52342 2.554303 2.529959 2.40465 2.47637 2.642131 2.693047 2.806866 2.763232 2.801665 2.688949 2.735281 2.796168 2.71655 2.783409 2.979146 2.762724 3.088325 3.393027 3.258493 2.732511 3.095379 3.828901 3.630428 3.610058 3.708335 3.999198 4.49799 4.499458 4.228762 4.291863 4.317554 4.186334 4.048278 3.947976 3.893345 3.917705 3.873433 3.265084 2.892247 3.090652 3.493247 4.127812 4.268177 3.967885
-9999 -9999 -9999 -9999 -9999 -9999 -9999 -9999 -9999 -9999 1.74027 1.77236 1.828625 1.938241 2.024162 2.180181 2.326891 2.4237 2.473673 2.464429 2.429207 2.481889 2.568829 2.61933 2.669517 2.622763 2.653084 2.923704 2.962086 2.820893 2.772497 2.999943 3.1608 3.02445 2.881561 2.841583 2.707532 2.957041 2.751985 2.763348 3.036199 3.717723 3.537984 3.480954 3.820848 3.887251 4.219008 4.511376 4.414324 4.257371 4.209064 4.256166 4.207761 3.945398 3.777609 3.95552 3.919608 4.028445 3.557024 2.971092 3.06728 3.512276 4.172838 4.452074 4.306967
-9999 -9999 -9999 -9999 -9999 -9999 -9999 -9999 -9999 -9999 -9999 1.760299 1.805172 1.893121 2.045352 2.141785 2.252935 2.258119 2.388005 2.441654 2.301777 2.473311 2.435334 2.636684 2.73994 2.566546 2.570031 2.933909 3.265584 3.292241 2.949224 3.005156 3.187811 3.310903 3.25545 2.994397 2.562166 2.569621 2.994481 3.196528 3.46917 3.512593 3.294939 3.636369 4.029629 3.885932 4.046523 4.26447 4.289548 4.24567 4.288014 4.322968 4.315569 4.143408 3.763202 3.624177 3.744663 4.004859 3.66915 2.982389 3.070948 3.621589 4.01681 4.004312 3.860848
-9999 -9999 -9999 -9999 -9999 -9999 -9999 -9999 -9999 -9999 -9999 1.75545 1.780667 1.831206 1.8968 1.941879 2.000296 2.07453 2.208704 2.224752 2.314739 2.358579 2.341056 2.409541 2.496402 2.534761 2.746418 2.9068 2.969832 3.138981 3.029212 2.968582 3.00015 3.14214 3.161084 3.117669 2.646195 2.694279 3.081436 3.246341 3.229312 3.242345 3.190915 3.612592 3.772462 3.855457 4.350294 4.427255 4.34551 4.334157 4.461264 4.569574 4.425504 4.350829 4.080165 3.496175 3.521955 3.917327 3.57631 2.987521 3.057981 3.506287 3.488474 3.45232 3.479297
-9999 -9999 -9999 -9999 -9999 -9999 -9999 -9999 -9999 -9999 -9999 -9999 1.77505 1.801175 1.852549 1.866257 1.921141 2.067392 2.233615 2.245878 2.370392 2.444171 2.592109 2.584215 2.619879 2.797467 2.886293 2.949794 2.809364 2.998993 3.052114 2.914802 2.935778 3.099508 3.167399 2.875041 2.650409 2.663393 2.765094 3.014695 3.191587 3.058823 3.125561 3.35493 3.481716 3.669517 4.268098 4.61906 4.559123 4.580888 4.413986 4.505216 4.409491 4.312017 3.994456 3.510587 3.555923 4.091001 3.711042 2.982037 2.973796 3.091702 3.034755 2.997715 3.045736
-9999 -9999 -9999 -9999 -9999 -9999 -9999 -9999 -9999 -9999 -9999 -9999 -9999 1.791284 1.819811 1.839239 1.922244 2.022914 2.058882 2.16528 2.272536 2.46004 2.575612 2.586316 2.568835 2.788018 2.778996 2.725776 2.757376 2.904118 2.956896 2.94184 2.775658 3.340704 3.337311 2.775442 2.499803 2.651011 3.029561 3.161382 3.121084 2.98335 3.101799 3.369754 3.529642 3.618119 3.752449 4.281737 4.2206 4.281154 3.869562 3.917936 4.116043 4.064548 3.696011 3.33049 3.55125 3.691743 3.263246 3.025155 3.254851 3.228484 3.338549 3.304189 3.122977
-9999 -9999 -9999 -9999 -9999 -9999 -9999 -9999 -9999 -9999 -9999 -9999 -9999 1.78795 1.804222 1.860964 1.864365 1.880525 1.923127 1.992361 2.182214 2.160936 2.297104 2.414228 2.55827 2.732673 2.913664 2.538095 2.825341 2.829165 2.697135 2.947446 2.62179 3.258161 3.187275 2.718609 2.899312 3.160929 3.102593 2.864072 2.924183 3.259385 3.321465 3.453976 3.529603 3.506044 3.539143 3.555859 3.520221 3.485461 3.410288 3.449701 3.467751 3.422262 3.325623 3.248044 3.107975 3.016875 3.000652 3.153329 3.41033 3.632303 3.629795 3.55858 3.444308
